100111101010001011010100110101100000000000000000000000000000000000000000000000011011110110001101
100111101010001011010100110101100000000000000000000000000000000000000000000000101110010011100001
100111101010001011010100110101100000000000000000000000000000000000000000000000001111011000000001
100111101010001011010100110101100000000000000000000000000000000000000000000000111000101110110110
100111101010001011010100110101100000000000000000000000000000000000000000000000111111001101000101
100111101010001011010100110101100000000000000000000000000000000000000000000000100000101100111101
100111101010001011010100110101100000000000000000000000000000000000000000000000010101011000010010
100111101010001011010100110101100000000000000000000000000000000000000000000000110000011111001100
100111101010001011010100110101100000000000000000000000000000000000000000000000010110010000101001
100111101010001011010100110101100000000000000000000000000000000000000000000000100101010010101011
100111101010001011010100110101100000000000000000000000000000000000000000000000110010110111100110
100111101010001011010100110101100000000000000000000000000000000000000000000000100011110010011000
100111101010001011010100110101100000000000000000000000000000000000000000000001001000000011101110
100111101010001011010100110101100000000000000000000000000000000000000000000000101110011101011011
100111101010001011010100110101100000000000000000000000000000000000000000000001000101001111001000
100111101010001011010100110101100000000000000000000000000000000000000000000000101011010111110100
100111101010001011010100110101100000000000000000000000000000000000000000000001000011100111100010
100111101010001011010100110101100000000000000000000000000000000000000000000000100110000011101011
100111101010001011010100110101100000000000000000000000000000000000000000000000111100011100011000
100111101010001011010100110101100000000000000000000000000000000000000000000000110101010001111001
100111101010001011010100110101100000000000000000000000000000000000000000000000111010111000000101
100111101010001011010100110101100000000000000000000000000000000000000000000000011001110010000110
100111101010001011010100110101100000000000000000000000000000000000000000000000110110111111111100
100111101010001011010100110101100000000000000000000000000000000000000000000000110011011011110101
100111101010001011010100110101100000000000000000000000000000000000000000000001000110010010110010
100111101010001011010100110101100000000000000000000000000000000000000000000000000100001001000111
100111101010001011010100110101100000000000000000000000000000000000000000000000110010100000100001
100111101010001011010100110101100000000000000000000000000000000000000000000000001011111011101110
100111101010001011010100110101100000000000000000000000000000000000000000000000101110101111100101
100111101010001011010100110101100000000000000000000000000000000000000000000000110010111100101111
100111101010001011010100110101100000000000000000000000000000000000000000000000110001001110110010
100111101010001011010100110101100000000000000000000000000000000000000000000000001000001001010001
100111101010001011010100110101100000000000000000000000000000000000000000000000110001011000110111
100111101010001011010100110101100000000000000000000000000000000000000000000000000111001011100001
100111101010001011010100110101100000000000000000000000000000000000000000000000000110011000000110
100111101010001011010100110101100000000000000000000000000000000000000000000000010001011010011010
100111101010001011010100110101100000000000000000000000000000000000000000000000110100001101101010
100111101010001011010100110101100000000000000000000000000000000000000000000000011011100100111011
100111101010001011010100110101100000000000000000000000000000000000000000000000011011001101000001
100111101010001011010100110101100000000000000000000000000000000000000000000000010010110101011010
100111101010001011010100110101100000000000000000000000000000000000000000000000011101110101100001
100111101010001011010100110101100000000000000000000000000000000000000000000000011001010011111001
100111101010001011010100110101100000000000000000000000000000000000000000000000111110101100101000
100111101010001011010100110101100000000000000000000000000000000000000000000000110111000100011001
100111101010001011010100110101100000000000000000000000000000000000000000000000100001011010101001
100111101010001011010100110101100000000000000000000000000000000000000000000000101001000001000110
100111101010001011010100110101100000000000000000000000000000000000000000000000010000101000000011
100111101010001011010100110101100000000000000000000000000000000000000000000001000001101111110000
100111101010001011010100110101100000000000000000000000000000000000000000000000111111101110100101
100111101010001011010100110101100000000000000000000000000000000000000000000000100001101000100000
100111101010001011010100110101100000000000000000000000000000000000000000000000111101110010110010
100111101010001011010100110101100000000000000000000000000000000000000000000001001000010001110000
100111101010001011010100110101100000000000000000000000000000000000000000000000100000100001011001
100111101010001011010100110101100000000000000000000000000000000000000000000000101011101001101100
100111101010001011010100110101100000000000000000000000000000000000000000000001000101001001001011
100111101010001011010100110101100000000000000000000000000000000000000000000000111110100001011100
100111101010001011010100110101100000000000000000000000000000000000000000000001001001000000001010
100111101010001011010100110101100000000000000000000000000000000000000000000000011011100111010110
100111101010001011010100110101100000000000000000000000000000000000000000000000010100000000000101
100111101010001011010100110101100000000000000000000000000000000000000000000000111000000100000010
100111101010001011010100110101100000000000000000000000000000000000000000000000001000001000110111
100111101010001011010100110101100000000000000000000000000000000000000000000000101110000111011101
100111101010001011010100110101100000000000000000000000000000000000000000000000101001011100111001
100111101010001011010100110101100000000000000000000000000000000000000000000001000110011001001001
100111101010001011010100110101100000000000000000000000000000000000000000000000000010100101110010
100111101010001011010100110101100000000000000000000000000000000000000000000000111001111111011111
100111101010001011010100110101100000000000000000000000000000000000000000000001001000101111001011
100111101010001011010100110101100000000000000000000000000000000000000000000000010011000010101001
100111101010001011010100110101100000000000000000000000000000000000000000000000000010101111111111
100111101010001011010100110101100000000000000000000000000000000000000000000000110101011110010100
100111101010001011010100110101100000000000000000000000000000000000000000000000010001111001010110
100111101010001011010100110101100000000000000000000000000000000000000000000000101010010001111001
100111101010001011010100110101100000000000000000000000000000000000000000000000000100000010100000
100111101010001011010100110101100000000000000000000000000000000000000000000000011000111101000110
100111101010001011010100110101100000000000000000000000000000000000000000000001000000000111111000
100111101010001011010100110101100000000000000000000000000000000000000000000000010111100111010111
100111101010001011010100110101100000000000000000000000000000000000000000000000011110000100101100
100111101010001011010100110101100000000000000000000000000000000000000000000000110110001001110111
100111101010001011010100110101100000000000000000000000000000000000000000000000111111110101010001
100111101010001011010100110101100000000000000000000000000000000000000000000000011000000001011110
100111101010001011010100110101100000000000000000000000000000000000000000000001000101110011000011
100111101010001011010100110101100000000000000000000000000000000000000000000000111100010001100001
100111101010001011010100110101100000000000000000000000000000000000000000000001000011100000110000
100111101010001011010100110101100000000000000000000000000000000000000000000000110010100000110011
100111101010001011010100110101100000000000000000000000000000000000000000000001000100000000111110
100111101010001011010100110101100000000000000000000000000000000000000000000000100000010010011101
100111101010001011010100110101100000000000000000000000000000000000000000000000010001100001010110
100111101010001011010100110101100000000000000000000000000000000000000000000001001000100101001100
100111101010001011010100110101100000000000000000000000000000000000000000000000110101110001110100
100111101010001011010100110101100000000000000000000000000000000000000000000000110010010101010001
100111101010001011010100110101100000000000000000000000000000000000000000000000100100010011011111
100111101010001011010100110101100000000000000000000000000000000000000000000000001000111011010000
100111101010001011010100110101100000000000000000000000000000000000000000000000100001110001000011
100111101010001011010100110101100000000000000000000000000000000000000000000001000000011110011011
100111101010001011010100110101100000000000000000000000000000000000000000000000100110111101100100
100111101010001011010100110101100000000000000000000000000000000000000000000000101101010011110001
100111101010001011010100110101100000000000000000000000000000000000000000000000110010100100010101
100111101010001011010100110101100000000000000000000000000000000000000000000000111100110011011001
100111101010001011010100110101100000000000000000000000000000000000000000000000111110111000000110
100111101010001011010100110101100000000000000000000000000000000000000000000000011101111001110000
100111101010001011010100110101100000000000000000000000000000000000000000000001001000100101101001
100111101010001011010100110101100000000000000000000000000000000000000000000000101010111110011011
100111101010001011010100110101100000000000000000000000000000000000000000000000001100110011101111
100111101010001011010100110101100000000000000000000000000000000000000000000000001010001001111111
100111101010001011010100110101100000000000000000000000000000000000000000000000010110001010000001
100111101010001011010100110101100000000000000000000000000000000000000000000000000110110011110111
100111101010001011010100110101100000000000000000000000000000000000000000000000010011111000000110
100111101010001011010100110101100000000000000000000000000000000000000000000000001010011100000001
100111101010001011010100110101100000000000000000000000000000000000000000000000000001000100010011
100111101010001011010100110101100000000000000000000000000000000000000000000000001010101010011000
100111101010001011010100110101100000000000000000000000000000000000000000000000110000110100111100
100111101010001011010100110101100000000000000000000000000000000000000000000000010100010111000001
100111101010001011010100110101100000000000000000000000000000000000000000000000001000111111101111
100111101010001011010100110101100000000000000000000000000000000000000000000000001000110011001011
100111101010001011010100110101100000000000000000000000000000000000000000000000010000011100011011
100111101010001011010100110101100000000000000000000000000000000000000000000000101000111100101001
100111101010001011010100110101100000000000000000000000000000000000000000000001000100100000011000
100111101010001011010100110101100000000000000000000000000000000000000000000000101010101100010001
100111101010001011010100110101100000000000000000000000000000000000000000000000100001100111110110
100111101010001011010100110101100000000000000000000000000000000000000000000001000001001110110101
100111101010001011010100110101100000000000000000000000000000000000000000000000100011110100110100
100111101010001011010100110101100000000000000000000000000000000000000000000000101110101100001101
100111101010001011010100110101100000000000000000000000000000000000000000000000101010110010100010
100111101010001011010100110101100000000000000000000000000000000000000000000000001110000011100011
100111101010001011010100110101100000000000000000000000000000000000000000000000111000000000101011
100111101010001011010100110101100000000000000000000000000000000000000000000000010000001001111010
100111101010001011010100110101100000000000000000000000000000000000000000000000111101001111001011
100111101010001011010100110101100000000000000000000000000000000000000000000000111101111100001001
100111101010001011010100110101100000000000000000000000000000000000000000000000000011111001000101
100111101010001011010100110101100000000000000000000000000000000000000000000001000101010111011010
100111101010001011010100110101100000000000000000000000000000000000000000000001000000010011010111
100111101010001011010100110101100000000000000000000000000000000000000000000000011100010100111101
100111101010001011010100110101100000000000000000000000000000000000000000000000001101110000101111
100111101010001011010100110101100000000000000000000000000000000000000000000000100101000011001001
100111101010001011010100110101100000000000000000000000000000000000000000000000110000101010100110
100111101010001011010100110101100000000000000000000000000000000000000000000000010110100011011010
100111101010001011010100110101100000000000000000000000000000000000000000000000011010010101011101
100111101010001011010100110101100000000000000000000000000000000000000000000000110011001000010011
100111101010001011010100110101100000000000000000000000000000000000000000000001000101010111110100
100111101010001011010100110101100000000000000000000000000000000000000000000000111010111110110010
100111101010001011010100110101100000000000000000000000000000000000000000000000111000001000111111
100111101010001011010100110101100000000000000000000000000000000000000000000000111011011111101111
100111101010001011010100110101100000000000000000000000000000000000000000000000010000000111010000
100111101010001011010100110101100000000000000000000000000000000000000000000000000110111110010110
100111101010001011010100110101100000000000000000000000000000000000000000000000010101011001110100
100111101010001011010100110101100000000000000000000000000000000000000000000000001011001100001110
100111101010001011010100110101100000000000000000000000000000000000000000000000000111111101101101
100111101010001011010100110101100000000000000000000000000000000000000000000000111000111001111101
100111101010001011010100110101100000000000000000000000000000000000000000000000010100100100010010
100111101010001011010100110101100000000000000000000000000000000000000000000001000010011010001000
100111101010001011010100110101100000000000000000000000000000000000000000000000101101010000001010
100111101010001011010100110101100000000000000000000000000000000000000000000000011101101111111111
100111101010001011010100110101100000000000000000000000000000000000000000000000010100011010100101
100111101010001011010100110101100000000000000000000000000000000000000000000000000101000110100001
100111101010001011010100110101100000000000000000000000000000000000000000000000100110111100101101
100111101010001011010100110101100000000000000000000000000000000000000000000000011100010000110101
100111101010001011010100110101100000000000000000000000000000000000000000000000011101110001001010
100111101010001011010100110101100000000000000000000000000000000000000000000000110010110011011001
100111101010001011010100110101100000000000000000000000000000000000000000000000001011101010110000
100111101010001011010100110101100000000000000000000000000000000000000000000000101101101001110001
100111101010001011010100110101100000000000000000000000000000000000000000000000101101010101100100
100111101010001011010100110101100000000000000000000000000000000000000000000001000101100011111011
100111101010001011010100110101100000000000000000000000000000000000000000000001000100100001101001
100111101010001011010100110101100000000000000000000000000000000000000000000000110100000000001011
100111101010001011010100110101100000000000000000000000000000000000000000000001000100111100100001
100111101010001011010100110101100000000000000000000000000000000000000000000000100100010000101000
100111101010001011010100110101100000000000000000000000000000000000000000000001000110011010000110
100111101010001011010100110101100000000000000000000000000000000000000000000001001000000011101100
100111101010001011010100110101100000000000000000000000000000000000000000000000101110010110110010
100111101010001011010100110101100000000000000000000000000000000000000000000000000011010111010111
100111101010001011010100110101100000000000000000000000000000000000000000000000100000100001110011
100111101010001011010100110101100000000000000000000000000000000000000000000000101010110100011001
100111101010001011010100110101100000000000000000000000000000000000000000000000001011101010100000
100111101010001011010100110101100000000000000000000000000000000000000000000001000110110010110000
100111101010001011010100110101100000000000000000000000000000000000000000000000001101101010010111
100111101010001011010100110101100000000000000000000000000000000000000000000000100111101011101101
100111101010001011010100110101100000000000000000000000000000000000000000000000100011101001101010
100111101010001011010100110101100000000000000000000000000000000000000000000000011111010101111110
100111101010001011010100110101100000000000000000000000000000000000000000000000100001000110100001
100111101010001011010100110101100000000000000000000000000000000000000000000000011000001001111011
100111101010001011010100110101100000000000000000000000000000000000000000000000010110011101111011
100111101010001011010100110101100000000000000000000000000000000000000000000000011111010010000110
100111101010001011010100110101100000000000000000000000000000000000000000000000110111010100000001
100111101010001011010100110101100000000000000000000000000000000000000000000000110100010110000100
100111101010001011010100110101100000000000000000000000000000000000000000000000000011110010011001
100111101010001011010100110101100000000000000000000000000000000000000000000001000100110011110001
100111101010001011010100110101100000000000000000000000000000000000000000000000010010110011001110
100111101010001011010100110101100000000000000000000000000000000000000000000000001000010101100110
100111101010001011010100110101100000000000000000000000000000000000000000000000000001110101010010
100111101010001011010100110101100000000000000000000000000000000000000000000000011100101011010100
100111101010001011010100110101100000000000000000000000000000000000000000000000110110101011110001
100111101010001011010100110101100000000000000000000000000000000000000000000000001010000010100011
100111101010001011010100110101100000000000000000000000000000000000000000000000010100101101101100
100111101010001011010100110101100000000000000000000000000000000000000000000001000000010011010101
100111101010001011010100110101100000000000000000000000000000000000000000000000111011101010101010
100111101010001011010100110101100000000000000000000000000000000000000000000000110000001001111011
100111101010001011010100110101100000000000000000000000000000000000000000000000110010010100111100
100111101010001011010100110101100000000000000000000000000000000000000000000000001111000011010110
100111101010001011010100110101100000000000000000000000000000000000000000000000110000110000010100
100111101010001011010100110101100000000000000000000000000000000000000000000000001110101110000011
