001111011110011010000000000000000000000000000000000000000000000010011110101000101101010011010110
000011110100111100000000000000000000000000000000000000000000000010011110101000101101010011010110
001100001111011010000000000000000000000000000000000000000000000010011110101000101101010011010110
100000011101010110000000000000000000000000000000000000000000000010011110101000101101010011010110
110001010101111000100000000000000000000000000000000000000000000010011110101000101101010011010110
011101111001100000100000000000000000000000000000000000000000000010011110101000101101010011010110
011000101101001000000000000000000000000000000000000000000000000010011110101000101101010011010110
011110110110000100100000000000000000000000000000000000000000000010011110101000101101010011010110
100000110110000110000000000000000000000000000000000000000000000010011110101000101101010011010110
000110000001101000100000000000000000000000000000000000000000000010011110101000101101010011010110
010111101011111000000000000000000000000000000000000000000000000010011110101000101101010011010110
010101010010111010000000000000000000000000000000000000000000000010011110101000101101010011010110
000001111011001010000000000000000000000000000000000000000000000010011110101000101101010011010110
111110010100001000100000000000000000000000000000000000000000000010011110101000101101010011010110
111100010100100100000000000000000000000000000000000000000000000010011110101000101101010011010110
010100111001011010000000000000000000000000000000000000000000000010011110101000101101010011010110
100111100100001011000000000000000000000000000000000000000000000010011110101000101101010011010110
110000111101100011000000000000000000000000000000000000000000000010011110101000101101010011010110
100010010100011110000000000000000000000000000000000000000000000010011110101000101101010011010110
100001011111011010000000000000000000000000000000000000000000000010011110101000101101010011010110
001101110011111101000000000000000000000000000000000000000000000010011110101000101101010011010110
001011011011110111000000000000000000000000000000000000000000000010011110101000101101010011010110
010000110111111101000000000000000000000000000000000000000000000010011110101000101101010011010110
011000010111001000100000000000000000000000000000000000000000000010011110101000101101010011010110
110011111101001000000000000000000000000000000000000000000000000010011110101000101101010011010110
100111111110001001000000000000000000000000000000000000000000000010011110101000101101010011010110
100000111110100111000000000000000000000000000000000000000000000010011110101000101101010011010110
011111110100000000100000000000000000000000000000000000000000000010011110101000101101010011010110
111001001000101111000000000000000000000000000000000000000000000010011110101000101101010011010110
011101111110010010000000000000000000000000000000000000000000000010011110101000101101010011010110
100011101101101001000000000000000000000000000000000000000000000010011110101000101101010011010110
000011000010000000000000000000000000000000000000000000000000000010011110101000101101010011010110
011110001111000001000000000000000000000000000000000000000000000010011110101000101101010011010110
011010011001101010000000000000000000000000000000000000000000000010011110101000101101010011010110
110110011010010100000000000000000000000000000000000000000000000010011110101000101101010011010110
001111000101111001000000000000000000000000000000000000000000000010011110101000101101010011010110
110001111110110011000000000000000000000000000000000000000000000010011110101000101101010011010110
000111001001111000000000000000000000000000000000000000000000000010011110101000101101010011010110
010010110011100101000000000000000000000000000000000000000000000010011110101000101101010011010110
110111111001010000000000000000000000000000000000000000000000000010011110101000101101010011010110
011100110110111000000000000000000000000000000000000000000000000010011110101000101101010011010110
001110000001000111000000000000000000000000000000000000000000000010011110101000101101010011010110
011110010001111100000000000000000000000000000000000000000000000010011110101000101101010011010110
001011010101001001000000000000000000000000000000000000000000000010011110101000101101010011010110
001101111011011110000000000000000000000000000000000000000000000010011110101000101101010011010110
101011001010000110000000000000000000000000000000000000000000000010011110101000101101010011010110
010011100000110100000000000000000000000000000000000000000000000010011110101000101101010011010110
001110011110100110000000000000000000000000000000000000000000000010011110101000101101010011010110
010111111000101100000000000000000000000000000000000000000000000010011110101000101101010011010110
010010111111110011000000000000000000000000000000000000000000000010011110101000101101010011010110
101101111010110111000000000000000000000000000000000000000000000010011110101000101101010011010110
101001000011000010000000000000000000000000000000000000000000000010011110101000101101010011010110
000111100111110100000000000000000000000000000000000000000000000010011110101000101101010011010110
000100101100111110000000000000000000000000000000000000000000000010011110101000101101010011010110
111001100000111000100000000000000000000000000000000000000000000010011110101000101101010011010110
010001111001111000100000000000000000000000000000000000000000000010011110101000101101010011010110
100010111001000001000000000000000000000000000000000000000000000010011110101000101101010011010110
011011010011010101000000000000000000000000000000000000000000000010011110101000101101010011010110
011011010100101111000000000000000000000000000000000000000000000010011110101000101101010011010110
001011010011011000000000000000000000000000000000000000000000000010011110101000101101010011010110
100001000000000110000000000000000000000000000000000000000000000010011110101000101101010011010110
101111110111010110000000000000000000000000000000000000000000000010011110101000101101010011010110
000000001101100100000000000000000000000000000000000000000000000010011110101000101101010011010110
000100111001111001000000000000000000000000000000000000000000000010011110101000101101010011010110
001111001010101010000000000000000000000000000000000000000000000010011110101000101101010011010110
010101111010000010000000000000000000000000000000000000000000000010011110101000101101010011010110
010111110010000101000000000000000000000000000000000000000000000010011110101000101101010011010110
100101110001000011000000000000000000000000000000000000000000000010011110101000101101010011010110
010001101111101000000000000000000000000000000000000000000000000010011110101000101101010011010110
100010001001110110000000000000000000000000000000000000000000000010011110101000101101010011010110
110001101110010000100000000000000000000000000000000000000000000010011110101000101101010011010110
110010000101000000000000000000000000000000000000000000000000000010011110101000101101010011010110
010110001001000111000000000000000000000000000000000000000000000010011110101000101101010011010110
010001110101110110000000000000000000000000000000000000000000000010011110101000101101010011010110
110101000111001000000000000000000000000000000000000000000000000010011110101000101101010011010110
111110101110111110000000000000000000000000000000000000000000000010011110101000101101010011010110
010111110001011001000000000000000000000000000000000000000000000010011110101000101101010011010110
001111101101010001000000000000000000000000000000000000000000000010011110101000101101010011010110
100100010011010000000000000000000000000000000000000000000000000010011110101000101101010011010110
110101100001000000000000000000000000000000000000000000000000000010011110101000101101010011010110
110011000110111111000000000000000000000000000000000000000000000010011110101000101101010011010110
101110110001100100000000000000000000000000000000000000000000000010011110101000101101010011010110
100000101101111110000000000000000000000000000000000000000000000010011110101000101101010011010110
101011000000110000000000000000000000000000000000000000000000000010011110101000101101010011010110
001010010011100000100000000000000000000000000000000000000000000010011110101000101101010011010110
011010001110100000100000000000000000000000000000000000000000000010011110101000101101010011010110
100001010110010000100000000000000000000000000000000000000000000010011110101000101101010011010110
011001001011110110000000000000000000000000000000000000000000000010011110101000101101010011010110
001001000110100000000000000000000000000000000000000000000000000010011110101000101101010011010110
100110100111111100000000000000000000000000000000000000000000000010011110101000101101010011010110
011011001011111011000000000000000000000000000000000000000000000010011110101000101101010011010110
001000101010000110000000000000000000000000000000000000000000000010011110101000101101010011010110
111101011011100011000000000000000000000000000000000000000000000010011110101000101101010011010110
011011000101011000000000000000000000000000000000000000000000000010011110101000101101010011010110
000011001110010010000000000000000000000000000000000000000000000010011110101000101101010011010110
001011111100001001000000000000000000000000000000000000000000000010011110101000101101010011010110
100010110110000101000000000000000000000000000000000000000000000010011110101000101101010011010110
000011100011100000100000000000000000000000000000000000000000000010011110101000101101010011010110
011101000000111111000000000000000000000000000000000000000000000010011110101000101101010011010110
000001110101111011000000000000000000000000000000000000000000000010011110101000101101010011010110
001010111001101110000000000000000000000000000000000000000000000010011110101000101101010011010110
101111010011100000000000000000000000000000000000000000000000000010011110101000101101010011010110
100000000110110011000000000000000000000000000000000000000000000010011110101000101101010011010110
111110110000010001000000000000000000000000000000000000000000000010011110101000101101010011010110
100001011100001001000000000000000000000000000000000000000000000010011110101000101101010011010110
011101010000111011000000000000000000000000000000000000000000000010011110101000101101010011010110
101110000011010100000000000000000000000000000000000000000000000010011110101000101101010011010110
001010111111001100000000000000000000000000000000000000000000000010011110101000101101010011010110
111011101111110101000000000000000000000000000000000000000000000010011110101000101101010011010110
110000010010010111000000000000000000000000000000000000000000000010011110101000101101010011010110
100011100010011010000000000000000000000000000000000000000000000010011110101000101101010011010110
011010011111000111000000000000000000000000000000000000000000000010011110101000101101010011010110
011100011011101011000000000000000000000000000000000000000000000010011110101000101101010011010110
001101010000000010000000000000000000000000000000000000000000000010011110101000101101010011010110
010010011101001101000000000000000000000000000000000000000000000010011110101000101101010011010110
011001110001100010000000000000000000000000000000000000000000000010011110101000101101010011010110
001001010000011010000000000000000000000000000000000000000000000010011110101000101101010011010110
111100001110011001000000000000000000000000000000000000000000000010011110101000101101010011010110
111000110100001010000000000000000000000000000000000000000000000010011110101000101101010011010110
101111100111011000100000000000000000000000000000000000000000000010011110101000101101010011010110
010101001010010100000000000000000000000000000000000000000000000010011110101000101101010011010110
001000010001011001000000000000000000000000000000000000000000000010011110101000101101010011010110
010010100100100110000000000000000000000000000000000000000000000010011110101000101101010011010110
111011100100000100100000000000000000000000000000000000000000000010011110101000101101010011010110
001000011110110010000000000000000000000000000000000000000000000010011110101000101101010011010110
000110001010010001000000000000000000000000000000000000000000000010011110101000101101010011010110
000001101110111000100000000000000000000000000000000000000000000010011110101000101101010011010110
100101100110010001000000000000000000000000000000000000000000000010011110101000101101010011010110
000010001000010000000000000000000000000000000000000000000000000010011110101000101101010011010110
101011101101000000000000000000000000000000000000000000000000000010011110101000101101010011010110
010101100101010000100000000000000000000000000000000000000000000010011110101000101101010011010110
111101110001101111000000000000000000000000000000000000000000000010011110101000101101010011010110
000111111110001010000000000000000000000000000000000000000000000010011110101000101101010011010110
011111110100011100000000000000000000000000000000000000000000000010011110101000101101010011010110
011000111110100110000000000000000000000000000000000000000000000010011110101000101101010011010110
110000101110000001000000000000000000000000000000000000000000000010011110101000101101010011010110
111101011110010011000000000000000000000000000000000000000000000010011110101000101101010011010110
101001110001000000100000000000000000000000000000000000000000000010011110101000101101010011010110
100000010111110101000000000000000000000000000000000000000000000010011110101000101101010011010110
001110011011100000100000000000000000000000000000000000000000000010011110101000101101010011010110
010111111101000100000000000000000000000000000000000000000000000010011110101000101101010011010110
101110110100011011000000000000000000000000000000000000000000000010011110101000101101010011010110
010101000011010001000000000000000000000000000000000000000000000010011110101000101101010011010110
111001010110100101000000000000000000000000000000000000000000000010011110101000101101010011010110
001000010100100101000000000000000000000000000000000000000000000010011110101000101101010011010110
011111100000100100100000000000000000000000000000000000000000000010011110101000101101010011010110
110111111011000000000000000000000000000000000000000000000000000010011110101000101101010011010110
011101010000011000000000000000000000000000000000000000000000000010011110101000101101010011010110
000000101111010110000000000000000000000000000000000000000000000010011110101000101101010011010110
111100111011000111000000000000000000000000000000000000000000000010011110101000101101010011010110
100111101001001010000000000000000000000000000000000000000000000010011110101000101101010011010110
110010111110010011000000000000000000000000000000000000000000000010011110101000101101010011010110
011010110110000111000000000000000000000000000000000000000000000010011110101000101101010011010110
011101100011111000000000000000000000000000000000000000000000000010011110101000101101010011010110
001111000100111001000000000000000000000000000000000000000000000010011110101000101101010011010110
100100110110011100000000000000000000000000000000000000000000000010011110101000101101010011010110
101101011010000000000000000000000000000000000000000000000000000010011110101000101101010011010110
001010010101001001000000000000000000000000000000000000000000000010011110101000101101010011010110
010111111001000100000000000000000000000000000000000000000000000010011110101000101101010011010110
111110001100010011000000000000000000000000000000000000000000000010011110101000101101010011010110
010000100011110101000000000000000000000000000000000000000000000010011110101000101101010011010110
100011010110101010000000000000000000000000000000000000000000000010011110101000101101010011010110
100001001010110110000000000000000000000000000000000000000000000010011110101000101101010011010110
011011000011000001000000000000000000000000000000000000000000000010011110101000101101010011010110
100111010010000000100000000000000000000000000000000000000000000010011110101000101101010011010110
100110111010100011000000000000000000000000000000000000000000000010011110101000101101010011010110
101111100011100111000000000000000000000000000000000000000000000010011110101000101101010011010110
000000000111111000100000000000000000000000000000000000000000000010011110101000101101010011010110
010011110001101111000000000000000000000000000000000000000000000010011110101000101101010011010110
011000111011101111000000000000000000000000000000000000000000000010011110101000101101010011010110
010011001001110100000000000000000000000000000000000000000000000010011110101000101101010011010110
010011010110010110000000000000000000000000000000000000000000000010011110101000101101010011010110
100011110100111001000000000000000000000000000000000000000000000010011110101000101101010011010110
011100011110110110000000000000000000000000000000000000000000000010011110101000101101010011010110
101001100000000100000000000000000000000000000000000000000000000010011110101000101101010011010110
100111011110001011000000000000000000000000000000000000000000000010011110101000101101010011010110
101010000101111011000000000000000000000000000000000000000000000010011110101000101101010011010110
010100001010100101000000000000000000000000000000000000000000000010011110101000101101010011010110
111101001100010000000000000000000000000000000000000000000000000010011110101000101101010011010110
001111011011010110000000000000000000000000000000000000000000000010011110101000101101010011010110
101101101001001100000000000000000000000000000000000000000000000010011110101000101101010011010110
100011010101110010000000000000000000000000000000000000000000000010011110101000101101010011010110
000010010110110010000000000000000000000000000000000000000000000010011110101000101101010011010110
110101000001001100000000000000000000000000000000000000000000000010011110101000101101010011010110
110000100011110101000000000000000000000000000000000000000000000010011110101000101101010011010110
100011011001100111000000000000000000000000000000000000000000000010011110101000101101010011010110
110100011101111001000000000000000000000000000000000000000000000010011110101000101101010011010110
101100001001011000100000000000000000000000000000000000000000000010011110101000101101010011010110
010111101111010100000000000000000000000000000000000000000000000010011110101000101101010011010110
111101001101101110000000000000000000000000000000000000000000000010011110101000101101010011010110
101010111100111110000000000000000000000000000000000000000000000010011110101000101101010011010110
101001110001010111000000000000000000000000000000000000000000000010011110101000101101010011010110
010000011011100001000000000000000000000000000000000000000000000010011110101000101101010011010110
111011110000111101000000000000000000000000000000000000000000000010011110101000101101010011010110
001010001101001011000000000000000000000000000000000000000000000010011110101000101101010011010110
101110001111101111000000000000000000000000000000000000000000000010011110101000101101010011010110
001000110101110101000000000000000000000000000000000000000000000010011110101000101101010011010110
111111101110111100000000000000000000000000000000000000000000000010011110101000101101010011010110
100010010100011101000000000000000000000000000000000000000000000010011110101000101101010011010110
111111011110100001000000000000000000000000000000000000000000000010011110101000101101010011010110
010010000000111011000000000000000000000000000000000000000000000010011110101000101101010011010110
110000000000100110000000000000000000000000000000000000000000000010011110101000101101010011010110
011101000100011000000000000000000000000000000000000000000000000010011110101000101101010011010110
010000011110101011000000000000000000000000000000000000000000000010011110101000101101010011010110
010010110101001000000000000000000000000000000000000000000000000010011110101000101101010011010110
110100011111010001000000000000000000000000000000000000000000000010011110101000101101010011010110
011100100010001110000000000000000000000000000000000000000000000010011110101000101101010011010110
111111110100100100000000000000000000000000000000000000000000000010011110101000101101010011010110
000100010110111111000000000000000000000000000000000000000000000010011110101000101101010011010110
100010010110111011000000000000000000000000000000000000000000000010011110101000101101010011010110
100000100000011011000000000000000000000000000000000000000000000010011110101000101101010011010110
101010110011000000000000000000000000000000000000000000000000000010011110101000101101010011010110
101111111101010001000000000000000000000000000000000000000000000010011110101000101101010011010110
100001001000100100000000000000000000000000000000000000000000000010011110101000101101010011010110
011011100000110100000000000000000000000000000000000000000000000010011110101000101101010011010110
100101100101001110000000000000000000000000000000000000000000000010011110101000101101010011010110
000110100010110110000000000000000000000000000000000000000000000010011110101000101101010011010110
110001000100011010000000000000000000000000000000000000000000000010011110101000101101010011010110
100001100001001101000000000000000000000000000000000000000000000010011110101000101101010011010110
011100000101100110000000000000000000000000000000000000000000000010011110101000101101010011010110
011010011100000100000000000000000000000000000000000000000000000010011110101000101101010011010110
000111001100010000000000000000000000000000000000000000000000000010011110101000101101010011010110
011101000100000000100000000000000000000000000000000000000000000010011110101000101101010011010110
101001011010110111000000000000000000000000000000000000000000000010011110101000101101010011010110
001010001101110101000000000000000000000000000000000000000000000010011110101000101101010011010110
110111010001001011000000000000000000000000000000000000000000000010011110101000101101010011010110
001001101010001100000000000000000000000000000000000000000000000010011110101000101101010011010110
001111010011101010000000000000000000000000000000000000000000000010011110101000101101010011010110
011000100001100011000000000000000000000000000000000000000000000010011110101000101101010011010110
100001000111111111000000000000000000000000000000000000000000000010011110101000101101010011010110
010001111110101111000000000000000000000000000000000000000000000010011110101000101101010011010110
010100010101111010000000000000000000000000000000000000000000000010011110101000101101010011010110
001000111000110001000000000000000000000000000000000000000000000010011110101000101101010011010110
101010001100110110000000000000000000000000000000000000000000000010011110101000101101010011010110
111010001101001011000000000000000000000000000000000000000000000010011110101000101101010011010110
111000111010101110000000000000000000000000000000000000000000000010011110101000101101010011010110
100001001001010001000000000000000000000000000000000000000000000010011110101000101101010011010110
111101111001101110000000000000000000000000000000000000000000000010011110101000101101010011010110
111010111010010001000000000000000000000000000000000000000000000010011110101000101101010011010110
000111010101110110000000000000000000000000000000000000000000000010011110101000101101010011010110
110010101011000111000000000000000000000000000000000000000000000010011110101000101101010011010110
010000100010101101000000000000000000000000000000000000000000000010011110101000101101010011010110
110111111100010010000000000000000000000000000000000000000000000010011110101000101101010011010110
100101110111111000000000000000000000000000000000000000000000000010011110101000101101010011010110
010101101111111101000000000000000000000000000000000000000000000010011110101000101101010011010110
001001010011000100100000000000000000000000000000000000000000000010011110101000101101010011010110
111100101111000100100000000000000000000000000000000000000000000010011110101000101101010011010110
100011110110111010000000000000000000000000000000000000000000000010011110101000101101010011010110
110011110000111101000000000000000000000000000000000000000000000010011110101000101101010011010110
100011100011000100000000000000000000000000000000000000000000000010011110101000101101010011010110
111101101011000011000000000000000000000000000000000000000000000010011110101000101101010011010110
011011101000011101000000000000000000000000000000000000000000000010011110101000101101010011010110
011111011110011100000000000000000000000000000000000000000000000010011110101000101101010011010110
100111001000011111000000000000000000000000000000000000000000000010011110101000101101010011010110
000100010111111010000000000000000000000000000000000000000000000010011110101000101101010011010110
001000111011110000100000000000000000000000000000000000000000000010011110101000101101010011010110
010000100011010011000000000000000000000000000000000000000000000010011110101000101101010011010110
100110010111000100100000000000000000000000000000000000000000000010011110101000101101010011010110
100101100010100010000000000000000000000000000000000000000000000010011110101000101101010011010110
100000110111000000000000000000000000000000000000000000000000000010011110101000101101010011010110
010111011101100010000000000000000000000000000000000000000000000010011110101000101101010011010110
101101001010011100000000000000000000000000000000000000000000000010011110101000101101010011010110
001110011111000101000000000000000000000000000000000000000000000010011110101000101101010011010110
101110001101000000100000000000000000000000000000000000000000000010011110101000101101010011010110
011010100111110101000000000000000000000000000000000000000000000010011110101000101101010011010110
010100011111010000000000000000000000000000000000000000000000000010011110101000101101010011010110
101100101001110001000000000000000000000000000000000000000000000010011110101000101101010011010110
100010101001010010000000000000000000000000000000000000000000000010011110101000101101010011010110
001000010010101001000000000000000000000000000000000000000000000010011110101000101101010011010110
011000010111010011000000000000000000000000000000000000000000000010011110101000101101010011010110
110011100101111001000000000000000000000000000000000000000000000010011110101000101101010011010110
001001100110001111000000000000000000000000000000000000000000000010011110101000101101010011010110
000000100010100011000000000000000000000000000000000000000000000010011110101000101101010011010110
100111010010100101000000000000000000000000000000000000000000000010011110101000101101010011010110
111011001000110011000000000000000000000000000000000000000000000010011110101000101101010011010110
101101011111011001000000000000000000000000000000000000000000000010011110101000101101010011010110
101110101000000111000000000000000000000000000000000000000000000010011110101000101101010011010110
100000011110101111000000000000000000000000000000000000000000000010011110101000101101010011010110
011110001000110000000000000000000000000000000000000000000000000010011110101000101101010011010110
000100110000010000100000000000000000000000000000000000000000000010011110101000101101010011010110
001011010001111010000000000000000000000000000000000000000000000010011110101000101101010011010110
110110010100100010000000000000000000000000000000000000000000000010011110101000101101010011010110
000001100101100000100000000000000000000000000000000000000000000010011110101000101101010011010110
110111000101111010000000000000000000000000000000000000000000000010011110101000101101010011010110
110001100111001011000000000000000000000000000000000000000000000010011110101000101101010011010110
110111001100010010000000000000000000000000000000000000000000000010011110101000101101010011010110
111010110110101001000000000000000000000000000000000000000000000010011110101000101101010011010110
101010010100111010000000000000000000000000000000000000000000000010011110101000101101010011010110
000011110101001110000000000000000000000000000000000000000000000010011110101000101101010011010110
001011101110001110000000000000000000000000000000000000000000000010011110101000101101010011010110
111000001000011000100000000000000000000000000000000000000000000010011110101000101101010011010110
010011100000011100000000000000000000000000000000000000000000000010011110101000101101010011010110
001110100010011110000000000000000000000000000000000000000000000010011110101000101101010011010110
001110110111111111000000000000000000000000000000000000000000000010011110101000101101010011010110
010101101010110101000000000000000000000000000000000000000000000010011110101000101101010011010110
110111110100101111000000000000000000000000000000000000000000000010011110101000101101010011010110
000000101110010000100000000000000000000000000000000000000000000010011110101000101101010011010110
101101001111000100100000000000000000000000000000000000000000000010011110101000101101010011010110
010010001110011000000000000000000000000000000000000000000000000010011110101000101101010011010110
010101001100010011000000000000000000000000000000000000000000000010011110101000101101010011010110
