111110000010000101011000010000000011011011111010010100000100010001100000010111101110011001011000
111110000010000101011000010000000011011011111010010100000100011010101010001001101111011101011110
111110000010000101011000010000000011011011111010010100000100011101101100011010100001011110100111
111110000010000101011000010000000011011011111010010100000100001011101011010000101101011100111101
111110000010000101011000010000000011011011111010010100000100001011011001110101100001001111111101
111110000010000101011000010000000011011011111010010100000100110111100110001100000111111010111000
111110000010000101011000010000000011011011111010010100000100010111110101110110101100011101100010
111110000010000101011000010000000011011011111010010100000100110110100001011101100110101000011011
111110000010000101011000010000000011011011111010010100000100100110101010010111111101101110110010
111110000010000101011000010000000011011011111010010100000100111111110000010001011011001011100000
111110000010000101011000010000000011011011111010010100000100001000110001010110101101010000010101
111110000010000101011000010000000011011011111010010100000100111101001010100011111101100000111010
111110000010000101011000010000000011011011111010010100000100000001100000000011000010011110010110
111110000010000101011000010000000011011011111010010100000100101100011101111100000001010111101011
111110000010000101011000010000000011011011111010010100000100101001101011101000011011100101010000
111110000010000101011000010000000011011011111010010100000100110111001000011100001101100100001110
111110000010000101011000010000000011011011111010010100000100010001010000000000000010110111010011
111110000010000101011000010000000011011011111010010100000100111001011011110011111101100101010100
111110000010000101011000010000000011011011111010010100000100111110000101110111100101011000111011
111110000010000101011000010000000011011011111010010100000100100111111011110000111101110100010011
111110000010000101011000010000000011011011111010010100000100001111011010010010001100111100000001
111110000010000101011000010000000011011011111010010100000100000110000111111000100010000010100011
111110000010000101011000010000000011011011111010010100000100001001010011001001011111010110101111
111110000010000101011000010000000011011011111010010100000100100110111001111011010101100001010000
111110000010000101011000010000000011011011111010010100000100001101001111100101111111111111000100
111110000010000101011000010000000011011011111010010100000100101010110101011001110001111110000010
111110000010000101011000010000000011011011111010010100000100001100111111001101011011000000000000
111110000010000101011000010000000011011011111010010100000100011010000101010110101001110100011011
111110000010000101011000010000000011011011111010010100000100100000100000110000001011011101011000
111110000010000101011000010000000011011011111010010100000100101011001101110010001100111010111001
111110000010000101011000010000000011011011111010010100000100101011111010101110010100100110110011
111110000010000101011000010000000011011011111010010100000100110111101110110001111100110100010100
111110000010000101011000010000000011011011111010010100000100111010110000110100011100111101001100
111110000010000101011000010000000011011011111010010100000100000011011111100110110011000011001110
111110000010000101011000010000000011011011111010010100000100101011110100001001111111111000010010
111110000010000101011000010000000011011011111010010100000100010100000110011110101110001000000111
111110000010000101011000010000000011011011111010010100000100001110000001111100100000100110010110
111110000010000101011000010000000011011011111010010100000100011101000010101101111000010010101010
111110000010000101011000010000000011011011111010010100000100000011010010011101000000001000001111
111110000010000101011000010000000011011011111010010100000100110100111111010010100101111001001110
111110000010000101011000010000000011011011111010010100000100011100110101111011101001011110101101
111110000010000101011000010000000011011011111010010100000100100010111011011100101110110000001011
111110000010000101011000010000000011011011111010010100000100100010000110010111011101000111001111
111110000010000101011000010000000011011011111010010100000100100111100101010110000110011101001000
111110000010000101011000010000000011011011111010010100000100111110000001101010000010100010010000
111110000010000101011000010000000011011011111010010100000100110110101100101101010000010000000111
111110000010000101011000010000000011011011111010010100000100100101110000010011010001011011010001
111110000010000101011000010000000011011011111010010100000100101011110110001001101000100011000110
111110000010000101011000010000000011011011111010010100000100010100000000100010101100100010001010
111110000010000101011000010000000011011011111010010100000100000101101011101001000110010101011010
111110000010000101011000010000000011011011111010010100000100001000010111001111011101011111110011
111110000010000101011000010000000011011011111010010100000100110000100010101100101100111110111101
111110000010000101011000010000000011011011111010010100000100011101100100100011001111111010010110
111110000010000101011000010000000011011011111010010100000100001000110000110100000111010011100011
111110000010000101011000010000000011011011111010010100000100111111101110000101010101111000101010
111110000010000101011000010000000011011011111010010100000100011111111111110110111000100101101101
111110000010000101011000010000000011011011111010010100000100110101101010010101101010101000110111
111110000010000101011000010000000011011011111010010100000100101000101011010111111100001110010110
111110000010000101011000010000000011011011111010010100000100011010111101111010001010011000011110
111110000010000101011000010000000011011011111010010100000100001111011111010010101001111100110110
111110000010000101011000010000000011011011111010010100000100010100101101101110100100001111010111
111110000010000101011000010000000011011011111010010100000100101011100001101101001010100101100101
111110000010000101011000010000000011011011111010010100000100111111101010000100011010011110011011
111110000010000101011000010000000011011011111010010100000100011010111100001110101111001100100001
111110000010000101011000010000000011011011111010010100000100100001000011101001010001000100100110
111110000010000101011000010000000011011011111010010100000100011111110011001101100001010111001101
111110000010000101011000010000000011011011111010010100000100100011100101110110001010001100011010
111110000010000101011000010000000011011011111010010100000100101100110010110010110001111101001000
111110000010000101011000010000000011011011111010010100000100100011110110010111110001010010110110
111110000010000101011000010000000011011011111010010100000100000010100001010101010010000101101111
111110000010000101011000010000000011011011111010010100000100101001011000010101100010101101010011
111110000010000101011000010000000011011011111010010100000100101000000011001011011011011000100110
111110000010000101011000010000000011011011111010010100000100100001111101110010000010010010101101
111110000010000101011000010000000011011011111010010100000100011010010100100101111100010100001000
111110000010000101011000010000000011011011111010010100000100101011000001111111101010111101100001
111110000010000101011000010000000011011011111010010100000100100111011001111110111000001011100101
111110000010000101011000010000000011011011111010010100000100011010001011111001011000010001010111
111110000010000101011000010000000011011011111010010100000100100010110000001101100110011100000000
111110000010000101011000010000000011011011111010010100000100000011111010101000011011001000010111
111110000010000101011000010000000011011011111010010100000100111011000111000111111100101110110111
111110000010000101011000010000000011011011111010010100000100111011011100100101011010111011011110
111110000010000101011000010000000011011011111010010100000100100000110010010010000000101011011110
111110000010000101011000010000000011011011111010010100000100000011111011000111000010000001101110
111110000010000101011000010000000011011011111010010100000100000001101000101010111111100010001101
111110000010000101011000010000000011011011111010010100000100011000001000101011010110111011110111
111110000010000101011000010000000011011011111010010100000100001000011100001000111000110100110010
111110000010000101011000010000000011011011111010010100000100011101001010111111110110100011001000
111110000010000101011000010000000011011011111010010100000100101111000010110101000011000010001100
111110000010000101011000010000000011011011111010010100000100000000110111101101001101110100000010
111110000010000101011000010000000011011011111010010100000100011000101001000111111111110000110010
111110000010000101011000010000000011011011111010010100000100101100011110100001101111100110001100
111110000010000101011000010000000011011011111010010100000100000111101000011000001011000101100111
111110000010000101011000010000000011011011111010010100000100001011110111101111110101001011101110
111110000010000101011000010000000011011011111010010100000100100101100010111001001111111000010011
111110000010000101011000010000000011011011111010010100000100110011001111100010101001001010001001
111110000010000101011000010000000011011011111010010100000100010111111110110001000011001010101111
111110000010000101011000010000000011011011111010010100000100111001010111100010101000000111001001
111110000010000101011000010000000011011011111010010100000100111111001011101011100000011101101001
111110000010000101011000010000000011011011111010010100000100001001010000001110100110110101000111
111110000010000101011000010000000011011011111010010100000100001111101110101001111000101111111100
111110000010000101011000010000000011011011111010010100000100010010100010001110101101001001101001
111110000010000101011000010000000011011011111010010100000100001010011110111011100011001001000000
111110000010000101011000010000000011011011111010010100000100110010110100001010110111010000100100
111110000010000101011000010000000011011011111010010100000100010000110001001000101101110100001010
111110000010000101011000010000000011011011111010010100000100011111011010011000001111010100010101
111110000010000101011000010000000011011011111010010100000100111101001110101001001101000010010111
111110000010000101011000010000000011011011111010010100000100000001010101000100101001010101000001
111110000010000101011000010000000011011011111010010100000100111100100010111100111100011001010100
111110000010000101011000010000000011011011111010010100000100000000111001111100001011100101011111
111110000010000101011000010000000011011011111010010100000100101000001001111100101000101101010011
111110000010000101011000010000000011011011111010010100000100010001100111010000000111100101000011
111110000010000101011000010000000011011011111010010100000100000101100011000100111101000100010111
111110000010000101011000010000000011011011111010010100000100000011001011110111001000001100100110
111110000010000101011000010000000011011011111010010100000100111100100110111000100101111101101010
111110000010000101011000010000000011011011111010010100000100100100001101011110100011001101110100
111110000010000101011000010000000011011011111010010100000100111010000110011110011010011010111100
111110000010000101011000010000000011011011111010010100000100010110100010001100111101110110110110
111110000010000101011000010000000011011011111010010100000100001001101110101010010001001110010101
111110000010000101011000010000000011011011111010010100000100010111001001100111101001100110011110
111110000010000101011000010000000011011011111010010100000100011001100111100101000111100010011001
111110000010000101011000010000000011011011111010010100000100110011000111111111001110001110101100
111110000010000101011000010000000011011011111010010100000100111001011000101100001000010100101110
111110000010000101011000010000000011011011111010010100000100000011000010000001110011010100010000
111110000010000101011000010000000011011011111010010100000100011110011110100101101110101010111001
111110000010000101011000010000000011011011111010010100000100101101001101011011100110011110011010
111110000010000101011000010000000011011011111010010100000100001100010000111001111011111001010101
111110000010000101011000010000000011011011111010010100000100111000011111001111111110110000011011
111110000010000101011000010000000011011011111010010100000100011111000010110001000110100111111110
111110000010000101011000010000000011011011111010010100000100010101000101011010001011101111001011
111110000010000101011000010000000011011011111010010100000100110001110010101101100111100101001001
111110000010000101011000010000000011011011111010010100000100010100010000110000111101111011010000
111110000010000101011000010000000011011011111010010100000100011011011000101100011101010100100111
111110000010000101011000010000000011011011111010010100000100101001011101001000000111011010011000
111110000010000101011000010000000011011011111010010100000100000000100010110001100010110001100001
111110000010000101011000010000000011011011111010010100000100101000101001010101001000110100100011
111110000010000101011000010000000011011011111010010100000100111001100011011110101111010010110100
111110000010000101011000010000000011011011111010010100000100100100011010010100011100100111101011
111110000010000101011000010000000011011011111010010100000100101001111000100101011011011000110011
111110000010000101011000010000000011011011111010010100000100101100001100011000001110001100001011
111110000010000101011000010000000011011011111010010100000100110011000011010000001101101011000011
111110000010000101011000010000000011011011111010010100000100100010000111111011010000010100111110
111110000010000101011000010000000011011011111010010100000100010110010011111100011100010010111100
111110000010000101011000010000000011011011111010010100000100110101101111110100011101110010000111
111110000010000101011000010000000011011011111010010100000100111100101100101010101011100001100010
111110000010000101011000010000000011011011111010010100000100001111101100100010001100011001011001
111110000010000101011000010000000011011011111010010100000100010101110110011101101000001011000110
111110000010000101011000010000000011011011111010010100000100110010011110011111011110110111101000
111110000010000101011000010000000011011011111010010100000100101011101100100001010111111110100111
111110000010000101011000010000000011011011111010010100000100011011110101100010110011110011010011
111110000010000101011000010000000011011011111010010100000100111110000010011100011011100010001111
111110000010000101011000010000000011011011111010010100000100100101010100110111100010100010101001
111110000010000101011000010000000011011011111010010100000100111111101001010000110011100101101000
111110000010000101011000010000000011011011111010010100000100100110011010000000100100000011111111
111110000010000101011000010000000011011011111010010100000100101110001000000101100000001111101110
111110000010000101011000010000000011011011111010010100000100101001011110010010100101001010010001
111110000010000101011000010000000011011011111010010100000100010100011111011100111001011110001111
111110000010000101011000010000000011011011111010010100000100100110111011111001001101101011101100
111110000010000101011000010000000011011011111010010100000100001011101101111101011101001000111100
111110000010000101011000010000000011011011111010010100000100010101110100111110111001110110000010
111110000010000101011000010000000011011011111010010100000100010111111101111100010010001101110011
111110000010000101011000010000000011011011111010010100000100001011011010001010000010000101101010
111110000010000101011000010000000011011011111010010100000100001010111101100011100010101111101101
111110000010000101011000010000000011011011111010010100000100001010111010100001110100001110010111
111110000010000101011000010000000011011011111010010100000100010010001000011111110101001011101000
111110000010000101011000010000000011011011111010010100000100010001110111000100000101101110000010
111110000010000101011000010000000011011011111010010100000100001101101010110110111011011100000001
111110000010000101011000010000000011011011111010010100000100010011010011011010001001011100111011
111110000010000101011000010000000011011011111010010100000100001101000011000000011110001000111100
111110000010000101011000010000000011011011111010010100000100010010010000111010010011101011011110
111110000010000101011000010000000011011011111010010100000100011001010110110001000100100010011100
111110000010000101011000010000000011011011111010010100000100110111011010101000110101100111001000
111110000010000101011000010000000011011011111010010100000100101100001000000001111100010111000111
111110000010000101011000010000000011011011111010010100000100101111101101110111001010110110011001
111110000010000101011000010000000011011011111010010100000100010110110110010011011001010000111100
111110000010000101011000010000000011011011111010010100000100111111110011000011011001000100000001
111110000010000101011000010000000011011011111010010100000100110000000100010111101000110000010100
111110000010000101011000010000000011011011111010010100000100111100111101111000001101000101010011
111110000010000101011000010000000011011011111010010100000100011000010001010100110000110100101000
111110000010000101011000010000000011011011111010010100000100101111100111110011001000000011110101
111110000010000101011000010000000011011011111010010100000100111100100000110011110011010011111000
111110000010000101011000010000000011011011111010010100000100001111010101001010100111001101101110
111110000010000101011000010000000011011011111010010100000100111111010100000000001011011001101111
111110000010000101011000010000000011011011111010010100000100111010110011110110001100101110010110
111110000010000101011000010000000011011011111010010100000100100101110101011001100111011010001101
111110000010000101011000010000000011011011111010010100000100000001000101110101100000101111011110
111110000010000101011000010000000011011011111010010100000100000111101101111001011110011101111110
111110000010000101011000010000000011011011111010010100000100000010111111101010101110101000110110
111110000010000101011000010000000011011011111010010100000100110000000011101011000111001011001000
111110000010000101011000010000000011011011111010010100000100001011110111000000010010111000000101
111110000010000101011000010000000011011011111010010100000100100001100101000111000011110011111110
111110000010000101011000010000000011011011111010010100000100010110001000110100101101010010001010
111110000010000101011000010000000011011011111010010100000100000101101010101000010010011101000100
111110000010000101011000010000000011011011111010010100000100000011100111011101010000011100001110
111110000010000101011000010000000011011011111010010100000100111101101011101011010001101101011000
111110000010000101011000010000000011011011111010010100000100110000111111110011111000111111010011
111110000010000101011000010000000011011011111010010100000100111101000111010010011110110011101011
111110000010000101011000010000000011011011111010010100000100010101111010111101100011110010101001
111110000010000101011000010000000011011011111010010100000100110100000110000110001011001000001010
111110000010000101011000010000000011011011111010010100000100011111000001010001100100000110110000
111110000010000101011000010000000011011011111010010100000100001000111010111010000111001101001101
111110000010000101011000010000000011011011111010010100000100000101000010010110111100101001111111
111110000010000101011000010000000011011011111010010100000100100011010101010110111101100101111101
111110000010000101011000010000000011011011111010010100000100000111001000111100101111111101001010
111110000010000101011000010000000011011011111010010100000100001111111110010111110000010011001101
111110000010000101011000010000000011011011111010010100000100011010010001011010110111111000001001
111110000010000101011000010000000011011011111010010100000100111011100010001011000111110110111010
111110000010000101011000010000000011011011111010010100000100101010110110101010001100100011000000
111110000010000101011000010000000011011011111010010100000100101011010110001000011111101001101001
111110000010000101011000010000000011011011111010010100000100000010100101101110110110011110100111
111110000010000101011000010000000011011011111010010100000100010111010000011000100110110100110101
111110000010000101011000010000000011011011111010010100000100010000001110110010111001000000101100
111110000010000101011000010000000011011011111010010100000100010100000010000100011101000100000010
111110000010000101011000010000000011011011111010010100000100101000101010110100000000111110101110
111110000010000101011000010000000011011011111010010100000100110011000101111110010001111000100101
111110000010000101011000010000000011011011111010010100000100011000101000111111110000110110101010
111110000010000101011000010000000011011011111010010100000100100100010100100001010000010001101110
111110000010000101011000010000000011011011111010010100000100101011110000001100101011111000001101
111110000010000101011000010000000011011011111010010100000100011011001101010000111110111111101000
111110000010000101011000010000000011011011111010010100000100001000111101101010010111000110101000
111110000010000101011000010000000011011011111010010100000100010000111011010001101100100101011000
111110000010000101011000010000000011011011111010010100000100010111111011100111010000010110001000
111110000010000101011000010000000011011011111010010100000100111011110110010110000010000010101010
111110000010000101011000010000000011011011111010010100000100000101110110000110000001001011111101
111110000010000101011000010000000011011011111010010100000100010101001101010000111001000101101101
111110000010000101011000010000000011011011111010010100000100101100110000001011110001010111001010
111110000010000101011000010000000011011011111010010100000100010101111011111000011111011000001011
111110000010000101011000010000000011011011111010010100000100010011110110000100101000010010100110
111110000010000101011000010000000011011011111010010100000100101000001111001011011101101000110111
111110000010000101011000010000000011011011111010010100000100010011001000011001110111110000110101
111110000010000101011000010000000011011011111010010100000100000101010100100001101010100010110000
111110000010000101011000010000000011011011111010010100000100010100101000001011000101111000011000
111110000010000101011000010000000011011011111010010100000100111100110111011101111110101000100000
111110000010000101011000010000000011011011111010010100000100110011011100001001110110101101010110
111110000010000101011000010000000011011011111010010100000100111100000111100001101100101011111110
111110000010000101011000010000000011011011111010010100000100111111010010000011001100001101110101
111110000010000101011000010000000011011011111010010100000100110110011101100000001010010100011100
111110000010000101011000010000000011011011111010010100000100010001011001111000111001110001010011
111110000010000101011000010000000011011011111010010100000100100110011011100011011001001010100100
111110000010000101011000010000000011011011111010010100000100111000011010110110100100000111010001
111110000010000101011000010000000011011011111010010100000100101101001110001000010000111000000010
111110000010000101011000010000000011011011111010010100000100010001110101111100011110011010011110
111110000010000101011000010000000011011011111010010100000100010100010111110001111010101010001010
111110000010000101011000010000000011011011111010010100000100011011110111101010010001110101011100
111110000010000101011000010000000011011011111010010100000100000100000001100000011101001010010010
111110000010000101011000010000000011011011111010010100000100010100001001111111111010100100111000
111110000010000101011000010000000011011011111010010100000100101100001101101110101110111011001001
111110000010000101011000010000000011011011111010010100000100110010101110111110011001101111000011
111110000010000101011000010000000011011011111010010100000100101110011011111101101101110001101001
111110000010000101011000010000000011011011111010010100000100011001100001100011010100101000101111
111110000010000101011000010000000011011011111010010100000100011101010001101111111011100011000100
111110000010000101011000010000000011011011111010010100000100111000001010011101011000111111101011
111110000010000101011000010000000011011011111010010100000100001101111100100010100110111101101100
111110000010000101011000010000000011011011111010010100000100101101010010111111101010100010101100
111110000010000101011000010000000011011011111010010100000100000101011001001101111000101000000110
111110000010000101011000010000000011011011111010010100000100001111011001100000101001010100000000
111110000010000101011000010000000011011011111010010100000100100101100000111011100110010110111110
111110000010000101011000010000000011011011111010010100000100001100111110110111010001001011010011
111110000010000101011000010000000011011011111010010100000100111100000000101000111010100000010001
111110000010000101011000010000000011011011111010010100000100111110100111110000011000010110100001
111110000010000101011000010000000011011011111010010100000100011010010000011110001100000100000111
111110000010000101011000010000000011011011111010010100000100000110010010010001010110011111111100
111110000010000101011000010000000011011011111010010100000100010011000110100001001110011110101001
111110000010000101011000010000000011011011111010010100000100101001100111100111100000110000011010
111110000010000101011000010000000011011011111010010100000100000101010011111010001001010001111010
111110000010000101011000010000000011011011111010010100000100011110011011010100001101011010011011
111110000010000101011000010000000011011011111010010100000100100001110000101010000000110010101111
111110000010000101011000010000000011011011111010010100000100111101010011001111001000010011001000
111110000010000101011000010000000011011011111010010100000100011100010010111111010001011110101011
111110000010000101011000010000000011011011111010010100000100000010011011100000001110000011011101
111110000010000101011000010000000011011011111010010100000100010101101101010011000000110110111011
111110000010000101011000010000000011011011111010010100000100100011010011011111110101010101000110
111110000010000101011000010000000011011011111010010100000100011001000011011111101001111101001110
111110000010000101011000010000000011011011111010010100000100100010100001011100000111011111001001
111110000010000101011000010000000011011011111010010100000100111111010101100110111101101000100101
111110000010000101011000010000000011011011111010010100000100100000100010011010101010110100101010
111110000010000101011000010000000011011011111010010100000100110001010100000111011001001111011011
111110000010000101011000010000000011011011111010010100000100111110010101101100100110010110010110
111110000010000101011000010000000011011011111010010100000100000101100001111101101001000001011100
111110000010000101011000010000000011011011111010010100000100111010110001110000000010011100000101
111110000010000101011000010000000011011011111010010100000100111111011100110101101111100000101011
111110000010000101011000010000000011011011111010010100000100100010000011000001000111110011110010
111110000010000101011000010000000011011011111010010100000100110101100000101001001111111011011110
111110000010000101011000010000000011011011111010010100000100000111011101110010110100001001100000
111110000010000101011000010000000011011011111010010100000100001000111000011100110010100101100011
111110000010000101011000010000000011011011111010010100000100001000000001011011011111000001000011
111110000010000101011000010000000011011011111010010100000100101111001011101001010011010001101111
111110000010000101011000010000000011011011111010010100000100000101010011101001101001001101110101
111110000010000101011000010000000011011011111010010100000100111110111100101011001101111010110011
111110000010000101011000010000000011011011111010010100000100101011100101101111111100111001101110
111110000010000101011000010000000011011011111010010100000100101110100000101101000000111101100100
111110000010000101011000010000000011011011111010010100000100011011101111001101000111010100010101
111110000010000101011000010000000011011011111010010100000100101000000001101010001111110011011110
111110000010000101011000010000000011011011111010010100000100110101001100110101001110010100000001
111110000010000101011000010000000011011011111010010100000100001101001011101010011011000100010111
111110000010000101011000010000000011011011111010010100000100110000100010101001110011111011001101
111110000010000101011000010000000011011011111010010100000100000111010110010101100001111110100010
111110000010000101011000010000000011011011111010010100000100111101111000111001110100110111100100
111110000010000101011000010000000011011011111010010100000100111000100111010111111100011100110000
111110000010000101011000010000000011011011111010010100000100100100111100101000111010100110101011
111110000010000101011000010000000011011011111010010100000100111010000100111100011111010110110101
