101101110000010111000000000000000000000000000000000000000000000010011110101000101101010011010110
011000110101101010000000000000000000000000000000000000000000000010011110101000101101010011010110
110110000001110011000000000000000000000000000000000000000000000010011110101000101101010011010110
010000001011001000100000000000000000000000000000000000000000000010011110101000101101010011010110
111010000010010111000000000000000000000000000000000000000000000010011110101000101101010011010110
000111011010011110000000000000000000000000000000000000000000000010011110101000101101010011010110
000000001011110000100000000000000000000000000000000000000000000010011110101000101101010011010110
100111000010010000000000000000000000000000000000000000000000000010011110101000101101010011010110
001000010100110110000000000000000000000000000000000000000000000010011110101000101101010011010110
100110010011101000000000000000000000000000000000000000000000000010011110101000101101010011010110
000011001000111000100000000000000000000000000000000000000000000010011110101000101101010011010110
110010101110000110000000000000000000000000000000000000000000000010011110101000101101010011010110
110000100100110010000000000000000000000000000000000000000000000010011110101000101101010011010110
011101000110101010000000000000000000000000000000000000000000000010011110101000101101010011010110
111110111010001101000000000000000000000000000000000000000000000010011110101000101101010011010110
001001001001001110000000000000000000000000000000000000000000000010011110101000101101010011010110
110010111001001001000000000000000000000000000000000000000000000010011110101000101101010011010110
000010011101000011000000000000000000000000000000000000000000000010011110101000101101010011010110
111000100110101000000000000000000000000000000000000000000000000010011110101000101101010011010110
010101110010100000000000000000000000000000000000000000000000000010011110101000101101010011010110
010001100110011010000000000000000000000000000000000000000000000010011110101000101101010011010110
100000101011110000000000000000000000000000000000000000000000000010011110101000101101010011010110
011001111010001100000000000000000000000000000000000000000000000010011110101000101101010011010110
111000100000111101000000000000000000000000000000000000000000000010011110101000101101010011010110
111110001100110101000000000000000000000000000000000000000000000010011110101000101101010011010110
010011101100000010000000000000000000000000000000000000000000000010011110101000101101010011010110
001101101101100100000000000000000000000000000000000000000000000010011110101000101101010011010110
011011110010100100000000000000000000000000000000000000000000000010011110101000101101010011010110
000101110111011010000000000000000000000000000000000000000000000010011110101000101101010011010110
111110001011011001000000000000000000000000000000000000000000000010011110101000101101010011010110
101000000010101011000000000000000000000000000000000000000000000010011110101000101101010011010110
000111011111101000100000000000000000000000000000000000000000000010011110101000101101010011010110
101010101011111111000000000000000000000000000000000000000000000010011110101000101101010011010110
000000100001100001000000000000000000000000000000000000000000000010011110101000101101010011010110
001001011010010011000000000000000000000000000000000000000000000010011110101000101101010011010110
000001101000010110000000000000000000000000000000000000000000000010011110101000101101010011010110
110100111001010010000000000000000000000000000000000000000000000010011110101000101101010011010110
100010100101101010000000000000000000000000000000000000000000000010011110101000101101010011010110
010000110110111000100000000000000000000000000000000000000000000010011110101000101101010011010110
010110100101001011000000000000000000000000000000000000000000000010011110101000101101010011010110
101100010000010000000000000000000000000000000000000000000000000010011110101000101101010011010110
101010111111100110000000000000000000000000000000000000000000000010011110101000101101010011010110
110111001011110000000000000000000000000000000000000000000000000010011110101000101101010011010110
100011100000001110000000000000000000000000000000000000000000000010011110101000101101010011010110
011111000101001010000000000000000000000000000000000000000000000010011110101000101101010011010110
100000101011001100000000000000000000000000000000000000000000000010011110101000101101010011010110
001101011111101100000000000000000000000000000000000000000000000010011110101000101101010011010110
010011101011001100000000000000000000000000000000000000000000000010011110101000101101010011010110
101110110110101010000000000000000000000000000000000000000000000010011110101000101101010011010110
101011010011001011000000000000000000000000000000000000000000000010011110101000101101010011010110
000100100110110101000000000000000000000000000000000000000000000010011110101000101101010011010110
000110001110100101000000000000000000000000000000000000000000000010011110101000101101010011010110
000111101110100000000000000000000000000000000000000000000000000010011110101000101101010011010110
010001010000000000100000000000000000000000000000000000000000000010011110101000101101010011010110
011100100001111111000000000000000000000000000000000000000000000010011110101000101101010011010110
110100101001011001000000000000000000000000000000000000000000000010011110101000101101010011010110
000111011100011010000000000000000000000000000000000000000000000010011110101000101101010011010110
000110110000110000100000000000000000000000000000000000000000000010011110101000101101010011010110
110001110011110010000000000000000000000000000000000000000000000010011110101000101101010011010110
101000001010100100000000000000000000000000000000000000000000000010011110101000101101010011010110
000110001110011110000000000000000000000000000000000000000000000010011110101000101101010011010110
011010000010111101000000000000000000000000000000000000000000000010011110101000101101010011010110
001010110111101100000000000000000000000000000000000000000000000010011110101000101101010011010110
000001010110100111000000000000000000000000000000000000000000000010011110101000101101010011010110
001001111110110011000000000000000000000000000000000000000000000010011110101000101101010011010110
111011010101110110000000000000000000000000000000000000000000000010011110101000101101010011010110
000010001101101001000000000000000000000000000000000000000000000010011110101000101101010011010110
101011100111111000100000000000000000000000000000000000000000000010011110101000101101010011010110
000000000110100001000000000000000000000000000000000000000000000010011110101000101101010011010110
110001001111001111000000000000000000000000000000000000000000000010011110101000101101010011010110
101011000001000111000000000000000000000000000000000000000000000010011110101000101101010011010110
000001011010100110000000000000000000000000000000000000000000000010011110101000101101010011010110
111110010101101110000000000000000000000000000000000000000000000010011110101000101101010011010110
011001110011110011000000000000000000000000000000000000000000000010011110101000101101010011010110
000001100110000001000000000000000000000000000000000000000000000010011110101000101101010011010110
101011101000111100000000000000000000000000000000000000000000000010011110101000101101010011010110
011000010010010110000000000000000000000000000000000000000000000010011110101000101101010011010110
001100011000110010000000000000000000000000000000000000000000000010011110101000101101010011010110
011010110010111100000000000000000000000000000000000000000000000010011110101000101101010011010110
011111111001000101000000000000000000000000000000000000000000000010011110101000101101010011010110
000000111111111101000000000000000000000000000000000000000000000010011110101000101101010011010110
010111111001010111000000000000000000000000000000000000000000000010011110101000101101010011010110
101000101001000111000000000000000000000000000000000000000000000010011110101000101101010011010110
011011101101010000000000000000000000000000000000000000000000000010011110101000101101010011010110
110111111110010011000000000000000000000000000000000000000000000010011110101000101101010011010110
010110011101010111000000000000000000000000000000000000000000000010011110101000101101010011010110
001010001000000001000000000000000000000000000000000000000000000010011110101000101101010011010110
001110001101110000000000000000000000000000000000000000000000000010011110101000101101010011010110
001000011010001101000000000000000000000000000000000000000000000010011110101000101101010011010110
110011011011111011000000000000000000000000000000000000000000000010011110101000101101010011010110
011110000000100100000000000000000000000000000000000000000000000010011110101000101101010011010110
010100101000100101000000000000000000000000000000000000000000000010011110101000101101010011010110
000101101100110111000000000000000000000000000000000000000000000010011110101000101101010011010110
111011110011000011000000000000000000000000000000000000000000000010011110101000101101010011010110
101011110010101010000000000000000000000000000000000000000000000010011110101000101101010011010110
110111011001001111000000000000000000000000000000000000000000000010011110101000101101010011010110
110000111101001100000000000000000000000000000000000000000000000010011110101000101101010011010110
011011010101000010000000000000000000000000000000000000000000000010011110101000101101010011010110
100000011011100111000000000000000000000000000000000000000000000010011110101000101101010011010110
011100001101101110000000000000000000000000000000000000000000000010011110101000101101010011010110
001101100011100000000000000000000000000000000000000000000000000010011110101000101101010011010110
000000100111101100000000000000000000000000000000000000000000000010011110101000101101010011010110
110011111111011001000000000000000000000000000000000000000000000010011110101000101101010011010110
100010111000111000000000000000000000000000000000000000000000000010011110101000101101010011010110
001001110001001000000000000000000000000000000000000000000000000010011110101000101101010011010110
110010101100000101000000000000000000000000000000000000000000000010011110101000101101010011010110
101101100000111011000000000000000000000000000000000000000000000010011110101000101101010011010110
011011000111010001000000000000000000000000000000000000000000000010011110101000101101010011010110
000100111101100010000000000000000000000000000000000000000000000010011110101000101101010011010110
001010000000010000100000000000000000000000000000000000000000000010011110101000101101010011010110
111010011001100001000000000000000000000000000000000000000000000010011110101000101101010011010110
100000111001101000000000000000000000000000000000000000000000000010011110101000101101010011010110
010010111000001010000000000000000000000000000000000000000000000010011110101000101101010011010110
001101111101100010000000000000000000000000000000000000000000000010011110101000101101010011010110
011100010110100101000000000000000000000000000000000000000000000010011110101000101101010011010110
000011110101010110000000000000000000000000000000000000000000000010011110101000101101010011010110
010111101010000100100000000000000000000000000000000000000000000010011110101000101101010011010110
000100011111001000000000000000000000000000000000000000000000000010011110101000101101010011010110
000001100111011100000000000000000000000000000000000000000000000010011110101000101101010011010110
010110111110010100000000000000000000000000000000000000000000000010011110101000101101010011010110
000110111110101110000000000000000000000000000000000000000000000010011110101000101101010011010110
001001001010011010000000000000000000000000000000000000000000000010011110101000101101010011010110
010101100001000000100000000000000000000000000000000000000000000010011110101000101101010011010110
001111101011110010000000000000000000000000000000000000000000000010011110101000101101010011010110
001101111101000110000000000000000000000000000000000000000000000010011110101000101101010011010110
101110111101101000000000000000000000000000000000000000000000000010011110101000101101010011010110
100101011010000111000000000000000000000000000000000000000000000010011110101000101101010011010110
110100001000011000000000000000000000000000000000000000000000000010011110101000101101010011010110
111110101011011111000000000000000000000000000000000000000000000010011110101000101101010011010110
110111100101111110000000000000000000000000000000000000000000000010011110101000101101010011010110
101101011100111000100000000000000000000000000000000000000000000010011110101000101101010011010110
010011111000111111000000000000000000000000000000000000000000000010011110101000101101010011010110
110110100100101000000000000000000000000000000000000000000000000010011110101000101101010011010110
010001011001101011000000000000000000000000000000000000000000000010011110101000101101010011010110
010100101111001011000000000000000000000000000000000000000000000010011110101000101101010011010110
010110011111011010000000000000000000000000000000000000000000000010011110101000101101010011010110
101000010001110001000000000000000000000000000000000000000000000010011110101000101101010011010110
101100100100010101000000000000000000000000000000000000000000000010011110101000101101010011010110
100010000010011100000000000000000000000000000000000000000000000010011110101000101101010011010110
000110100001010000100000000000000000000000000000000000000000000010011110101000101101010011010110
111100000011001010000000000000000000000000000000000000000000000010011110101000101101010011010110
111100100110000000100000000000000000000000000000000000000000000010011110101000101101010011010110
011111010000001100000000000000000000000000000000000000000000000010011110101000101101010011010110
101110011000000001000000000000000000000000000000000000000000000010011110101000101101010011010110
010011110100010010000000000000000000000000000000000000000000000010011110101000101101010011010110
010010001101011011000000000000000000000000000000000000000000000010011110101000101101010011010110
110111010000100011000000000000000000000000000000000000000000000010011110101000101101010011010110
101110100111111000000000000000000000000000000000000000000000000010011110101000101101010011010110
100111100000101101000000000000000000000000000000000000000000000010011110101000101101010011010110
111001111100010101000000000000000000000000000000000000000000000010011110101000101101010011010110
001110000100101010000000000000000000000000000000000000000000000010011110101000101101010011010110
000010101001010000100000000000000000000000000000000000000000000010011110101000101101010011010110
111010110010101001000000000000000000000000000000000000000000000010011110101000101101010011010110
111010110010011001000000000000000000000000000000000000000000000010011110101000101101010011010110
000101101000111011000000000000000000000000000000000000000000000010011110101000101101010011010110
110110011011101111000000000000000000000000000000000000000000000010011110101000101101010011010110
011010001100011000000000000000000000000000000000000000000000000010011110101000101101010011010110
001111000011001111000000000000000000000000000000000000000000000010011110101000101101010011010110
110010111101111101000000000000000000000000000000000000000000000010011110101000101101010011010110
110101000000100000000000000000000000000000000000000000000000000010011110101000101101010011010110
100101110000010100000000000000000000000000000000000000000000000010011110101000101101010011010110
111110000110110101000000000000000000000000000000000000000000000010011110101000101101010011010110
110101001001110011000000000000000000000000000000000000000000000010011110101000101101010011010110
011110000000101011000000000000000000000000000000000000000000000010011110101000101101010011010110
100011011110001100000000000000000000000000000000000000000000000010011110101000101101010011010110
100001110011110011000000000000000000000000000000000000000000000010011110101000101101010011010110
000110010001100000000000000000000000000000000000000000000000000010011110101000101101010011010110
101000001010110010000000000000000000000000000000000000000000000010011110101000101101010011010110
101101011010010110000000000000000000000000000000000000000000000010011110101000101101010011010110
110001101111011000000000000000000000000000000000000000000000000010011110101000101101010011010110
001011011101010100000000000000000000000000000000000000000000000010011110101000101101010011010110
001110011101101100000000000000000000000000000000000000000000000010011110101000101101010011010110
100110000101001110000000000000000000000000000000000000000000000010011110101000101101010011010110
000000010111010010000000000000000000000000000000000000000000000010011110101000101101010011010110
100001011000010000000000000000000000000000000000000000000000000010011110101000101101010011010110
100011100011111101000000000000000000000000000000000000000000000010011110101000101101010011010110
010001110000101101000000000000000000000000000000000000000000000010011110101000101101010011010110
010111011000000011000000000000000000000000000000000000000000000010011110101000101101010011010110
010110111001101101000000000000000000000000000000000000000000000010011110101000101101010011010110
101010000001001111000000000000000000000000000000000000000000000010011110101000101101010011010110
110100100000101011000000000000000000000000000000000000000000000010011110101000101101010011010110
101110000100111000100000000000000000000000000000000000000000000010011110101000101101010011010110
100010111011000101000000000000000000000000000000000000000000000010011110101000101101010011010110
111101100110001100000000000000000000000000000000000000000000000010011110101000101101010011010110
001100010010101110000000000000000000000000000000000000000000000010011110101000101101010011010110
111110010000010111000000000000000000000000000000000000000000000010011110101000101101010011010110
011111011101000111000000000000000000000000000000000000000000000010011110101000101101010011010110
001101101111101000100000000000000000000000000000000000000000000010011110101000101101010011010110
101101010001001110000000000000000000000000000000000000000000000010011110101000101101010011010110
011010011011000000000000000000000000000000000000000000000000000010011110101000101101010011010110
010110001100111010000000000000000000000000000000000000000000000010011110101000101101010011010110
000011000101101110000000000000000000000000000000000000000000000010011110101000101101010011010110
011111111101110000000000000000000000000000000000000000000000000010011110101000101101010011010110
010001000011011110000000000000000000000000000000000000000000000010011110101000101101010011010110
001001111011001101000000000000000000000000000000000000000000000010011110101000101101010011010110
110000010100110001000000000000000000000000000000000000000000000010011110101000101101010011010110
001101011110010110000000000000000000000000000000000000000000000010011110101000101101010011010110
001101101111000100100000000000000000000000000000000000000000000010011110101000101101010011010110
111100110011110000000000000000000000000000000000000000000000000010011110101000101101010011010110
010010010000111000100000000000000000000000000000000000000000000010011110101000101101010011010110
110111111100100010000000000000000000000000000000000000000000000010011110101000101101010011010110
000011011000011101000000000000000000000000000000000000000000000010011110101000101101010011010110
111100011110111110000000000000000000000000000000000000000000000010011110101000101101010011010110
101101001001111000000000000000000000000000000000000000000000000010011110101000101101010011010110
111010000110111010000000000000000000000000000000000000000000000010011110101000101101010011010110
100110110110001010000000000000000000000000000000000000000000000010011110101000101101010011010110
100111110100100111000000000000000000000000000000000000000000000010011110101000101101010011010110
100000001110000010000000000000000000000000000000000000000000000010011110101000101101010011010110
010001010101101101000000000000000000000000000000000000000000000010011110101000101101010011010110
010100100110110000100000000000000000000000000000000000000000000010011110101000101101010011010110
111010000001101110000000000000000000000000000000000000000000000010011110101000101101010011010110
111110111100110001000000000000000000000000000000000000000000000010011110101000101101010011010110
100110100101111011000000000000000000000000000000000000000000000010011110101000101101010011010110
000110111111011101000000000000000000000000000000000000000000000010011110101000101101010011010110
111001010011101000000000000000000000000000000000000000000000000010011110101000101101010011010110
010100011111110110000000000000000000000000000000000000000000000010011110101000101101010011010110
000001111101100110000000000000000000000000000000000000000000000010011110101000101101010011010110
010111001001101010000000000000000000000000000000000000000000000010011110101000101101010011010110
001000101100100100100000000000000000000000000000000000000000000010011110101000101101010011010110
011101000001011001000000000000000000000000000000000000000000000010011110101000101101010011010110
010001100101101111000000000000000000000000000000000000000000000010011110101000101101010011010110
001011101111001100000000000000000000000000000000000000000000000010011110101000101101010011010110
111101011011110111000000000000000000000000000000000000000000000010011110101000101101010011010110
101101110001011011000000000000000000000000000000000000000000000010011110101000101101010011010110
110011001100111111000000000000000000000000000000000000000000000010011110101000101101010011010110
010010100000000100100000000000000000000000000000000000000000000010011110101000101101010011010110
110000011010001111000000000000000000000000000000000000000000000010011110101000101101010011010110
000110100011011101000000000000000000000000000000000000000000000010011110101000101101010011010110
100110110001000100100000000000000000000000000000000000000000000010011110101000101101010011010110
100110110010010011000000000000000000000000000000000000000000000010011110101000101101010011010110
111000011100011011000000000000000000000000000000000000000000000010011110101000101101010011010110
101011111011010110000000000000000000000000000000000000000000000010011110101000101101010011010110
101001011001010000000000000000000000000000000000000000000000000010011110101000101101010011010110
000111011010010110000000000000000000000000000000000000000000000010011110101000101101010011010110
100111001010101001000000000000000000000000000000000000000000000010011110101000101101010011010110
110010111011110010000000000000000000000000000000000000000000000010011110101000101101010011010110
001100100110010011000000000000000000000000000000000000000000000010011110101000101101010011010110
100100111110111001000000000000000000000000000000000000000000000010011110101000101101010011010110
111111011101110001000000000000000000000000000000000000000000000010011110101000101101010011010110
111111110001010000100000000000000000000000000000000000000000000010011110101000101101010011010110
011001010110000110000000000000000000000000000000000000000000000010011110101000101101010011010110
000011000010001111000000000000000000000000000000000000000000000010011110101000101101010011010110
001001111100111000000000000000000000000000000000000000000000000010011110101000101101010011010110
110101011110000000100000000000000000000000000000000000000000000010011110101000101101010011010110
100101001111010101000000000000000000000000000000000000000000000010011110101000101101010011010110
110100100011101001000000000000000000000000000000000000000000000010011110101000101101010011010110
010010110001001101000000000000000000000000000000000000000000000010011110101000101101010011010110
011000000011101111000000000000000000000000000000000000000000000010011110101000101101010011010110
101101000000100110000000000000000000000000000000000000000000000010011110101000101101010011010110
111001100101111000000000000000000000000000000000000000000000000010011110101000101101010011010110
101000101111011011000000000000000000000000000000000000000000000010011110101000101101010011010110
001101110111001110000000000000000000000000000000000000000000000010011110101000101101010011010110
111110001000101000100000000000000000000000000000000000000000000010011110101000101101010011010110
010101000110000100100000000000000000000000000000000000000000000010011110101000101101010011010110
111001100101100111000000000000000000000000000000000000000000000010011110101000101101010011010110
111010001011000011000000000000000000000000000000000000000000000010011110101000101101010011010110
001001001001001111000000000000000000000000000000000000000000000010011110101000101101010011010110
101100010011111011000000000000000000000000000000000000000000000010011110101000101101010011010110
011001100110111001000000000000000000000000000000000000000000000010011110101000101101010011010110
010111011100100111000000000000000000000000000000000000000000000010011110101000101101010011010110
110101101010000101000000000000000000000000000000000000000000000010011110101000101101010011010110
111001001101110010000000000000000000000000000000000000000000000010011110101000101101010011010110
000111100001010110000000000000000000000000000000000000000000000010011110101000101101010011010110
110100111101011110000000000000000000000000000000000000000000000010011110101000101101010011010110
101111100101010011000000000000000000000000000000000000000000000010011110101000101101010011010110
101000101001111000000000000000000000000000000000000000000000000010011110101000101101010011010110
110100110011000010000000000000000000000000000000000000000000000010011110101000101101010011010110
110011001101011101000000000000000000000000000000000000000000000010011110101000101101010011010110
000100000101001010000000000000000000000000000000000000000000000010011110101000101101010011010110
011010011011100000000000000000000000000000000000000000000000000010011110101000101101010011010110
011000100100010110000000000000000000000000000000000000000000000010011110101000101101010011010110
010100001011101001000000000000000000000000000000000000000000000010011110101000101101010011010110
001110000110101010000000000000000000000000000000000000000000000010011110101000101101010011010110
110000011011000100000000000000000000000000000000000000000000000010011110101000101101010011010110
111101101111110111000000000000000000000000000000000000000000000010011110101000101101010011010110
101110100011110111000000000000000000000000000000000000000000000010011110101000101101010011010110
011110111110110011000000000000000000000000000000000000000000000010011110101000101101010011010110
000110010100010110000000000000000000000000000000000000000000000010011110101000101101010011010110
000111100011001011000000000000000000000000000000000000000000000010011110101000101101010011010110
110100101110101000000000000000000000000000000000000000000000000010011110101000101101010011010110
101010111101101100000000000000000000000000000000000000000000000010011110101000101101010011010110
011110111010010010000000000000000000000000000000000000000000000010011110101000101101010011010110
110100111000000111000000000000000000000000000000000000000000000010011110101000101101010011010110
110000100101110000000000000000000000000000000000000000000000000010011110101000101101010011010110
000010110010100001000000000000000000000000000000000000000000000010011110101000101101010011010110
111100111000011101000000000000000000000000000000000000000000000010011110101000101101010011010110
001101100110001111000000000000000000000000000000000000000000000010011110101000101101010011010110
111000100011000000100000000000000000000000000000000000000000000010011110101000101101010011010110
101101111111111110000000000000000000000000000000000000000000000010011110101000101101010011010110
001110011110010001000000000000000000000000000000000000000000000010011110101000101101010011010110
010100110111001010000000000000000000000000000000000000000000000010011110101000101101010011010110
101101010110110111000000000000000000000000000000000000000000000010011110101000101101010011010110
000001001100011000100000000000000000000000000000000000000000000010011110101000101101010011010110
011011010100010101000000000000000000000000000000000000000000000010011110101000101101010011010110
011101001011110001000000000000000000000000000000000000000000000010011110101000101101010011010110
001001010100111101000000000000000000000000000000000000000000000010011110101000101101010011010110
001100010001000101000000000000000000000000000000000000000000000010011110101000101101010011010110
111001111010111111000000000000000000000000000000000000000000000010011110101000101101010011010110
001100001101100101000000000000000000000000000000000000000000000010011110101000101101010011010110
011001011101101001000000000000000000000000000000000000000000000010011110101000101101010011010110
101111100110001001000000000000000000000000000000000000000000000010011110101000101101010011010110
011110101001100100000000000000000000000000000000000000000000000010011110101000101101010011010110
111001000010111100000000000000000000000000000000000000000000000010011110101000101101010011010110
000011000110101000000000000000000000000000000000000000000000000010011110101000101101010011010110
000111100110011111000000000000000000000000000000000000000000000010011110101000101101010011010110
111001001111101101000000000000000000000000000000000000000000000010011110101000101101010011010110
101001001111000101000000000000000000000000000000000000000000000010011110101000101101010011010110
111011001010101000000000000000000000000000000000000000000000000010011110101000101101010011010110
001100110110100100000000000000000000000000000000000000000000000010011110101000101101010011010110
110111111101101010000000000000000000000000000000000000000000000010011110101000101101010011010110
001010010101000000100000000000000000000000000000000000000000000010011110101000101101010011010110
110101010001111011000000000000000000000000000000000000000000000010011110101000101101010011010110
010011011111101101000000000000000000000000000000000000000000000010011110101000101101010011010110
110000001101010100000000000000000000000000000000000000000000000010011110101000101101010011010110
001110101110001000100000000000000000000000000000000000000000000010011110101000101101010011010110
011001000110100111000000000000000000000000000000000000000000000010011110101000101101010011010110
011010001001011000000000000000000000000000000000000000000000000010011110101000101101010011010110
100100000111101010000000000000000000000000000000000000000000000010011110101000101101010011010110
000111000100011100000000000000000000000000000000000000000000000010011110101000101101010011010110
100110110110101100000000000000000000000000000000000000000000000010011110101000101101010011010110
011100001010111111000000000000000000000000000000000000000000000010011110101000101101010011010110
110000011001011010000000000000000000000000000000000000000000000010011110101000101101010011010110
111000000101101000000000000000000000000000000000000000000000000010011110101000101101010011010110
111000110101101100000000000000000000000000000000000000000000000010011110101000101101010011010110
111101011011111110000000000000000000000000000000000000000000000010011110101000101101010011010110
000111010110100111000000000000000000000000000000000000000000000010011110101000101101010011010110
000000010111100011000000000000000000000000000000000000000000000010011110101000101101010011010110
010011101110000110000000000000000000000000000000000000000000000010011110101000101101010011010110
000110111010000001000000000000000000000000000000000000000000000010011110101000101101010011010110
101000001001100110000000000000000000000000000000000000000000000010011110101000101101010011010110
111001100111001110000000000000000000000000000000000000000000000010011110101000101101010011010110
101101100100110000000000000000000000000000000000000000000000000010011110101000101101010011010110
111011011111010100000000000000000000000000000000000000000000000010011110101000101101010011010110
110000010001001110000000000000000000000000000000000000000000000010011110101000101101010011010110
000110110111000000100000000000000000000000000000000000000000000010011110101000101101010011010110
110111101011110100000000000000000000000000000000000000000000000010011110101000101101010011010110
010000001101101000000000000000000000000000000000000000000000000010011110101000101101010011010110
011001001111111100000000000000000000000000000000000000000000000010011110101000101101010011010110
110110001000110000000000000000000000000000000000000000000000000010011110101000101101010011010110
011000111101100010000000000000000000000000000000000000000000000010011110101000101101010011010110
000001011101000111000000000000000000000000000000000000000000000010011110101000101101010011010110
101010101101010111000000000000000000000000000000000000000000000010011110101000101101010011010110
000111011111110011000000000000000000000000000000000000000000000010011110101000101101010011010110
110001001001101100000000000000000000000000000000000000000000000010011110101000101101010011010110
111000111111000100000000000000000000000000000000000000000000000010011110101000101101010011010110
100001101100000010000000000000000000000000000000000000000000000010011110101000101101010011010110
110100100000101010000000000000000000000000000000000000000000000010011110101000101101010011010110
110011011000001111000000000000000000000000000000000000000000000010011110101000101101010011010110
001100010000100010000000000000000000000000000000000000000000000010011110101000101101010011010110
101010011100111001000000000000000000000000000000000000000000000010011110101000101101010011010110
101101001110000111000000000000000000000000000000000000000000000010011110101000101101010011010110
001000101100111010000000000000000000000000000000000000000000000010011110101000101101010011010110
010011011000000111000000000000000000000000000000000000000000000010011110101000101101010011010110
111010100010100011000000000000000000000000000000000000000000000010011110101000101101010011010110
101011000001100010000000000000000000000000000000000000000000000010011110101000101101010011010110
011010101100101011000000000000000000000000000000000000000000000010011110101000101101010011010110
011010101101000000000000000000000000000000000000000000000000000010011110101000101101010011010110
000000110111001000100000000000000000000000000000000000000000000010011110101000101101010011010110
110010011111000101000000000000000000000000000000000000000000000010011110101000101101010011010110
100111011010111111000000000000000000000000000000000000000000000010011110101000101101010011010110
000100010001001011000000000000000000000000000000000000000000000010011110101000101101010011010110
110100001011111111000000000000000000000000000000000000000000000010011110101000101101010011010110
010110100001011000100000000000000000000000000000000000000000000010011110101000101101010011010110
101010110110111110000000000000000000000000000000000000000000000010011110101000101101010011010110
001010111011001000100000000000000000000000000000000000000000000010011110101000101101010011010110
010000100011111100000000000000000000000000000000000000000000000010011110101000101101010011010110
000100101101000110000000000000000000000000000000000000000000000010011110101000101101010011010110
000010111111000011000000000000000000000000000000000000000000000010011110101000101101010011010110
111010001110100010000000000000000000000000000000000000000000000010011110101000101101010011010110
000011111111111111000000000000000000000000000000000000000000000010011110101000101101010011010110
010110011000000111000000000000000000000000000000000000000000000010011110101000101101010011010110
111010100011000100100000000000000000000000000000000000000000000010011110101000101101010011010110
010110100011100000000000000000000000000000000000000000000000000010011110101000101101010011010110
001110001100100110000000000000000000000000000000000000000000000010011110101000101101010011010110
111010101011001000000000000000000000000000000000000000000000000010011110101000101101010011010110
110101001010001000100000000000000000000000000000000000000000000010011110101000101101010011010110
100100101100110100000000000000000000000000000000000000000000000010011110101000101101010011010110
111000011000000000100000000000000000000000000000000000000000000010011110101000101101010011010110
001010101100111111000000000000000000000000000000000000000000000010011110101000101101010011010110
001100010010100010000000000000000000000000000000000000000000000010011110101000101101010011010110
011110010101101101000000000000000000000000000000000000000000000010011110101000101101010011010110
011100011001001000100000000000000000000000000000000000000000000010011110101000101101010011010110
010011100110000011000000000000000000000000000000000000000000000010011110101000101101010011010110
010000011101001000100000000000000000000000000000000000000000000010011110101000101101010011010110
010000100111010110000000000000000000000000000000000000000000000010011110101000101101010011010110
111010110010101111000000000000000000000000000000000000000000000010011110101000101101010011010110
001100111000110110000000000000000000000000000000000000000000000010011110101000101101010011010110
101011000010001110000000000000000000000000000000000000000000000010011110101000101101010011010110
001001100100100110000000000000000000000000000000000000000000000010011110101000101101010011010110
110101011001010011000000000000000000000000000000000000000000000010011110101000101101010011010110
001001011110101101000000000000000000000000000000000000000000000010011110101000101101010011010110
001001011000111000100000000000000000000000000000000000000000000010011110101000101101010011010110
111110100110110110000000000000000000000000000000000000000000000010011110101000101101010011010110
101101001000010000100000000000000000000000000000000000000000000010011110101000101101010011010110
000010111100001101000000000000000000000000000000000000000000000010011110101000101101010011010110
000011101010110111000000000000000000000000000000000000000000000010011110101000101101010011010110
010101000100000110000000000000000000000000000000000000000000000010011110101000101101010011010110
110101111101100011000000000000000000000000000000000000000000000010011110101000101101010011010110
101000000010011100000000000000000000000000000000000000000000000010011110101000101101010011010110
100010000001010101000000000000000000000000000000000000000000000010011110101000101101010011010110
100110110010011100000000000000000000000000000000000000000000000010011110101000101101010011010110
011110101001000000000000000000000000000000000000000000000000000010011110101000101101010011010110
001111001011100101000000000000000000000000000000000000000000000010011110101000101101010011010110
110111001000011001000000000000000000000000000000000000000000000010011110101000101101010011010110
001110110111111000100000000000000000000000000000000000000000000010011110101000101101010011010110
110111011111100001000000000000000000000000000000000000000000000010011110101000101101010011010110
101011101100110000100000000000000000000000000000000000000000000010011110101000101101010011010110
110000000110011000000000000000000000000000000000000000000000000010011110101000101101010011010110
110110101010011101000000000000000000000000000000000000000000000010011110101000101101010011010110
111100010010001000100000000000000000000000000000000000000000000010011110101000101101010011010110
011010110111000111000000000000000000000000000000000000000000000010011110101000101101010011010110
010111100001000000100000000000000000000000000000000000000000000010011110101000101101010011010110
110111100111010110000000000000000000000000000000000000000000000010011110101000101101010011010110
011011100001110000000000000000000000000000000000000000000000000010011110101000101101010011010110
100000111010000100100000000000000000000000000000000000000000000010011110101000101101010011010110
100010110011010010000000000000000000000000000000000000000000000010011110101000101101010011010110
001000110110010001000000000000000000000000000000000000000000000010011110101000101101010011010110
101111111100110110000000000000000000000000000000000000000000000010011110101000101101010011010110
011011011011001000000000000000000000000000000000000000000000000010011110101000101101010011010110
111010000011010001000000000000000000000000000000000000000000000010011110101000101101010011010110
100110000110010100000000000000000000000000000000000000000000000010011110101000101101010011010110
001010101110110101000000000000000000000000000000000000000000000010011110101000101101010011010110
011100000000101010000000000000000000000000000000000000000000000010011110101000101101010011010110
100100101100001000000000000000000000000000000000000000000000000010011110101000101101010011010110
000010100111100111000000000000000000000000000000000000000000000010011110101000101101010011010110
001001111010100100000000000000000000000000000000000000000000000010011110101000101101010011010110
100100110011001101000000000000000000000000000000000000000000000010011110101000101101010011010110
110011011100100101000000000000000000000000000000000000000000000010011110101000101101010011010110
111000011100001000100000000000000000000000000000000000000000000010011110101000101101010011010110
111001000011101111000000000000000000000000000000000000000000000010011110101000101101010011010110
011111100011110000100000000000000000000000000000000000000000000010011110101000101101010011010110
101010110100111001000000000000000000000000000000000000000000000010011110101000101101010011010110
100000111111001011000000000000000000000000000000000000000000000010011110101000101101010011010110
010110101000010000000000000000000000000000000000000000000000000010011110101000101101010011010110
100010001010010100000000000000000000000000000000000000000000000010011110101000101101010011010110
101101000110000101000000000000000000000000000000000000000000000010011110101000101101010011010110
000101001011101101000000000000000000000000000000000000000000000010011110101000101101010011010110
110111111110101111000000000000000000000000000000000000000000000010011110101000101101010011010110
001110010110100010000000000000000000000000000000000000000000000010011110101000101101010011010110
100011110111111000100000000000000000000000000000000000000000000010011110101000101101010011010110
101110101010010101000000000000000000000000000000000000000000000010011110101000101101010011010110
101101100110000100000000000000000000000000000000000000000000000010011110101000101101010011010110
001011010110000000000000000000000000000000000000000000000000000010011110101000101101010011010110
000010111000100100100000000000000000000000000000000000000000000010011110101000101101010011010110
001000101000101100000000000000000000000000000000000000000000000010011110101000101101010011010110
101001011110111010000000000000000000000000000000000000000000000010011110101000101101010011010110
100011000111000100000000000000000000000000000000000000000000000010011110101000101101010011010110
101101100011010011000000000000000000000000000000000000000000000010011110101000101101010011010110
000000100010101101000000000000000000000000000000000000000000000010011110101000101101010011010110
011000010011110110000000000000000000000000000000000000000000000010011110101000101101010011010110
010101011100110000100000000000000000000000000000000000000000000010011110101000101101010011010110
101000011111110111000000000000000000000000000000000000000000000010011110101000101101010011010110
001011010001010001000000000000000000000000000000000000000000000010011110101000101101010011010110
001011100000100101000000000000000000000000000000000000000000000010011110101000101101010011010110
111110000100100100100000000000000000000000000000000000000000000010011110101000101101010011010110
110111001011010001000000000000000000000000000000000000000000000010011110101000101101010011010110
100011111011110011000000000000000000000000000000000000000000000010011110101000101101010011010110
001010001100100111000000000000000000000000000000000000000000000010011110101000101101010011010110
011010010101011011000000000000000000000000000000000000000000000010011110101000101101010011010110
010100111001110000100000000000000000000000000000000000000000000010011110101000101101010011010110
001011111000000001000000000000000000000000000000000000000000000010011110101000101101010011010110
001100000101011100000000000000000000000000000000000000000000000010011110101000101101010011010110
011100111101100001000000000000000000000000000000000000000000000010011110101000101101010011010110
010010001110101011000000000000000000000000000000000000000000000010011110101000101101010011010110
001111000101101000100000000000000000000000000000000000000000000010011110101000101101010011010110
000110101110011110000000000000000000000000000000000000000000000010011110101000101101010011010110
010111110000000100100000000000000000000000000000000000000000000010011110101000101101010011010110
101010100101000000000000000000000000000000000000000000000000000010011110101000101101010011010110
011011001111101001000000000000000000000000000000000000000000000010011110101000101101010011010110
011001000111010111000000000000000000000000000000000000000000000010011110101000101101010011010110
110101000100100111000000000000000000000000000000000000000000000010011110101000101101010011010110
011110100010011100000000000000000000000000000000000000000000000010011110101000101101010011010110
000101001011110101000000000000000000000000000000000000000000000010011110101000101101010011010110
101100001100011101000000000000000000000000000000000000000000000010011110101000101101010011010110
111001100011000100000000000000000000000000000000000000000000000010011110101000101101010011010110
110001100100101011000000000000000000000000000000000000000000000010011110101000101101010011010110
001000010111110100000000000000000000000000000000000000000000000010011110101000101101010011010110
101100001011101000000000000000000000000000000000000000000000000010011110101000101101010011010110
111100110010101000000000000000000000000000000000000000000000000010011110101000101101010011010110
100001001101000111000000000000000000000000000000000000000000000010011110101000101101010011010110
011111111001100110000000000000000000000000000000000000000000000010011110101000101101010011010110
111010010110000101000000000000000000000000000000000000000000000010011110101000101101010011010110
011101000110111111000000000000000000000000000000000000000000000010011110101000101101010011010110
101011000110100110000000000000000000000000000000000000000000000010011110101000101101010011010110
101100000110010111000000000000000000000000000000000000000000000010011110101000101101010011010110
010010100111000000000000000000000000000000000000000000000000000010011110101000101101010011010110
010101000101011010000000000000000000000000000000000000000000000010011110101000101101010011010110
011111011110110010000000000000000000000000000000000000000000000010011110101000101101010011010110
110110011010100101000000000000000000000000000000000000000000000010011110101000101101010011010110
111010001110111101000000000000000000000000000000000000000000000010011110101000101101010011010110
001000111111011010000000000000000000000000000000000000000000000010011110101000101101010011010110
111011101100010000100000000000000000000000000000000000000000000010011110101000101101010011010110
110100000110100110000000000000000000000000000000000000000000000010011110101000101101010011010110
000010111111111101000000000000000000000000000000000000000000000010011110101000101101010011010110
110111001110001000000000000000000000000000000000000000000000000010011110101000101101010011010110
111111100111110101000000000000000000000000000000000000000000000010011110101000101101010011010110
000011010001110101000000000000000000000000000000000000000000000010011110101000101101010011010110
001111100101100011000000000000000000000000000000000000000000000010011110101000101101010011010110
001011000000100100100000000000000000000000000000000000000000000010011110101000101101010011010110
101001010110110000100000000000000000000000000000000000000000000010011110101000101101010011010110
