111111100100100000000000000000000000000000000000000000000000000010011110101000101101010011010110
111001000100001101000000000000000000000000000000000000000000000010011110101000101101010011010110
111100010110100001000000000000000000000000000000000000000000000010011110101000101101010011010110
111001100101011011000000000000000000000000000000000000000000000010011110101000101101010011010110
100111010000001110000000000000000000000000000000000000000000000010011110101000101101010011010110
001110010100001100000000000000000000000000000000000000000000000010011110101000101101010011010110
001100101010001000000000000000000000000000000000000000000000000010011110101000101101010011010110
010111101100111001000000000000000000000000000000000000000000000010011110101000101101010011010110
000110101001101100000000000000000000000000000000000000000000000010011110101000101101010011010110
110010010010100110000000000000000000000000000000000000000000000010011110101000101101010011010110
001111111001110000000000000000000000000000000000000000000000000010011110101000101101010011010110
001000000100111010000000000000000000000000000000000000000000000010011110101000101101010011010110
110110010010000000000000000000000000000000000000000000000000000010011110101000101101010011010110
101100011100110010000000000000000000000000000000000000000000000010011110101000101101010011010110
001101001010110111000000000000000000000000000000000000000000000010011110101000101101010011010110
010101101101111000000000000000000000000000000000000000000000000010011110101000101101010011010110
000001110001001111000000000000000000000000000000000000000000000010011110101000101101010011010110
110110010000010110000000000000000000000000000000000000000000000010011110101000101101010011010110
010011001001000011000000000000000000000000000000000000000000000010011110101000101101010011010110
110011000000100110000000000000000000000000000000000000000000000010011110101000101101010011010110
110111001111000100000000000000000000000000000000000000000000000010011110101000101101010011010110
010001000100111111000000000000000000000000000000000000000000000010011110101000101101010011010110
110101100010001011000000000000000000000000000000000000000000000010011110101000101101010011010110
001100110011110111000000000000000000000000000000000000000000000010011110101000101101010011010110
110110010011011110000000000000000000000000000000000000000000000010011110101000101101010011010110
111111100001000100000000000000000000000000000000000000000000000010011110101000101101010011010110
111101011000111001000000000000000000000000000000000000000000000010011110101000101101010011010110
111100001101011110000000000000000000000000000000000000000000000010011110101000101101010011010110
011110100100010000000000000000000000000000000000000000000000000010011110101000101101010011010110
101011010100000101000000000000000000000000000000000000000000000010011110101000101101010011010110
111010111110011101000000000000000000000000000000000000000000000010011110101000101101010011010110
010111110101010011000000000000000000000000000000000000000000000010011110101000101101010011010110
000000101100111011000000000000000000000000000000000000000000000010011110101000101101010011010110
000010001111010001000000000000000000000000000000000000000000000010011110101000101101010011010110
010001000000111100000000000000000000000000000000000000000000000010011110101000101101010011010110
110011101000001010000000000000000000000000000000000000000000000010011110101000101101010011010110
010111011000010110000000000000000000000000000000000000000000000010011110101000101101010011010110
111111101011100010000000000000000000000000000000000000000000000010011110101000101101010011010110
011100001110011101000000000000000000000000000000000000000000000010011110101000101101010011010110
011110110111101001000000000000000000000000000000000000000000000010011110101000101101010011010110
011101111000100110000000000000000000000000000000000000000000000010011110101000101101010011010110
011011001010011110000000000000000000000000000000000000000000000010011110101000101101010011010110
101100101101010000100000000000000000000000000000000000000000000010011110101000101101010011010110
101001000111000101000000000000000000000000000000000000000000000010011110101000101101010011010110
000011011111110100000000000000000000000000000000000000000000000010011110101000101101010011010110
000110000001010101000000000000000000000000000000000000000000000010011110101000101101010011010110
100001011010011111000000000000000000000000000000000000000000000010011110101000101101010011010110
011101011101000100000000000000000000000000000000000000000000000010011110101000101101010011010110
110011011001111000000000000000000000000000000000000000000000000010011110101000101101010011010110
010101110101001000000000000000000000000000000000000000000000000010011110101000101101010011010110
010100100101101111000000000000000000000000000000000000000000000010011110101000101101010011010110
101101110110000110000000000000000000000000000000000000000000000010011110101000101101010011010110
011001100000011010000000000000000000000000000000000000000000000010011110101000101101010011010110
111001101110011101000000000000000000000000000000000000000000000010011110101000101101010011010110
101100001001011110000000000000000000000000000000000000000000000010011110101000101101010011010110
111110101110111111000000000000000000000000000000000000000000000010011110101000101101010011010110
010100100001010111000000000000000000000000000000000000000000000010011110101000101101010011010110
010000001100011110000000000000000000000000000000000000000000000010011110101000101101010011010110
011110010001000110000000000000000000000000000000000000000000000010011110101000101101010011010110
111101001011100000100000000000000000000000000000000000000000000010011110101000101101010011010110
101101011101001110000000000000000000000000000000000000000000000010011110101000101101010011010110
101000001001010110000000000000000000000000000000000000000000000010011110101000101101010011010110
100100001111101011000000000000000000000000000000000000000000000010011110101000101101010011010110
100011111011101001000000000000000000000000000000000000000000000010011110101000101101010011010110
010000110010001000100000000000000000000000000000000000000000000010011110101000101101010011010110
011010100100111011000000000000000000000000000000000000000000000010011110101000101101010011010110
010001111100111111000000000000000000000000000000000000000000000010011110101000101101010011010110
100001111000110010000000000000000000000000000000000000000000000010011110101000101101010011010110
011010100000110010000000000000000000000000000000000000000000000010011110101000101101010011010110
110001111010001000100000000000000000000000000000000000000000000010011110101000101101010011010110
000000100101110111000000000000000000000000000000000000000000000010011110101000101101010011010110
010111101011000010000000000000000000000000000000000000000000000010011110101000101101010011010110
010100001111110011000000000000000000000000000000000000000000000010011110101000101101010011010110
101101001000000100100000000000000000000000000000000000000000000010011110101000101101010011010110
000110110001101100000000000000000000000000000000000000000000000010011110101000101101010011010110
110011100100110000000000000000000000000000000000000000000000000010011110101000101101010011010110
101110101100000000100000000000000000000000000000000000000000000010011110101000101101010011010110
001000001110111100000000000000000000000000000000000000000000000010011110101000101101010011010110
001110101101111101000000000000000000000000000000000000000000000010011110101000101101010011010110
000100110001001000100000000000000000000000000000000000000000000010011110101000101101010011010110
010100001100000110000000000000000000000000000000000000000000000010011110101000101101010011010110
011000001000011011000000000000000000000000000000000000000000000010011110101000101101010011010110
000101001000000101000000000000000000000000000000000000000000000010011110101000101101010011010110
100001010110101000100000000000000000000000000000000000000000000010011110101000101101010011010110
011001100010010000100000000000000000000000000000000000000000000010011110101000101101010011010110
011000001001110001000000000000000000000000000000000000000000000010011110101000101101010011010110
011001010111100110000000000000000000000000000000000000000000000010011110101000101101010011010110
101001001001010000000000000000000000000000000000000000000000000010011110101000101101010011010110
101110001101110100000000000000000000000000000000000000000000000010011110101000101101010011010110
011001000000110100000000000000000000000000000000000000000000000010011110101000101101010011010110
000000011010111000100000000000000000000000000000000000000000000010011110101000101101010011010110
111111001000001000100000000000000000000000000000000000000000000010011110101000101101010011010110
011111000101000000100000000000000000000000000000000000000000000010011110101000101101010011010110
011110101111010110000000000000000000000000000000000000000000000010011110101000101101010011010110
011001111101001110000000000000000000000000000000000000000000000010011110101000101101010011010110
010001111011110010000000000000000000000000000000000000000000000010011110101000101101010011010110
011010001001001110000000000000000000000000000000000000000000000010011110101000101101010011010110
011111111100111010000000000000000000000000000000000000000000000010011110101000101101010011010110
110000001000101110000000000000000000000000000000000000000000000010011110101000101101010011010110
111010001111100011000000000000000000000000000000000000000000000010011110101000101101010011010110
000010001011100000100000000000000000000000000000000000000000000010011110101000101101010011010110
001110000011111000000000000000000000000000000000000000000000000010011110101000101101010011010110
111100100111111111000000000000000000000000000000000000000000000010011110101000101101010011010110
011000100011101000000000000000000000000000000000000000000000000010011110101000101101010011010110
000000110100100000000000000000000000000000000000000000000000000010011110101000101101010011010110
111100000100111111000000000000000000000000000000000000000000000010011110101000101101010011010110
011100101101100000000000000000000000000000000000000000000000000010011110101000101101010011010110
111110001011111001000000000000000000000000000000000000000000000010011110101000101101010011010110
100111110100110010000000000000000000000000000000000000000000000010011110101000101101010011010110
110101011110010011000000000000000000000000000000000000000000000010011110101000101101010011010110
001000000010100101000000000000000000000000000000000000000000000010011110101000101101010011010110
110010111011010000000000000000000000000000000000000000000000000010011110101000101101010011010110
010000100101111100000000000000000000000000000000000000000000000010011110101000101101010011010110
011110000011110010000000000000000000000000000000000000000000000010011110101000101101010011010110
100111001001100000000000000000000000000000000000000000000000000010011110101000101101010011010110
100001100000100101000000000000000000000000000000000000000000000010011110101000101101010011010110
101101000100110000000000000000000000000000000000000000000000000010011110101000101101010011010110
111111101101110100000000000000000000000000000000000000000000000010011110101000101101010011010110
100100011001000010000000000000000000000000000000000000000000000010011110101000101101010011010110
111111110110101000100000000000000000000000000000000000000000000010011110101000101101010011010110
100111101000100001000000000000000000000000000000000000000000000010011110101000101101010011010110
101000111100001010000000000000000000000000000000000000000000000010011110101000101101010011010110
000100100011000011000000000000000000000000000000000000000000000010011110101000101101010011010110
001111100010011100000000000000000000000000000000000000000000000010011110101000101101010011010110
001100010110001111000000000000000000000000000000000000000000000010011110101000101101010011010110
100001111101010100000000000000000000000000000000000000000000000010011110101000101101010011010110
010001100010001101000000000000000000000000000000000000000000000010011110101000101101010011010110
000001101110010100000000000000000000000000000000000000000000000010011110101000101101010011010110
011111001111010111000000000000000000000000000000000000000000000010011110101000101101010011010110
000011111010111010000000000000000000000000000000000000000000000010011110101000101101010011010110
100110010001100001000000000000000000000000000000000000000000000010011110101000101101010011010110
011110100001111100000000000000000000000000000000000000000000000010011110101000101101010011010110
000111000110111100000000000000000000000000000000000000000000000010011110101000101101010011010110
000101110100111101000000000000000000000000000000000000000000000010011110101000101101010011010110
001010101111001001000000000000000000000000000000000000000000000010011110101000101101010011010110
000111111010001000000000000000000000000000000000000000000000000010011110101000101101010011010110
000100000100000110000000000000000000000000000000000000000000000010011110101000101101010011010110
110101011001100111000000000000000000000000000000000000000000000010011110101000101101010011010110
000011010100101010000000000000000000000000000000000000000000000010011110101000101101010011010110
111011011111100011000000000000000000000000000000000000000000000010011110101000101101010011010110
101011101011010000000000000000000000000000000000000000000000000010011110101000101101010011010110
100110110110100000000000000000000000000000000000000000000000000010011110101000101101010011010110
110011011010110001000000000000000000000000000000000000000000000010011110101000101101010011010110
000111010001101100000000000000000000000000000000000000000000000010011110101000101101010011010110
001101010000100100100000000000000000000000000000000000000000000010011110101000101101010011010110
111001001101001101000000000000000000000000000000000000000000000010011110101000101101010011010110
101011001100000100100000000000000000000000000000000000000000000010011110101000101101010011010110
010100101100110110000000000000000000000000000000000000000000000010011110101000101101010011010110
011000010010101000100000000000000000000000000000000000000000000010011110101000101101010011010110
100101010001100011000000000000000000000000000000000000000000000010011110101000101101010011010110
011001000001110010000000000000000000000000000000000000000000000010011110101000101101010011010110
001101101111100010000000000000000000000000000000000000000000000010011110101000101101010011010110
110101101111011110000000000000000000000000000000000000000000000010011110101000101101010011010110
011100001000111100000000000000000000000000000000000000000000000010011110101000101101010011010110
011000101111011011000000000000000000000000000000000000000000000010011110101000101101010011010110
110010100100010101000000000000000000000000000000000000000000000010011110101000101101010011010110
111011011111101111000000000000000000000000000000000000000000000010011110101000101101010011010110
011101001100101000100000000000000000000000000000000000000000000010011110101000101101010011010110
010111111111001100000000000000000000000000000000000000000000000010011110101000101101010011010110
111111100010000010000000000000000000000000000000000000000000000010011110101000101101010011010110
011011110000100111000000000000000000000000000000000000000000000010011110101000101101010011010110
010000000011001000100000000000000000000000000000000000000000000010011110101000101101010011010110
000111101000100011000000000000000000000000000000000000000000000010011110101000101101010011010110
100011110110001001000000000000000000000000000000000000000000000010011110101000101101010011010110
001001010010110101000000000000000000000000000000000000000000000010011110101000101101010011010110
110110001101110111000000000000000000000000000000000000000000000010011110101000101101010011010110
001100001000111100000000000000000000000000000000000000000000000010011110101000101101010011010110
110100110001101001000000000000000000000000000000000000000000000010011110101000101101010011010110
010000101000101001000000000000000000000000000000000000000000000010011110101000101101010011010110
001000011101110000100000000000000000000000000000000000000000000010011110101000101101010011010110
011111000110000001000000000000000000000000000000000000000000000010011110101000101101010011010110
110100001000110000100000000000000000000000000000000000000000000010011110101000101101010011010110
010101111111010111000000000000000000000000000000000000000000000010011110101000101101010011010110
100011101101100001000000000000000000000000000000000000000000000010011110101000101101010011010110
011000100110000110000000000000000000000000000000000000000000000010011110101000101101010011010110
001011101110001100000000000000000000000000000000000000000000000010011110101000101101010011010110
100011001101101100000000000000000000000000000000000000000000000010011110101000101101010011010110
100000011010110010000000000000000000000000000000000000000000000010011110101000101101010011010110
101001010010100011000000000000000000000000000000000000000000000010011110101000101101010011010110
000111111001001011000000000000000000000000000000000000000000000010011110101000101101010011010110
000011111011001000100000000000000000000000000000000000000000000010011110101000101101010011010110
010100110010110001000000000000000000000000000000000000000000000010011110101000101101010011010110
111100010001011000000000000000000000000000000000000000000000000010011110101000101101010011010110
001111010001011011000000000000000000000000000000000000000000000010011110101000101101010011010110
000100011101100010000000000000000000000000000000000000000000000010011110101000101101010011010110
110110100001111101000000000000000000000000000000000000000000000010011110101000101101010011010110
111101001110010010000000000000000000000000000000000000000000000010011110101000101101010011010110
001001110000101101000000000000000000000000000000000000000000000010011110101000101101010011010110
101100001101101100000000000000000000000000000000000000000000000010011110101000101101010011010110
011001001000110000000000000000000000000000000000000000000000000010011110101000101101010011010110
001100000111010001000000000000000000000000000000000000000000000010011110101000101101010011010110
010001100110101110000000000000000000000000000000000000000000000010011110101000101101010011010110
010101011011111111000000000000000000000000000000000000000000000010011110101000101101010011010110
111111001111011011000000000000000000000000000000000000000000000010011110101000101101010011010110
001000001110110100000000000000000000000000000000000000000000000010011110101000101101010011010110
001101101011101111000000000000000000000000000000000000000000000010011110101000101101010011010110
110111000000000000000000000000000000000000000000000000000000000010011110101000101101010011010110
010111000110101101000000000000000000000000000000000000000000000010011110101000101101010011010110
110111101010000101000000000000000000000000000000000000000000000010011110101000101101010011010110
011001101111000110000000000000000000000000000000000000000000000010011110101000101101010011010110
111000100011101000000000000000000000000000000000000000000000000010011110101000101101010011010110
000110011001110111000000000000000000000000000000000000000000000010011110101000101101010011010110
001101010000100000000000000000000000000000000000000000000000000010011110101000101101010011010110
100000001000110101000000000000000000000000000000000000000000000010011110101000101101010011010110
101111100100010010000000000000000000000000000000000000000000000010011110101000101101010011010110
101100010110001111000000000000000000000000000000000000000000000010011110101000101101010011010110
110110100100100000100000000000000000000000000000000000000000000010011110101000101101010011010110
011110110000010010000000000000000000000000000000000000000000000010011110101000101101010011010110
110001000100111011000000000000000000000000000000000000000000000010011110101000101101010011010110
000010111001001110000000000000000000000000000000000000000000000010011110101000101101010011010110
111100100111001000000000000000000000000000000000000000000000000010011110101000101101010011010110
111011110011110000100000000000000000000000000000000000000000000010011110101000101101010011010110
000111011100100111000000000000000000000000000000000000000000000010011110101000101101010011010110
011101111010110100000000000000000000000000000000000000000000000010011110101000101101010011010110
011101101100101111000000000000000000000000000000000000000000000010011110101000101101010011010110
111101010101110000100000000000000000000000000000000000000000000010011110101000101101010011010110
011101010000111001000000000000000000000000000000000000000000000010011110101000101101010011010110
101111001100000000100000000000000000000000000000000000000000000010011110101000101101010011010110
000111010010101100000000000000000000000000000000000000000000000010011110101000101101010011010110
000010011101111111000000000000000000000000000000000000000000000010011110101000101101010011010110
111110010000100100000000000000000000000000000000000000000000000010011110101000101101010011010110
000001101101101100000000000000000000000000000000000000000000000010011110101000101101010011010110
000010010010000000100000000000000000000000000000000000000000000010011110101000101101010011010110
111000111011010001000000000000000000000000000000000000000000000010011110101000101101010011010110
000011010000110101000000000000000000000000000000000000000000000010011110101000101101010011010110
001110110110001110000000000000000000000000000000000000000000000010011110101000101101010011010110
000001100001000101000000000000000000000000000000000000000000000010011110101000101101010011010110
101110111101000000100000000000000000000000000000000000000000000010011110101000101101010011010110
000101010110001101000000000000000000000000000000000000000000000010011110101000101101010011010110
001100011111100011000000000000000000000000000000000000000000000010011110101000101101010011010110
011001001011101011000000000000000000000000000000000000000000000010011110101000101101010011010110
011010110001110010000000000000000000000000000000000000000000000010011110101000101101010011010110
011010011111111010000000000000000000000000000000000000000000000010011110101000101101010011010110
110110110001011100000000000000000000000000000000000000000000000010011110101000101101010011010110
010000011111010000100000000000000000000000000000000000000000000010011110101000101101010011010110
011000110101010001000000000000000000000000000000000000000000000010011110101000101101010011010110
010110001000100100000000000000000000000000000000000000000000000010011110101000101101010011010110
100010101000111000000000000000000000000000000000000000000000000010011110101000101101010011010110
000010110000010110000000000000000000000000000000000000000000000010011110101000101101010011010110
010010110010011110000000000000000000000000000000000000000000000010011110101000101101010011010110
111100101101001011000000000000000000000000000000000000000000000010011110101000101101010011010110
100000100101011100000000000000000000000000000000000000000000000010011110101000101101010011010110
010111000101101011000000000000000000000000000000000000000000000010011110101000101101010011010110
000111101010001000000000000000000000000000000000000000000000000010011110101000101101010011010110
010011000111000101000000000000000000000000000000000000000000000010011110101000101101010011010110
101001000001000000100000000000000000000000000000000000000000000010011110101000101101010011010110
000001001101100010000000000000000000000000000000000000000000000010011110101000101101010011010110
001110011010001111000000000000000000000000000000000000000000000010011110101000101101010011010110
111000101010111100000000000000000000000000000000000000000000000010011110101000101101010011010110
001010110000110000000000000000000000000000000000000000000000000010011110101000101101010011010110
100101110011001000100000000000000000000000000000000000000000000010011110101000101101010011010110
101000001100111001000000000000000000000000000000000000000000000010011110101000101101010011010110
101001010111100000000000000000000000000000000000000000000000000010011110101000101101010011010110
011100010101110000000000000000000000000000000000000000000000000010011110101000101101010011010110
001011111100001001000000000000000000000000000000000000000000000010011110101000101101010011010110
100010001000111111000000000000000000000000000000000000000000000010011110101000101101010011010110
000111001000100101000000000000000000000000000000000000000000000010011110101000101101010011010110
010011001101110111000000000000000000000000000000000000000000000010011110101000101101010011010110
100110001010000100100000000000000000000000000000000000000000000010011110101000101101010011010110
001001101101000000100000000000000000000000000000000000000000000010011110101000101101010011010110
101000001001100111000000000000000000000000000000000000000000000010011110101000101101010011010110
110110000110100010000000000000000000000000000000000000000000000010011110101000101101010011010110
110111001101001110000000000000000000000000000000000000000000000010011110101000101101010011010110
100101000010100100000000000000000000000000000000000000000000000010011110101000101101010011010110
010101110000000100000000000000000000000000000000000000000000000010011110101000101101010011010110
001000101010101110000000000000000000000000000000000000000000000010011110101000101101010011010110
110101100001111010000000000000000000000000000000000000000000000010011110101000101101010011010110
011101000011010110000000000000000000000000000000000000000000000010011110101000101101010011010110
110010101001100000100000000000000000000000000000000000000000000010011110101000101101010011010110
110001010100000100000000000000000000000000000000000000000000000010011110101000101101010011010110
101010111111101001000000000000000000000000000000000000000000000010011110101000101101010011010110
101111010100110000100000000000000000000000000000000000000000000010011110101000101101010011010110
100001010000101010000000000000000000000000000000000000000000000010011110101000101101010011010110
100000010010011010000000000000000000000000000000000000000000000010011110101000101101010011010110
010101010111100111000000000000000000000000000000000000000000000010011110101000101101010011010110
101000011001101110000000000000000000000000000000000000000000000010011110101000101101010011010110
111111100101000000100000000000000000000000000000000000000000000010011110101000101101010011010110
011001011000101011000000000000000000000000000000000000000000000010011110101000101101010011010110
110000100101111101000000000000000000000000000000000000000000000010011110101000101101010011010110
110111000111111001000000000000000000000000000000000000000000000010011110101000101101010011010110
100000100001011001000000000000000000000000000000000000000000000010011110101000101101010011010110
111110001010101001000000000000000000000000000000000000000000000010011110101000101101010011010110
101010000000110101000000000000000000000000000000000000000000000010011110101000101101010011010110
000100100001100000100000000000000000000000000000000000000000000010011110101000101101010011010110
010000111101100101000000000000000000000000000000000000000000000010011110101000101101010011010110
010110110110101010000000000000000000000000000000000000000000000010011110101000101101010011010110
110001010001110101000000000000000000000000000000000000000000000010011110101000101101010011010110
110000001100011010000000000000000000000000000000000000000000000010011110101000101101010011010110
001010101100101101000000000000000000000000000000000000000000000010011110101000101101010011010110
011011000101101101000000000000000000000000000000000000000000000010011110101000101101010011010110
110011110111011000100000000000000000000000000000000000000000000010011110101000101101010011010110
100110101001010000000000000000000000000000000000000000000000000010011110101000101101010011010110
111011010011011010000000000000000000000000000000000000000000000010011110101000101101010011010110
111101111001100000000000000000000000000000000000000000000000000010011110101000101101010011010110
011111110110111101000000000000000000000000000000000000000000000010011110101000101101010011010110
110001001000110011000000000000000000000000000000000000000000000010011110101000101101010011010110
101111000101000000000000000000000000000000000000000000000000000010011110101000101101010011010110
011010000111101101000000000000000000000000000000000000000000000010011110101000101101010011010110
101110010100101100000000000000000000000000000000000000000000000010011110101000101101010011010110
111000110010101111000000000000000000000000000000000000000000000010011110101000101101010011010110
111001100000001011000000000000000000000000000000000000000000000010011110101000101101010011010110
101001001001101000000000000000000000000000000000000000000000000010011110101000101101010011010110
001010000000000100000000000000000000000000000000000000000000000010011110101000101101010011010110
010001110010010000000000000000000000000000000000000000000000000010011110101000101101010011010110
111101010000101010000000000000000000000000000000000000000000000010011110101000101101010011010110
001000110000000011000000000000000000000000000000000000000000000010011110101000101101010011010110
100100101111010110000000000000000000000000000000000000000000000010011110101000101101010011010110
011011001111001011000000000000000000000000000000000000000000000010011110101000101101010011010110
010110110100110110000000000000000000000000000000000000000000000010011110101000101101010011010110
000111101000011011000000000000000000000000000000000000000000000010011110101000101101010011010110
010111101111011000000000000000000000000000000000000000000000000010011110101000101101010011010110
111000111101110000100000000000000000000000000000000000000000000010011110101000101101010011010110
000000001111000001000000000000000000000000000000000000000000000010011110101000101101010011010110
010010010000010000000000000000000000000000000000000000000000000010011110101000101101010011010110
010001110100010101000000000000000000000000000000000000000000000010011110101000101101010011010110
000100110010111010000000000000000000000000000000000000000000000010011110101000101101010011010110
011001101000010011000000000000000000000000000000000000000000000010011110101000101101010011010110
111101101110000111000000000000000000000000000000000000000000000010011110101000101101010011010110
001010001001101001000000000000000000000000000000000000000000000010011110101000101101010011010110
001001011100110100000000000000000000000000000000000000000000000010011110101000101101010011010110
100011100001010101000000000000000000000000000000000000000000000010011110101000101101010011010110
000001110111100010000000000000000000000000000000000000000000000010011110101000101101010011010110
000000010011000100100000000000000000000000000000000000000000000010011110101000101101010011010110
011110001001110101000000000000000000000000000000000000000000000010011110101000101101010011010110
000001000011000101000000000000000000000000000000000000000000000010011110101000101101010011010110
110110110100100001000000000000000000000000000000000000000000000010011110101000101101010011010110
111111110100101101000000000000000000000000000000000000000000000010011110101000101101010011010110
000101010100011001000000000000000000000000000000000000000000000010011110101000101101010011010110
101000101101010011000000000000000000000000000000000000000000000010011110101000101101010011010110
111111100001001000100000000000000000000000000000000000000000000010011110101000101101010011010110
010100101100110010000000000000000000000000000000000000000000000010011110101000101101010011010110
010000111110011000100000000000000000000000000000000000000000000010011110101000101101010011010110
101110110111110010000000000000000000000000000000000000000000000010011110101000101101010011010110
000001011100101100000000000000000000000000000000000000000000000010011110101000101101010011010110
000111110111000001000000000000000000000000000000000000000000000010011110101000101101010011010110
001111000111010111000000000000000000000000000000000000000000000010011110101000101101010011010110
011110101001101101000000000000000000000000000000000000000000000010011110101000101101010011010110
111110010000110000000000000000000000000000000000000000000000000010011110101000101101010011010110
101001010011011000100000000000000000000000000000000000000000000010011110101000101101010011010110
101001110010000101000000000000000000000000000000000000000000000010011110101000101101010011010110
110011101110101111000000000000000000000000000000000000000000000010011110101000101101010011010110
011100111000100000000000000000000000000000000000000000000000000010011110101000101101010011010110
100001000111011100000000000000000000000000000000000000000000000010011110101000101101010011010110
110100010100010100000000000000000000000000000000000000000000000010011110101000101101010011010110
100010000001111100000000000000000000000000000000000000000000000010011110101000101101010011010110
001010100110100100000000000000000000000000000000000000000000000010011110101000101101010011010110
111010000010011011000000000000000000000000000000000000000000000010011110101000101101010011010110
100110011101111100000000000000000000000000000000000000000000000010011110101000101101010011010110
101011111101111000100000000000000000000000000000000000000000000010011110101000101101010011010110
100110110011011111000000000000000000000000000000000000000000000010011110101000101101010011010110
110000011110010101000000000000000000000000000000000000000000000010011110101000101101010011010110
110011010010101011000000000000000000000000000000000000000000000010011110101000101101010011010110
011010011100111000000000000000000000000000000000000000000000000010011110101000101101010011010110
100011001011000110000000000000000000000000000000000000000000000010011110101000101101010011010110
001100110110101001000000000000000000000000000000000000000000000010011110101000101101010011010110
010001100110100101000000000000000000000000000000000000000000000010011110101000101101010011010110
111100001000001010000000000000000000000000000000000000000000000010011110101000101101010011010110
110110110010110101000000000000000000000000000000000000000000000010011110101000101101010011010110
110111110100000000000000000000000000000000000000000000000000000010011110101000101101010011010110
110111001100100110000000000000000000000000000000000000000000000010011110101000101101010011010110
100100101000000001000000000000000000000000000000000000000000000010011110101000101101010011010110
000010010101111011000000000000000000000000000000000000000000000010011110101000101101010011010110
100101100111100000100000000000000000000000000000000000000000000010011110101000101101010011010110
100110100111110010000000000000000000000000000000000000000000000010011110101000101101010011010110
110111010011100110000000000000000000000000000000000000000000000010011110101000101101010011010110
011110001011001010000000000000000000000000000000000000000000000010011110101000101101010011010110
000100000011011111000000000000000000000000000000000000000000000010011110101000101101010011010110
010110110111001110000000000000000000000000000000000000000000000010011110101000101101010011010110
011111110000011010000000000000000000000000000000000000000000000010011110101000101101010011010110
110001100010111110000000000000000000000000000000000000000000000010011110101000101101010011010110
111000110101101000100000000000000000000000000000000000000000000010011110101000101101010011010110
001110011011000011000000000000000000000000000000000000000000000010011110101000101101010011010110
101100000001101011000000000000000000000000000000000000000000000010011110101000101101010011010110
101111010101001101000000000000000000000000000000000000000000000010011110101000101101010011010110
000010010001100011000000000000000000000000000000000000000000000010011110101000101101010011010110
011110110111100000000000000000000000000000000000000000000000000010011110101000101101010011010110
000010000101111001000000000000000000000000000000000000000000000010011110101000101101010011010110
011011010000110101000000000000000000000000000000000000000000000010011110101000101101010011010110
011110111110001110000000000000000000000000000000000000000000000010011110101000101101010011010110
111100110101011000100000000000000000000000000000000000000000000010011110101000101101010011010110
001010001000000000000000000000000000000000000000000000000000000010011110101000101101010011010110
111100001001011001000000000000000000000000000000000000000000000010011110101000101101010011010110
101011111000011001000000000000000000000000000000000000000000000010011110101000101101010011010110
011111100101110110000000000000000000000000000000000000000000000010011110101000101101010011010110
001001111111100011000000000000000000000000000000000000000000000010011110101000101101010011010110
110101101101011111000000000000000000000000000000000000000000000010011110101000101101010011010110
100000010110001000000000000000000000000000000000000000000000000010011110101000101101010011010110
010001100001110000100000000000000000000000000000000000000000000010011110101000101101010011010110
110100010111100111000000000000000000000000000000000000000000000010011110101000101101010011010110
111101101011001001000000000000000000000000000000000000000000000010011110101000101101010011010110
111111000001011010000000000000000000000000000000000000000000000010011110101000101101010011010110
000000001000100000100000000000000000000000000000000000000000000010011110101000101101010011010110
100001111011110111000000000000000000000000000000000000000000000010011110101000101101010011010110
010010001111010001000000000000000000000000000000000000000000000010011110101000101101010011010110
010011001001111001000000000000000000000000000000000000000000000010011110101000101101010011010110
100101011100001101000000000000000000000000000000000000000000000010011110101000101101010011010110
010110111101101011000000000000000000000000000000000000000000000010011110101000101101010011010110
000110011011111000100000000000000000000000000000000000000000000010011110101000101101010011010110
011101101100111100000000000000000000000000000000000000000000000010011110101000101101010011010110
101010101001001100000000000000000000000000000000000000000000000010011110101000101101010011010110
100110100100010110000000000000000000000000000000000000000000000010011110101000101101010011010110
011000110101101011000000000000000000000000000000000000000000000010011110101000101101010011010110
101010101010101011000000000000000000000000000000000000000000000010011110101000101101010011010110
001011100100110001000000000000000000000000000000000000000000000010011110101000101101010011010110
011110110111111110000000000000000000000000000000000000000000000010011110101000101101010011010110
110011010001000111000000000000000000000000000000000000000000000010011110101000101101010011010110
111101000010010000000000000000000000000000000000000000000000000010011110101000101101010011010110
111101001011011110000000000000000000000000000000000000000000000010011110101000101101010011010110
000101011000111110000000000000000000000000000000000000000000000010011110101000101101010011010110
001110101001011111000000000000000000000000000000000000000000000010011110101000101101010011010110
000000010001110001000000000000000000000000000000000000000000000010011110101000101101010011010110
101010110000000011000000000000000000000000000000000000000000000010011110101000101101010011010110
000011000010111111000000000000000000000000000000000000000000000010011110101000101101010011010110
000101010011111010000000000000000000000000000000000000000000000010011110101000101101010011010110
100101101111101000100000000000000000000000000000000000000000000010011110101000101101010011010110
110001000000000111000000000000000000000000000000000000000000000010011110101000101101010011010110
100000000100100100000000000000000000000000000000000000000000000010011110101000101101010011010110
000111000101110111000000000000000000000000000000000000000000000010011110101000101101010011010110
010111110100010100000000000000000000000000000000000000000000000010011110101000101101010011010110
011101100101101011000000000000000000000000000000000000000000000010011110101000101101010011010110
100001111111101000000000000000000000000000000000000000000000000010011110101000101101010011010110
011011000100101110000000000000000000000000000000000000000000000010011110101000101101010011010110
011100000101000001000000000000000000000000000000000000000000000010011110101000101101010011010110
000011010001111010000000000000000000000000000000000000000000000010011110101000101101010011010110
101110101001110011000000000000000000000000000000000000000000000010011110101000101101010011010110
001111011111011111000000000000000000000000000000000000000000000010011110101000101101010011010110
101011100111010101000000000000000000000000000000000000000000000010011110101000101101010011010110
011110100110101001000000000000000000000000000000000000000000000010011110101000101101010011010110
110110000000000011000000000000000000000000000000000000000000000010011110101000101101010011010110
000111111101111001000000000000000000000000000000000000000000000010011110101000101101010011010110
111001111101001110000000000000000000000000000000000000000000000010011110101000101101010011010110
001000000010000001000000000000000000000000000000000000000000000010011110101000101101010011010110
001010001000001101000000000000000000000000000000000000000000000010011110101000101101010011010110
000001101100111000100000000000000000000000000000000000000000000010011110101000101101010011010110
010001100100111011000000000000000000000000000000000000000000000010011110101000101101010011010110
011110001001001110000000000000000000000000000000000000000000000010011110101000101101010011010110
100001011101110111000000000000000000000000000000000000000000000010011110101000101101010011010110
110010101101110000100000000000000000000000000000000000000000000010011110101000101101010011010110
000100011100111010000000000000000000000000000000000000000000000010011110101000101101010011010110
011110011110010111000000000000000000000000000000000000000000000010011110101000101101010011010110
011100011001110000100000000000000000000000000000000000000000000010011110101000101101010011010110
000111000010011110000000000000000000000000000000000000000000000010011110101000101101010011010110
000011000111101011000000000000000000000000000000000000000000000010011110101000101101010011010110
000101110110100000000000000000000000000000000000000000000000000010011110101000101101010011010110
101001110110011011000000000000000000000000000000000000000000000010011110101000101101010011010110
111010011101101000100000000000000000000000000000000000000000000010011110101000101101010011010110
011011011100011100000000000000000000000000000000000000000000000010011110101000101101010011010110
100110011111100110000000000000000000000000000000000000000000000010011110101000101101010011010110
111000111010101101000000000000000000000000000000000000000000000010011110101000101101010011010110
000010111100101000000000000000000000000000000000000000000000000010011110101000101101010011010110
010111001100100001000000000000000000000000000000000000000000000010011110101000101101010011010110
010110111111101001000000000000000000000000000000000000000000000010011110101000101101010011010110
111111010101110011000000000000000000000000000000000000000000000010011110101000101101010011010110
001101011111001101000000000000000000000000000000000000000000000010011110101000101101010011010110
110101101011000011000000000000000000000000000000000000000000000010011110101000101101010011010110
000001101100110101000000000000000000000000000000000000000000000010011110101000101101010011010110
011111011101010010000000000000000000000000000000000000000000000010011110101000101101010011010110
000000010000100100100000000000000000000000000000000000000000000010011110101000101101010011010110
100000100111111001000000000000000000000000000000000000000000000010011110101000101101010011010110
001100010010010000000000000000000000000000000000000000000000000010011110101000101101010011010110
110101110011000001000000000000000000000000000000000000000000000010011110101000101101010011010110
010010111110001100000000000000000000000000000000000000000000000010011110101000101101010011010110
001010011010001101000000000000000000000000000000000000000000000010011110101000101101010011010110
101001110100011111000000000000000000000000000000000000000000000010011110101000101101010011010110
110010110000111000000000000000000000000000000000000000000000000010011110101000101101010011010110
011000010100001100000000000000000000000000000000000000000000000010011110101000101101010011010110
011010100110010101000000000000000000000000000000000000000000000010011110101000101101010011010110
001010010111111101000000000000000000000000000000000000000000000010011110101000101101010011010110
001010011111101001000000000000000000000000000000000000000000000010011110101000101101010011010110
110001101100100010000000000000000000000000000000000000000000000010011110101000101101010011010110
100111011010110000000000000000000000000000000000000000000000000010011110101000101101010011010110
110111010101110100000000000000000000000000000000000000000000000010011110101000101101010011010110
111000001010010001000000000000000000000000000000000000000000000010011110101000101101010011010110
110001001111100101000000000000000000000000000000000000000000000010011110101000101101010011010110
110011100111110101000000000000000000000000000000000000000000000010011110101000101101010011010110
101110110001000010000000000000000000000000000000000000000000000010011110101000101101010011010110
001001010110101001000000000000000000000000000000000000000000000010011110101000101101010011010110
110010000110100001000000000000000000000000000000000000000000000010011110101000101101010011010110
010101100111011000000000000000000000000000000000000000000000000010011110101000101101010011010110
101011101010100111000000000000000000000000000000000000000000000010011110101000101101010011010110
100011000111101011000000000000000000000000000000000000000000000010011110101000101101010011010110
001100100000111010000000000000000000000000000000000000000000000010011110101000101101010011010110
011111001010111000100000000000000000000000000000000000000000000010011110101000101101010011010110
010110111110110000000000000000000000000000000000000000000000000010011110101000101101010011010110
111111000011010000000000000000000000000000000000000000000000000010011110101000101101010011010110
010001110010110111000000000000000000000000000000000000000000000010011110101000101101010011010110
000001111010110101000000000000000000000000000000000000000000000010011110101000101101010011010110
100110001100011010000000000000000000000000000000000000000000000010011110101000101101010011010110
001111001000110100000000000000000000000000000000000000000000000010011110101000101101010011010110
111000100001010000100000000000000000000000000000000000000000000010011110101000101101010011010110
001110111110110010000000000000000000000000000000000000000000000010011110101000101101010011010110
110001110100100100000000000000000000000000000000000000000000000010011110101000101101010011010110
101100101101101110000000000000000000000000000000000000000000000010011110101000101101010011010110
100001110000011000000000000000000000000000000000000000000000000010011110101000101101010011010110
010000110101011000000000000000000000000000000000000000000000000010011110101000101101010011010110
010110101001111000000000000000000000000000000000000000000000000010011110101000101101010011010110
100010110001100010000000000000000000000000000000000000000000000010011110101000101101010011010110
001010000000001011000000000000000000000000000000000000000000000010011110101000101101010011010110
110011111100111000000000000000000000000000000000000000000000000010011110101000101101010011010110
111010101110100000100000000000000000000000000000000000000000000010011110101000101101010011010110
