001010011000110100000000000000000000000000000000000000000000000010011110101000101101010011010110
001101101010000100000000000000000000000000000000000000000000000010011110101000101101010011010110
100010111100000100100000000000000000000000000000000000000000000010011110101000101101010011010110
010001010111000000000000000000000000000000000000000000000000000010011110101000101101010011010110
011011001101010000100000000000000000000000000000000000000000000010011110101000101101010011010110
011100000010111001000000000000000000000000000000000000000000000010011110101000101101010011010110
010010111010000110000000000000000000000000000000000000000000000010011110101000101101010011010110
001001000100001101000000000000000000000000000000000000000000000010011110101000101101010011010110
100100110100010000000000000000000000000000000000000000000000000010011110101000101101010011010110
100111100010010100000000000000000000000000000000000000000000000010011110101000101101010011010110
110011000001001000100000000000000000000000000000000000000000000010011110101000101101010011010110
010011100000101010000000000000000000000000000000000000000000000010011110101000101101010011010110
111110101000000111000000000000000000000000000000000000000000000010011110101000101101010011010110
110101100110101011000000000000000000000000000000000000000000000010011110101000101101010011010110
111010010110100010000000000000000000000000000000000000000000000010011110101000101101010011010110
001100010001000100100000000000000000000000000000000000000000000010011110101000101101010011010110
010111101011001010000000000000000000000000000000000000000000000010011110101000101101010011010110
011001110011111011000000000000000000000000000000000000000000000010011110101000101101010011010110
111001110100101000100000000000000000000000000000000000000000000010011110101000101101010011010110
110101010110110101000000000000000000000000000000000000000000000010011110101000101101010011010110
111010001110110000000000000000000000000000000000000000000000000010011110101000101101010011010110
111111101100001011000000000000000000000000000000000000000000000010011110101000101101010011010110
010100101001001000000000000000000000000000000000000000000000000010011110101000101101010011010110
010101001010111110000000000000000000000000000000000000000000000010011110101000101101010011010110
000101011000011111000000000000000000000000000000000000000000000010011110101000101101010011010110
000111010100011101000000000000000000000000000000000000000000000010011110101000101101010011010110
111100010010000000100000000000000000000000000000000000000000000010011110101000101101010011010110
111101101111110101000000000000000000000000000000000000000000000010011110101000101101010011010110
001010010001011110000000000000000000000000000000000000000000000010011110101000101101010011010110
000100010001010010000000000000000000000000000000000000000000000010011110101000101101010011010110
100000000001001101000000000000000000000000000000000000000000000010011110101000101101010011010110
100010011011110110000000000000000000000000000000000000000000000010011110101000101101010011010110
011101111101110110000000000000000000000000000000000000000000000010011110101000101101010011010110
010010001100100100000000000000000000000000000000000000000000000010011110101000101101010011010110
001010101111010110000000000000000000000000000000000000000000000010011110101000101101010011010110
110100111110111100000000000000000000000000000000000000000000000010011110101000101101010011010110
110111001101011100000000000000000000000000000000000000000000000010011110101000101101010011010110
101000111001001000100000000000000000000000000000000000000000000010011110101000101101010011010110
100001011110111011000000000000000000000000000000000000000000000010011110101000101101010011010110
100100011111111000100000000000000000000000000000000000000000000010011110101000101101010011010110
001101111111111011000000000000000000000000000000000000000000000010011110101000101101010011010110
110000011110100000000000000000000000000000000000000000000000000010011110101000101101010011010110
100111110110011100000000000000000000000000000000000000000000000010011110101000101101010011010110
110000111111001100000000000000000000000000000000000000000000000010011110101000101101010011010110
011111110101000100100000000000000000000000000000000000000000000010011110101000101101010011010110
000010011000011011000000000000000000000000000000000000000000000010011110101000101101010011010110
100010101000100111000000000000000000000000000000000000000000000010011110101000101101010011010110
001011110100111100000000000000000000000000000000000000000000000010011110101000101101010011010110
101100000100101000100000000000000000000000000000000000000000000010011110101000101101010011010110
010101011111011000100000000000000000000000000000000000000000000010011110101000101101010011010110
110001010101001000100000000000000000000000000000000000000000000010011110101000101101010011010110
101001011010101000000000000000000000000000000000000000000000000010011110101000101101010011010110
111100110100110100000000000000000000000000000000000000000000000010011110101000101101010011010110
110000001101001001000000000000000000000000000000000000000000000010011110101000101101010011010110
100001000010010101000000000000000000000000000000000000000000000010011110101000101101010011010110
101000111111001000100000000000000000000000000000000000000000000010011110101000101101010011010110
111001101000100001000000000000000000000000000000000000000000000010011110101000101101010011010110
010100101111110000000000000000000000000000000000000000000000000010011110101000101101010011010110
100010000110110111000000000000000000000000000000000000000000000010011110101000101101010011010110
110001101110100110000000000000000000000000000000000000000000000010011110101000101101010011010110
110000100101010001000000000000000000000000000000000000000000000010011110101000101101010011010110
110010100111011000100000000000000000000000000000000000000000000010011110101000101101010011010110
101011101001111100000000000000000000000000000000000000000000000010011110101000101101010011010110
101000010100010110000000000000000000000000000000000000000000000010011110101000101101010011010110
000001101101011011000000000000000000000000000000000000000000000010011110101000101101010011010110
010101001111101110000000000000000000000000000000000000000000000010011110101000101101010011010110
101101011110011000100000000000000000000000000000000000000000000010011110101000101101010011010110
011011011111101001000000000000000000000000000000000000000000000010011110101000101101010011010110
001001100101001001000000000000000000000000000000000000000000000010011110101000101101010011010110
101100000110100011000000000000000000000000000000000000000000000010011110101000101101010011010110
011100000000010010000000000000000000000000000000000000000000000010011110101000101101010011010110
101100100110110001000000000000000000000000000000000000000000000010011110101000101101010011010110
000110001001100010000000000000000000000000000000000000000000000010011110101000101101010011010110
010110100010110100000000000000000000000000000000000000000000000010011110101000101101010011010110
100001010001001000000000000000000000000000000000000000000000000010011110101000101101010011010110
101111111111111000100000000000000000000000000000000000000000000010011110101000101101010011010110
111101111010111100000000000000000000000000000000000000000000000010011110101000101101010011010110
011110010011010011000000000000000000000000000000000000000000000010011110101000101101010011010110
010000011100011000100000000000000000000000000000000000000000000010011110101000101101010011010110
000000010110001110000000000000000000000000000000000000000000000010011110101000101101010011010110
010010010010010000000000000000000000000000000000000000000000000010011110101000101101010011010110
000010010000100100000000000000000000000000000000000000000000000010011110101000101101010011010110
110101000011110111000000000000000000000000000000000000000000000010011110101000101101010011010110
010011101000001000100000000000000000000000000000000000000000000010011110101000101101010011010110
001100111111010111000000000000000000000000000000000000000000000010011110101000101101010011010110
000010000010001010000000000000000000000000000000000000000000000010011110101000101101010011010110
010111101010100010000000000000000000000000000000000000000000000010011110101000101101010011010110
101011111101100011000000000000000000000000000000000000000000000010011110101000101101010011010110
001010111000110001000000000000000000000000000000000000000000000010011110101000101101010011010110
111111000100111110000000000000000000000000000000000000000000000010011110101000101101010011010110
000110011110100000100000000000000000000000000000000000000000000010011110101000101101010011010110
110000101111011011000000000000000000000000000000000000000000000010011110101000101101010011010110
011100100110000000000000000000000000000000000000000000000000000010011110101000101101010011010110
010010000100101000000000000000000000000000000000000000000000000010011110101000101101010011010110
001111010011110111000000000000000000000000000000000000000000000010011110101000101101010011010110
001100010100000100000000000000000000000000000000000000000000000010011110101000101101010011010110
011111110101100011000000000000000000000000000000000000000000000010011110101000101101010011010110
011011000111000000000000000000000000000000000000000000000000000010011110101000101101010011010110
011101000100010010000000000000000000000000000000000000000000000010011110101000101101010011010110
110001111101101001000000000000000000000000000000000000000000000010011110101000101101010011010110
001011100000100100000000000000000000000000000000000000000000000010011110101000101101010011010110
011101101010101100000000000000000000000000000000000000000000000010011110101000101101010011010110
010000100111110110000000000000000000000000000000000000000000000010011110101000101101010011010110
100110011100110110000000000000000000000000000000000000000000000010011110101000101101010011010110
011101010000110010000000000000000000000000000000000000000000000010011110101000101101010011010110
010101100110010000100000000000000000000000000000000000000000000010011110101000101101010011010110
111011001101000000000000000000000000000000000000000000000000000010011110101000101101010011010110
001010100001100011000000000000000000000000000000000000000000000010011110101000101101010011010110
011011001111011101000000000000000000000000000000000000000000000010011110101000101101010011010110
011000110111010001000000000000000000000000000000000000000000000010011110101000101101010011010110
001101111011010000100000000000000000000000000000000000000000000010011110101000101101010011010110
011001110101100111000000000000000000000000000000000000000000000010011110101000101101010011010110
010100111110111111000000000000000000000000000000000000000000000010011110101000101101010011010110
011011000110101000000000000000000000000000000000000000000000000010011110101000101101010011010110
100011000001111010000000000000000000000000000000000000000000000010011110101000101101010011010110
001011010010010000100000000000000000000000000000000000000000000010011110101000101101010011010110
001011000001001111000000000000000000000000000000000000000000000010011110101000101101010011010110
101010011001101110000000000000000000000000000000000000000000000010011110101000101101010011010110
000100100110001001000000000000000000000000000000000000000000000010011110101000101101010011010110
011100001110111111000000000000000000000000000000000000000000000010011110101000101101010011010110
010001010111100000000000000000000000000000000000000000000000000010011110101000101101010011010110
000001101101011101000000000000000000000000000000000000000000000010011110101000101101010011010110
101011000101100011000000000000000000000000000000000000000000000010011110101000101101010011010110
100010010111011000000000000000000000000000000000000000000000000010011110101000101101010011010110
101111111000000101000000000000000000000000000000000000000000000010011110101000101101010011010110
010110101111011101000000000000000000000000000000000000000000000010011110101000101101010011010110
111001111111101001000000000000000000000000000000000000000000000010011110101000101101010011010110
101000100001000110000000000000000000000000000000000000000000000010011110101000101101010011010110
010010100000011000100000000000000000000000000000000000000000000010011110101000101101010011010110
111100000011110000000000000000000000000000000000000000000000000010011110101000101101010011010110
010111111000101110000000000000000000000000000000000000000000000010011110101000101101010011010110
111001100101110111000000000000000000000000000000000000000000000010011110101000101101010011010110
111110011111000111000000000000000000000000000000000000000000000010011110101000101101010011010110
110010101101010011000000000000000000000000000000000000000000000010011110101000101101010011010110
110000110100110111000000000000000000000000000000000000000000000010011110101000101101010011010110
000010100111011100000000000000000000000000000000000000000000000010011110101000101101010011010110
001111100001110010000000000000000000000000000000000000000000000010011110101000101101010011010110
000110000010010010000000000000000000000000000000000000000000000010011110101000101101010011010110
110011110110000100100000000000000000000000000000000000000000000010011110101000101101010011010110
111101100100000100100000000000000000000000000000000000000000000010011110101000101101010011010110
010000101111101000000000000000000000000000000000000000000000000010011110101000101101010011010110
100001001101000101000000000000000000000000000000000000000000000010011110101000101101010011010110
001101101001010011000000000000000000000000000000000000000000000010011110101000101101010011010110
101001000101111000000000000000000000000000000000000000000000000010011110101000101101010011010110
111011010000011000000000000000000000000000000000000000000000000010011110101000101101010011010110
011101011101001101000000000000000000000000000000000000000000000010011110101000101101010011010110
010111010100000100000000000000000000000000000000000000000000000010011110101000101101010011010110
101011001000000000100000000000000000000000000000000000000000000010011110101000101101010011010110
111110000001001101000000000000000000000000000000000000000000000010011110101000101101010011010110
011011100101011010000000000000000000000000000000000000000000000010011110101000101101010011010110
110000111110011101000000000000000000000000000000000000000000000010011110101000101101010011010110
011001000101111011000000000000000000000000000000000000000000000010011110101000101101010011010110
001000010100100010000000000000000000000000000000000000000000000010011110101000101101010011010110
000001110100110010000000000000000000000000000000000000000000000010011110101000101101010011010110
010001111111011000000000000000000000000000000000000000000000000010011110101000101101010011010110
001001011101000011000000000000000000000000000000000000000000000010011110101000101101010011010110
110010011100100100000000000000000000000000000000000000000000000010011110101000101101010011010110
100100110110010110000000000000000000000000000000000000000000000010011110101000101101010011010110
001110100011111010000000000000000000000000000000000000000000000010011110101000101101010011010110
011101101011001000100000000000000000000000000000000000000000000010011110101000101101010011010110
100010001001000110000000000000000000000000000000000000000000000010011110101000101101010011010110
101101110110011101000000000000000000000000000000000000000000000010011110101000101101010011010110
011100011010010001000000000000000000000000000000000000000000000010011110101000101101010011010110
010100001101010000100000000000000000000000000000000000000000000010011110101000101101010011010110
000110111111011100000000000000000000000000000000000000000000000010011110101000101101010011010110
110111100001011000100000000000000000000000000000000000000000000010011110101000101101010011010110
000001000000110111000000000000000000000000000000000000000000000010011110101000101101010011010110
110010100111000010000000000000000000000000000000000000000000000010011110101000101101010011010110
001001100010110010000000000000000000000000000000000000000000000010011110101000101101010011010110
010101101010101001000000000000000000000000000000000000000000000010011110101000101101010011010110
000011011111001010000000000000000000000000000000000000000000000010011110101000101101010011010110
110111111010000101000000000000000000000000000000000000000000000010011110101000101101010011010110
001011010000011011000000000000000000000000000000000000000000000010011110101000101101010011010110
001001000011010000000000000000000000000000000000000000000000000010011110101000101101010011010110
010001010011110110000000000000000000000000000000000000000000000010011110101000101101010011010110
000101110110000101000000000000000000000000000000000000000000000010011110101000101101010011010110
101111100110111000000000000000000000000000000000000000000000000010011110101000101101010011010110
001010001001110000000000000000000000000000000000000000000000000010011110101000101101010011010110
100111100011100111000000000000000000000000000000000000000000000010011110101000101101010011010110
000001010011100010000000000000000000000000000000000000000000000010011110101000101101010011010110
101011110010000101000000000000000000000000000000000000000000000010011110101000101101010011010110
111001010000101111000000000000000000000000000000000000000000000010011110101000101101010011010110
001100100010100001000000000000000000000000000000000000000000000010011110101000101101010011010110
101111111110011010000000000000000000000000000000000000000000000010011110101000101101010011010110
001011010000011111000000000000000000000000000000000000000000000010011110101000101101010011010110
000111111000010011000000000000000000000000000000000000000000000010011110101000101101010011010110
001001101100000011000000000000000000000000000000000000000000000010011110101000101101010011010110
001101100000111100000000000000000000000000000000000000000000000010011110101000101101010011010110
001000101011100111000000000000000000000000000000000000000000000010011110101000101101010011010110
001100110100111000000000000000000000000000000000000000000000000010011110101000101101010011010110
011011110110010100000000000000000000000000000000000000000000000010011110101000101101010011010110
000001011010011000100000000000000000000000000000000000000000000010011110101000101101010011010110
000101000111100000000000000000000000000000000000000000000000000010011110101000101101010011010110
001010101110011101000000000000000000000000000000000000000000000010011110101000101101010011010110
110111010000010101000000000000000000000000000000000000000000000010011110101000101101010011010110
001110010101110101000000000000000000000000000000000000000000000010011110101000101101010011010110
001110111000111110000000000000000000000000000000000000000000000010011110101000101101010011010110
101000100111000111000000000000000000000000000000000000000000000010011110101000101101010011010110
111110001111000000000000000000000000000000000000000000000000000010011110101000101101010011010110
110100110000000101000000000000000000000000000000000000000000000010011110101000101101010011010110
001000111011001011000000000000000000000000000000000000000000000010011110101000101101010011010110
001010010010001011000000000000000000000000000000000000000000000010011110101000101101010011010110
000100100011101000000000000000000000000000000000000000000000000010011110101000101101010011010110
001011100011111100000000000000000000000000000000000000000000000010011110101000101101010011010110
110000110100001000100000000000000000000000000000000000000000000010011110101000101101010011010110
011001000101110100000000000000000000000000000000000000000000000010011110101000101101010011010110
010111001011011101000000000000000000000000000000000000000000000010011110101000101101010011010110
010011111001110110000000000000000000000000000000000000000000000010011110101000101101010011010110
001000001100000110000000000000000000000000000000000000000000000010011110101000101101010011010110
010000011010000100000000000000000000000000000000000000000000000010011110101000101101010011010110
000000101100110010000000000000000000000000000000000000000000000010011110101000101101010011010110
110011000000011000100000000000000000000000000000000000000000000010011110101000101101010011010110
011101000011010000000000000000000000000000000000000000000000000010011110101000101101010011010110
011101101101101101000000000000000000000000000000000000000000000010011110101000101101010011010110
111111010101010100000000000000000000000000000000000000000000000010011110101000101101010011010110
010001110001000001000000000000000000000000000000000000000000000010011110101000101101010011010110
101111100101110001000000000000000000000000000000000000000000000010011110101000101101010011010110
010101100101111100000000000000000000000000000000000000000000000010011110101000101101010011010110
011100110001000000100000000000000000000000000000000000000000000010011110101000101101010011010110
011110101000001110000000000000000000000000000000000000000000000010011110101000101101010011010110
111101010000101010000000000000000000000000000000000000000000000010011110101000101101010011010110
001011000101001001000000000000000000000000000000000000000000000010011110101000101101010011010110
010011111111111001000000000000000000000000000000000000000000000010011110101000101101010011010110
110010010111100000000000000000000000000000000000000000000000000010011110101000101101010011010110
101001011001000001000000000000000000000000000000000000000000000010011110101000101101010011010110
011000000110010110000000000000000000000000000000000000000000000010011110101000101101010011010110
101011001000000100100000000000000000000000000000000000000000000010011110101000101101010011010110
001000101010010000100000000000000000000000000000000000000000000010011110101000101101010011010110
111000111101100001000000000000000000000000000000000000000000000010011110101000101101010011010110
011010100110010110000000000000000000000000000000000000000000000010011110101000101101010011010110
110010010100100100100000000000000000000000000000000000000000000010011110101000101101010011010110
110010011011010001000000000000000000000000000000000000000000000010011110101000101101010011010110
001101100001111001000000000000000000000000000000000000000000000010011110101000101101010011010110
010101000100111101000000000000000000000000000000000000000000000010011110101000101101010011010110
010111000001010010000000000000000000000000000000000000000000000010011110101000101101010011010110
010100101010110010000000000000000000000000000000000000000000000010011110101000101101010011010110
111011010001011001000000000000000000000000000000000000000000000010011110101000101101010011010110
100001000100010010000000000000000000000000000000000000000000000010011110101000101101010011010110
010100111010100000100000000000000000000000000000000000000000000010011110101000101101010011010110
110110101010110000100000000000000000000000000000000000000000000010011110101000101101010011010110
001110111011111101000000000000000000000000000000000000000000000010011110101000101101010011010110
010011011010010011000000000000000000000000000000000000000000000010011110101000101101010011010110
011110110001010101000000000000000000000000000000000000000000000010011110101000101101010011010110
001110001101011101000000000000000000000000000000000000000000000010011110101000101101010011010110
000011100000010011000000000000000000000000000000000000000000000010011110101000101101010011010110
110100010010110111000000000000000000000000000000000000000000000010011110101000101101010011010110
110111000100110001000000000000000000000000000000000000000000000010011110101000101101010011010110
010100110011110111000000000000000000000000000000000000000000000010011110101000101101010011010110
011100100001000100000000000000000000000000000000000000000000000010011110101000101101010011010110
000010101100100000000000000000000000000000000000000000000000000010011110101000101101010011010110
110110001010010001000000000000000000000000000000000000000000000010011110101000101101010011010110
100100100010011000100000000000000000000000000000000000000000000010011110101000101101010011010110
001101010000101111000000000000000000000000000000000000000000000010011110101000101101010011010110
001001111000010110000000000000000000000000000000000000000000000010011110101000101101010011010110
010110111111000011000000000000000000000000000000000000000000000010011110101000101101010011010110
001010011010110110000000000000000000000000000000000000000000000010011110101000101101010011010110
011011011110100111000000000000000000000000000000000000000000000010011110101000101101010011010110
001101010101101011000000000000000000000000000000000000000000000010011110101000101101010011010110
101000101010101011000000000000000000000000000000000000000000000010011110101000101101010011010110
000000000101111100000000000000000000000000000000000000000000000010011110101000101101010011010110
000100000010001100000000000000000000000000000000000000000000000010011110101000101101010011010110
111101101011001010000000000000000000000000000000000000000000000010011110101000101101010011010110
100011000111011011000000000000000000000000000000000000000000000010011110101000101101010011010110
100100101011110001000000000000000000000000000000000000000000000010011110101000101101010011010110
100110110001111011000000000000000000000000000000000000000000000010011110101000101101010011010110
011000110111101110000000000000000000000000000000000000000000000010011110101000101101010011010110
010100000010111100000000000000000000000000000000000000000000000010011110101000101101010011010110
110001011011101001000000000000000000000000000000000000000000000010011110101000101101010011010110
011011001100111110000000000000000000000000000000000000000000000010011110101000101101010011010110
100000100001100000000000000000000000000000000000000000000000000010011110101000101101010011010110
000010001011011010000000000000000000000000000000000000000000000010011110101000101101010011010110
011000100010100101000000000000000000000000000000000000000000000010011110101000101101010011010110
001101001101110000100000000000000000000000000000000000000000000010011110101000101101010011010110
110110110000110001000000000000000000000000000000000000000000000010011110101000101101010011010110
011000001001011101000000000000000000000000000000000000000000000010011110101000101101010011010110
011010001101100110000000000000000000000000000000000000000000000010011110101000101101010011010110
010111011000001110000000000000000000000000000000000000000000000010011110101000101101010011010110
000100100100110001000000000000000000000000000000000000000000000010011110101000101101010011010110
110001000000011000000000000000000000000000000000000000000000000010011110101000101101010011010110
111010011101000010000000000000000000000000000000000000000000000010011110101000101101010011010110
011001011010011000100000000000000000000000000000000000000000000010011110101000101101010011010110
110100100010001001000000000000000000000000000000000000000000000010011110101000101101010011010110
111110011101010110000000000000000000000000000000000000000000000010011110101000101101010011010110
001111010101011100000000000000000000000000000000000000000000000010011110101000101101010011010110
111010001001011101000000000000000000000000000000000000000000000010011110101000101101010011010110
110110101101001010000000000000000000000000000000000000000000000010011110101000101101010011010110
100110000100101000000000000000000000000000000000000000000000000010011110101000101101010011010110
100101101001010111000000000000000000000000000000000000000000000010011110101000101101010011010110
110001011001010000000000000000000000000000000000000000000000000010011110101000101101010011010110
110100001011011000000000000000000000000000000000000000000000000010011110101000101101010011010110
100010001101110101000000000000000000000000000000000000000000000010011110101000101101010011010110
101110110101000110000000000000000000000000000000000000000000000010011110101000101101010011010110
110100101001000100100000000000000000000000000000000000000000000010011110101000101101010011010110
010110010100000010000000000000000000000000000000000000000000000010011110101000101101010011010110
010111000001101011000000000000000000000000000000000000000000000010011110101000101101010011010110
111001101110110101000000000000000000000000000000000000000000000010011110101000101101010011010110
010010001110011000100000000000000000000000000000000000000000000010011110101000101101010011010110
011000011110111110000000000000000000000000000000000000000000000010011110101000101101010011010110
001001000101010100000000000000000000000000000000000000000000000010011110101000101101010011010110
101100100101110011000000000000000000000000000000000000000000000010011110101000101101010011010110
001101011010111001000000000000000000000000000000000000000000000010011110101000101101010011010110
011011011011000100000000000000000000000000000000000000000000000010011110101000101101010011010110
101011100110001100000000000000000000000000000000000000000000000010011110101000101101010011010110
111010100111110110000000000000000000000000000000000000000000000010011110101000101101010011010110
000111110011110110000000000000000000000000000000000000000000000010011110101000101101010011010110
010011010001101111000000000000000000000000000000000000000000000010011110101000101101010011010110
010100000111100011000000000000000000000000000000000000000000000010011110101000101101010011010110
000110011111010001000000000000000000000000000000000000000000000010011110101000101101010011010110
111101000000110101000000000000000000000000000000000000000000000010011110101000101101010011010110
111111101111110000000000000000000000000000000000000000000000000010011110101000101101010011010110
100101011010000000000000000000000000000000000000000000000000000010011110101000101101010011010110
101100010101110000000000000000000000000000000000000000000000000010011110101000101101010011010110
100101110111101010000000000000000000000000000000000000000000000010011110101000101101010011010110
010010110111110111000000000000000000000000000000000000000000000010011110101000101101010011010110
001010011101010001000000000000000000000000000000000000000000000010011110101000101101010011010110
100110100011100111000000000000000000000000000000000000000000000010011110101000101101010011010110
111111001001100000100000000000000000000000000000000000000000000010011110101000101101010011010110
100101011100111010000000000000000000000000000000000000000000000010011110101000101101010011010110
100000100001101101000000000000000000000000000000000000000000000010011110101000101101010011010110
111010110000110000000000000000000000000000000000000000000000000010011110101000101101010011010110
111001100101001101000000000000000000000000000000000000000000000010011110101000101101010011010110
100101101111111110000000000000000000000000000000000000000000000010011110101000101101010011010110
101111000100111011000000000000000000000000000000000000000000000010011110101000101101010011010110
101000011010010111000000000000000000000000000000000000000000000010011110101000101101010011010110
111111110111010101000000000000000000000000000000000000000000000010011110101000101101010011010110
011000100111101011000000000000000000000000000000000000000000000010011110101000101101010011010110
011111001101001010000000000000000000000000000000000000000000000010011110101000101101010011010110
100110110110100111000000000000000000000000000000000000000000000010011110101000101101010011010110
110101100000010000000000000000000000000000000000000000000000000010011110101000101101010011010110
010111001110000110000000000000000000000000000000000000000000000010011110101000101101010011010110
001001011000010001000000000000000000000000000000000000000000000010011110101000101101010011010110
101111111010101011000000000000000000000000000000000000000000000010011110101000101101010011010110
010010001011011000000000000000000000000000000000000000000000000010011110101000101101010011010110
100010111100000010000000000000000000000000000000000000000000000010011110101000101101010011010110
110000000101111111000000000000000000000000000000000000000000000010011110101000101101010011010110
100100100111001001000000000000000000000000000000000000000000000010011110101000101101010011010110
100010010110110011000000000000000000000000000000000000000000000010011110101000101101010011010110
111101100001001000100000000000000000000000000000000000000000000010011110101000101101010011010110
101100001100010000000000000000000000000000000000000000000000000010011110101000101101010011010110
011010011101100000100000000000000000000000000000000000000000000010011110101000101101010011010110
000101011000101010000000000000000000000000000000000000000000000010011110101000101101010011010110
010000000111100100000000000000000000000000000000000000000000000010011110101000101101010011010110
111011010001100011000000000000000000000000000000000000000000000010011110101000101101010011010110
111001100111001101000000000000000000000000000000000000000000000010011110101000101101010011010110
110001001110110000000000000000000000000000000000000000000000000010011110101000101101010011010110
100110100100011010000000000000000000000000000000000000000000000010011110101000101101010011010110
001101001110001111000000000000000000000000000000000000000000000010011110101000101101010011010110
011111011010110010000000000000000000000000000000000000000000000010011110101000101101010011010110
000100001110101111000000000000000000000000000000000000000000000010011110101000101101010011010110
101101011111011110000000000000000000000000000000000000000000000010011110101000101101010011010110
111000100110010100000000000000000000000000000000000000000000000010011110101000101101010011010110
000011010011101001000000000000000000000000000000000000000000000010011110101000101101010011010110
001101010100111000000000000000000000000000000000000000000000000010011110101000101101010011010110
010001100110011110000000000000000000000000000000000000000000000010011110101000101101010011010110
111100011100001111000000000000000000000000000000000000000000000010011110101000101101010011010110
100010111000100001000000000000000000000000000000000000000000000010011110101000101101010011010110
001100110111010010000000000000000000000000000000000000000000000010011110101000101101010011010110
001000010110001011000000000000000000000000000000000000000000000010011110101000101101010011010110
100101000001010111000000000000000000000000000000000000000000000010011110101000101101010011010110
000100101111000100100000000000000000000000000000000000000000000010011110101000101101010011010110
101111010100110110000000000000000000000000000000000000000000000010011110101000101101010011010110
101011110110101110000000000000000000000000000000000000000000000010011110101000101101010011010110
111000100000000100000000000000000000000000000000000000000000000010011110101000101101010011010110
100001101000111110000000000000000000000000000000000000000000000010011110101000101101010011010110
011011011101100000000000000000000000000000000000000000000000000010011110101000101101010011010110
011010101010011001000000000000000000000000000000000000000000000010011110101000101101010011010110
000010111010011111000000000000000000000000000000000000000000000010011110101000101101010011010110
110110001000000100000000000000000000000000000000000000000000000010011110101000101101010011010110
111110001100011000000000000000000000000000000000000000000000000010011110101000101101010011010110
001111101000100100100000000000000000000000000000000000000000000010011110101000101101010011010110
111101010100110111000000000000000000000000000000000000000000000010011110101000101101010011010110
011110110000101000000000000000000000000000000000000000000000000010011110101000101101010011010110
110111000000010011000000000000000000000000000000000000000000000010011110101000101101010011010110
000110001001111010000000000000000000000000000000000000000000000010011110101000101101010011010110
010001110010100010000000000000000000000000000000000000000000000010011110101000101101010011010110
010101011000001111000000000000000000000000000000000000000000000010011110101000101101010011010110
111101110110100011000000000000000000000000000000000000000000000010011110101000101101010011010110
001001001100111111000000000000000000000000000000000000000000000010011110101000101101010011010110
011010110011100110000000000000000000000000000000000000000000000010011110101000101101010011010110
000010111001110000100000000000000000000000000000000000000000000010011110101000101101010011010110
000110100111111111000000000000000000000000000000000000000000000010011110101000101101010011010110
110011111001110010000000000000000000000000000000000000000000000010011110101000101101010011010110
110000101101101111000000000000000000000000000000000000000000000010011110101000101101010011010110
100100000110011011000000000000000000000000000000000000000000000010011110101000101101010011010110
110000001111111111000000000000000000000000000000000000000000000010011110101000101101010011010110
101010100100000100100000000000000000000000000000000000000000000010011110101000101101010011010110
100010110010011000000000000000000000000000000000000000000000000010011110101000101101010011010110
000100010010000000100000000000000000000000000000000000000000000010011110101000101101010011010110
101010100000101011000000000000000000000000000000000000000000000010011110101000101101010011010110
001101100100000110000000000000000000000000000000000000000000000010011110101000101101010011010110
001111100000111110000000000000000000000000000000000000000000000010011110101000101101010011010110
101010110011011111000000000000000000000000000000000000000000000010011110101000101101010011010110
111100001100010000100000000000000000000000000000000000000000000010011110101000101101010011010110
110110001101010111000000000000000000000000000000000000000000000010011110101000101101010011010110
010100111111010010000000000000000000000000000000000000000000000010011110101000101101010011010110
110010011110010001000000000000000000000000000000000000000000000010011110101000101101010011010110
111111010110011000100000000000000000000000000000000000000000000010011110101000101101010011010110
110010000110100001000000000000000000000000000000000000000000000010011110101000101101010011010110
001110100000101100000000000000000000000000000000000000000000000010011110101000101101010011010110
011011101010101100000000000000000000000000000000000000000000000010011110101000101101010011010110
110111110001110010000000000000000000000000000000000000000000000010011110101000101101010011010110
010100011010011110000000000000000000000000000000000000000000000010011110101000101101010011010110
011110100111110000000000000000000000000000000000000000000000000010011110101000101101010011010110
000011010110110011000000000000000000000000000000000000000000000010011110101000101101010011010110
110111011110001011000000000000000000000000000000000000000000000010011110101000101101010011010110
000001001010101000000000000000000000000000000000000000000000000010011110101000101101010011010110
101111000110110000000000000000000000000000000000000000000000000010011110101000101101010011010110
011111110000100110000000000000000000000000000000000000000000000010011110101000101101010011010110
111101101110001000100000000000000000000000000000000000000000000010011110101000101101010011010110
011010101010000000100000000000000000000000000000000000000000000010011110101000101101010011010110
001010111010100111000000000000000000000000000000000000000000000010011110101000101101010011010110
001001110001010110000000000000000000000000000000000000000000000010011110101000101101010011010110
100111011001110001000000000000000000000000000000000000000000000010011110101000101101010011010110
111100011011010011000000000000000000000000000000000000000000000010011110101000101101010011010110
000000110011001010000000000000000000000000000000000000000000000010011110101000101101010011010110
010001111100110100000000000000000000000000000000000000000000000010011110101000101101010011010110
111010011000011011000000000000000000000000000000000000000000000010011110101000101101010011010110
010011100011000001000000000000000000000000000000000000000000000010011110101000101101010011010110
010111110101001110000000000000000000000000000000000000000000000010011110101000101101010011010110
101100110111000000100000000000000000000000000000000000000000000010011110101000101101010011010110
111101001111110101000000000000000000000000000000000000000000000010011110101000101101010011010110
100000100001101000100000000000000000000000000000000000000000000010011110101000101101010011010110
001101100100000101000000000000000000000000000000000000000000000010011110101000101101010011010110
010111110101011001000000000000000000000000000000000000000000000010011110101000101101010011010110
100111010100000111000000000000000000000000000000000000000000000010011110101000101101010011010110
110110011011100100000000000000000000000000000000000000000000000010011110101000101101010011010110
110000010010011000100000000000000000000000000000000000000000000010011110101000101101010011010110
000001111011100111000000000000000000000000000000000000000000000010011110101000101101010011010110
110000101111100010000000000000000000000000000000000000000000000010011110101000101101010011010110
110010100000011111000000000000000000000000000000000000000000000010011110101000101101010011010110
001100000110100010000000000000000000000000000000000000000000000010011110101000101101010011010110
100101110101100110000000000000000000000000000000000000000000000010011110101000101101010011010110
010101101001011001000000000000000000000000000000000000000000000010011110101000101101010011010110
101110110001100011000000000000000000000000000000000000000000000010011110101000101101010011010110
001010110001000100000000000000000000000000000000000000000000000010011110101000101101010011010110
010000000001111110000000000000000000000000000000000000000000000010011110101000101101010011010110
011100100010101000100000000000000000000000000000000000000000000010011110101000101101010011010110
111000101011100111000000000000000000000000000000000000000000000010011110101000101101010011010110
010011010011101111000000000000000000000000000000000000000000000010011110101000101101010011010110
010101100111100010000000000000000000000000000000000000000000000010011110101000101101010011010110
001001001110000110000000000000000000000000000000000000000000000010011110101000101101010011010110
011101100001101000100000000000000000000000000000000000000000000010011110101000101101010011010110
000010100001000010000000000000000000000000000000000000000000000010011110101000101101010011010110
111111001101011100000000000000000000000000000000000000000000000010011110101000101101010011010110
001011110001100101000000000000000000000000000000000000000000000010011110101000101101010011010110
101101001001100111000000000000000000000000000000000000000000000010011110101000101101010011010110
110000101000000001000000000000000000000000000000000000000000000010011110101000101101010011010110
001010010011100010000000000000000000000000000000000000000000000010011110101000101101010011010110
011001101011110000000000000000000000000000000000000000000000000010011110101000101101010011010110
001101010100110100000000000000000000000000000000000000000000000010011110101000101101010011010110
111000101100000100000000000000000000000000000000000000000000000010011110101000101101010011010110
111000100000000100100000000000000000000000000000000000000000000010011110101000101101010011010110
011110000010011101000000000000000000000000000000000000000000000010011110101000101101010011010110
000100100110010000100000000000000000000000000000000000000000000010011110101000101101010011010110
000010000110111100000000000000000000000000000000000000000000000010011110101000101101010011010110
110110101011011011000000000000000000000000000000000000000000000010011110101000101101010011010110
100011011001111000000000000000000000000000000000000000000000000010011110101000101101010011010110
111010101100111100000000000000000000000000000000000000000000000010011110101000101101010011010110
101100001101010100000000000000000000000000000000000000000000000010011110101000101101010011010110
100110110111101000000000000000000000000000000000000000000000000010011110101000101101010011010110
001010011011000010000000000000000000000000000000000000000000000010011110101000101101010011010110
110011000000101100000000000000000000000000000000000000000000000010011110101000101101010011010110
101111111011011010000000000000000000000000000000000000000000000010011110101000101101010011010110
011110110100010111000000000000000000000000000000000000000000000010011110101000101101010011010110
000011000000100000100000000000000000000000000000000000000000000010011110101000101101010011010110
011001100000110110000000000000000000000000000000000000000000000010011110101000101101010011010110
011000000010010110000000000000000000000000000000000000000000000010011110101000101101010011010110
000110110110000101000000000000000000000000000000000000000000000010011110101000101101010011010110
011101010110110111000000000000000000000000000000000000000000000010011110101000101101010011010110
000010011001100001000000000000000000000000000000000000000000000010011110101000101101010011010110
101000010101011110000000000000000000000000000000000000000000000010011110101000101101010011010110
001001100100010100000000000000000000000000000000000000000000000010011110101000101101010011010110
010110100011010111000000000000000000000000000000000000000000000010011110101000101101010011010110
110011111110000000100000000000000000000000000000000000000000000010011110101000101101010011010110
100110101111100001000000000000000000000000000000000000000000000010011110101000101101010011010110
100010011100000110000000000000000000000000000000000000000000000010011110101000101101010011010110
010111011011010101000000000000000000000000000000000000000000000010011110101000101101010011010110
011110011000001000100000000000000000000000000000000000000000000010011110101000101101010011010110
110110001011001000000000000000000000000000000000000000000000000010011110101000101101010011010110
011111011011000101000000000000000000000000000000000000000000000010011110101000101101010011010110
110111000101111010000000000000000000000000000000000000000000000010011110101000101101010011010110
100000000011111000100000000000000000000000000000000000000000000010011110101000101101010011010110
011110010000001010000000000000000000000000000000000000000000000010011110101000101101010011010110
110111100100111000100000000000000000000000000000000000000000000010011110101000101101010011010110
110000010011000111000000000000000000000000000000000000000000000010011110101000101101010011010110
110001000111100100000000000000000000000000000000000000000000000010011110101000101101010011010110
010010101000011010000000000000000000000000000000000000000000000010011110101000101101010011010110
010100000001001110000000000000000000000000000000000000000000000010011110101000101101010011010110
100111111011111000000000000000000000000000000000000000000000000010011110101000101101010011010110
010100101000111000000000000000000000000000000000000000000000000010011110101000101101010011010110
000100110000010101000000000000000000000000000000000000000000000010011110101000101101010011010110
000000100111110100000000000000000000000000000000000000000000000010011110101000101101010011010110
100100100000110100000000000000000000000000000000000000000000000010011110101000101101010011010110
011011101111110110000000000000000000000000000000000000000000000010011110101000101101010011010110
010110010110100110000000000000000000000000000000000000000000000010011110101000101101010011010110
000000110111100011000000000000000000000000000000000000000000000010011110101000101101010011010110
010110011111010101000000000000000000000000000000000000000000000010011110101000101101010011010110
101110111010110010000000000000000000000000000000000000000000000010011110101000101101010011010110
011111000101110110000000000000000000000000000000000000000000000010011110101000101101010011010110
010011111011100101000000000000000000000000000000000000000000000010011110101000101101010011010110
111011110110111000100000000000000000000000000000000000000000000010011110101000101101010011010110
101100010010101110000000000000000000000000000000000000000000000010011110101000101101010011010110
011100000111111000000000000000000000000000000000000000000000000010011110101000101101010011010110
111010111100100101000000000000000000000000000000000000000000000010011110101000101101010011010110
001111000010100000000000000000000000000000000000000000000000000010011110101000101101010011010110
111111010001100000100000000000000000000000000000000000000000000010011110101000101101010011010110
001100001111100101000000000000000000000000000000000000000000000010011110101000101101010011010110
011110111010110011000000000000000000000000000000000000000000000010011110101000101101010011010110
100111110001011000000000000000000000000000000000000000000000000010011110101000101101010011010110
011011001111011011000000000000000000000000000000000000000000000010011110101000101101010011010110
110111111001111001000000000000000000000000000000000000000000000010011110101000101101010011010110
001010000100011001000000000000000000000000000000000000000000000010011110101000101101010011010110
010100000001000100000000000000000000000000000000000000000000000010011110101000101101010011010110
000111001111101000100000000000000000000000000000000000000000000010011110101000101101010011010110
011000010100110000000000000000000000000000000000000000000000000010011110101000101101010011010110
100011000001011011000000000000000000000000000000000000000000000010011110101000101101010011010110
110011100110111100000000000000000000000000000000000000000000000010011110101000101101010011010110
100100000100100011000000000000000000000000000000000000000000000010011110101000101101010011010110
101001111000101101000000000000000000000000000000000000000000000010011110101000101101010011010110
111111011100010101000000000000000000000000000000000000000000000010011110101000101101010011010110
111000100000000001000000000000000000000000000000000000000000000010011110101000101101010011010110
010001101101100001000000000000000000000000000000000000000000000010011110101000101101010011010110
110111001101111000000000000000000000000000000000000000000000000010011110101000101101010011010110
011110110100000011000000000000000000000000000000000000000000000010011110101000101101010011010110
011011111100111010000000000000000000000000000000000000000000000010011110101000101101010011010110
011000110100000110000000000000000000000000000000000000000000000010011110101000101101010011010110
001001000110001101000000000000000000000000000000000000000000000010011110101000101101010011010110
010000111010101000000000000000000000000000000000000000000000000010011110101000101101010011010110
101000110001011001000000000000000000000000000000000000000000000010011110101000101101010011010110
110110110101000000100000000000000000000000000000000000000000000010011110101000101101010011010110
000001010110010110000000000000000000000000000000000000000000000010011110101000101101010011010110
101000100111111111000000000000000000000000000000000000000000000010011110101000101101010011010110
000001111100011000100000000000000000000000000000000000000000000010011110101000101101010011010110
101100000001100001000000000000000000000000000000000000000000000010011110101000101101010011010110
000001110100011000100000000000000000000000000000000000000000000010011110101000101101010011010110
001101001000011101000000000000000000000000000000000000000000000010011110101000101101010011010110
110010110010101010000000000000000000000000000000000000000000000010011110101000101101010011010110
011011110110001011000000000000000000000000000000000000000000000010011110101000101101010011010110
111111010100010000000000000000000000000000000000000000000000000010011110101000101101010011010110
111000001010010000000000000000000000000000000000000000000000000010011110101000101101010011010110
101100011101001001000000000000000000000000000000000000000000000010011110101000101101010011010110
011110001101011000100000000000000000000000000000000000000000000010011110101000101101010011010110
011110001110100000100000000000000000000000000000000000000000000010011110101000101101010011010110
111001011101110011000000000000000000000000000000000000000000000010011110101000101101010011010110
010110101010001001000000000000000000000000000000000000000000000010011110101000101101010011010110
000101010111100000000000000000000000000000000000000000000000000010011110101000101101010011010110
100011011001101111000000000000000000000000000000000000000000000010011110101000101101010011010110
011100100111001101000000000000000000000000000000000000000000000010011110101000101101010011010110
101110011111100010000000000000000000000000000000000000000000000010011110101000101101010011010110
110000100100000000000000000000000000000000000000000000000000000010011110101000101101010011010110
010101101111110000100000000000000000000000000000000000000000000010011110101000101101010011010110
000011101010010001000000000000000000000000000000000000000000000010011110101000101101010011010110
000011100001110000100000000000000000000000000000000000000000000010011110101000101101010011010110
011011011101010101000000000000000000000000000000000000000000000010011110101000101101010011010110
001011000000001110000000000000000000000000000000000000000000000010011110101000101101010011010110
011011110001100010000000000000000000000000000000000000000000000010011110101000101101010011010110
110010011110001000000000000000000000000000000000000000000000000010011110101000101101010011010110
010101000110011011000000000000000000000000000000000000000000000010011110101000101101010011010110
011010101001010000000000000000000000000000000000000000000000000010011110101000101101010011010110
111100000101000110000000000000000000000000000000000000000000000010011110101000101101010011010110
111101101011000100100000000000000000000000000000000000000000000010011110101000101101010011010110
110111011001110011000000000000000000000000000000000000000000000010011110101000101101010011010110
010111111100011111000000000000000000000000000000000000000000000010011110101000101101010011010110
100101101100110111000000000000000000000000000000000000000000000010011110101000101101010011010110
111110100110011111000000000000000000000000000000000000000000000010011110101000101101010011010110
111110000001111110000000000000000000000000000000000000000000000010011110101000101101010011010110
000011111110000000100000000000000000000000000000000000000000000010011110101000101101010011010110
001010110101101101000000000000000000000000000000000000000000000010011110101000101101010011010110
011101011101000001000000000000000000000000000000000000000000000010011110101000101101010011010110
101100011110110111000000000000000000000000000000000000000000000010011110101000101101010011010110
000001011100100111000000000000000000000000000000000000000000000010011110101000101101010011010110
010001000100100100000000000000000000000000000000000000000000000010011110101000101101010011010110
001010011100101000100000000000000000000000000000000000000000000010011110101000101101010011010110
001001110001101011000000000000000000000000000000000000000000000010011110101000101101010011010110
010110001001000011000000000000000000000000000000000000000000000010011110101000101101010011010110
001011100111111000100000000000000000000000000000000000000000000010011110101000101101010011010110
111110010111001111000000000000000000000000000000000000000000000010011110101000101101010011010110
111011100001010010000000000000000000000000000000000000000000000010011110101000101101010011010110
100001101000100010000000000000000000000000000000000000000000000010011110101000101101010011010110
101010001001000000100000000000000000000000000000000000000000000010011110101000101101010011010110
100100001100110000100000000000000000000000000000000000000000000010011110101000101101010011010110
001110100000101010000000000000000000000000000000000000000000000010011110101000101101010011010110
001101010111111101000000000000000000000000000000000000000000000010011110101000101101010011010110
010111011111001101000000000000000000000000000000000000000000000010011110101000101101010011010110
110110000101110110000000000000000000000000000000000000000000000010011110101000101101010011010110
001101001000111001000000000000000000000000000000000000000000000010011110101000101101010011010110
001011011010010000000000000000000000000000000000000000000000000010011110101000101101010011010110
010101010111010010000000000000000000000000000000000000000000000010011110101000101101010011010110
101000110101000000100000000000000000000000000000000000000000000010011110101000101101010011010110
101111001000111100000000000000000000000000000000000000000000000010011110101000101101010011010110
101111010000111000000000000000000000000000000000000000000000000010011110101000101101010011010110
001000101011101000100000000000000000000000000000000000000000000010011110101000101101010011010110
100011000001001110000000000000000000000000000000000000000000000010011110101000101101010011010110
101000011111000000000000000000000000000000000000000000000000000010011110101000101101010011010110
100001101001010010000000000000000000000000000000000000000000000010011110101000101101010011010110
011110010011100110000000000000000000000000000000000000000000000010011110101000101101010011010110
010110010101111000000000000000000000000000000000000000000000000010011110101000101101010011010110
100010111000110011000000000000000000000000000000000000000000000010011110101000101101010011010110
010110010001100001000000000000000000000000000000000000000000000010011110101000101101010011010110
000000100001101000100000000000000000000000000000000000000000000010011110101000101101010011010110
000011111110110010000000000000000000000000000000000000000000000010011110101000101101010011010110
000000010110110111000000000000000000000000000000000000000000000010011110101000101101010011010110
101101010110001100000000000000000000000000000000000000000000000010011110101000101101010011010110
101101111010111101000000000000000000000000000000000000000000000010011110101000101101010011010110
110100010010001101000000000000000000000000000000000000000000000010011110101000101101010011010110
110011110100100101000000000000000000000000000000000000000000000010011110101000101101010011010110
011110111011001110000000000000000000000000000000000000000000000010011110101000101101010011010110
100111100011010001000000000000000000000000000000000000000000000010011110101000101101010011010110
011101110111001100000000000000000000000000000000000000000000000010011110101000101101010011010110
111100110110001111000000000000000000000000000000000000000000000010011110101000101101010011010110
111111111100100001000000000000000000000000000000000000000000000010011110101000101101010011010110
011100000001101110000000000000000000000000000000000000000000000010011110101000101101010011010110
101010101000011011000000000000000000000000000000000000000000000010011110101000101101010011010110
110101111001101111000000000000000000000000000000000000000000000010011110101000101101010011010110
110010010000000001000000000000000000000000000000000000000000000010011110101000101101010011010110
010110101100111000000000000000000000000000000000000000000000000010011110101000101101010011010110
110000111000111000100000000000000000000000000000000000000000000010011110101000101101010011010110
000110001011100001000000000000000000000000000000000000000000000010011110101000101101010011010110
011000010011011011000000000000000000000000000000000000000000000010011110101000101101010011010110
000101101001001101000000000000000000000000000000000000000000000010011110101000101101010011010110
101000101100110110000000000000000000000000000000000000000000000010011110101000101101010011010110
101101101011110100000000000000000000000000000000000000000000000010011110101000101101010011010110
101111001101011110000000000000000000000000000000000000000000000010011110101000101101010011010110
110011100101101011000000000000000000000000000000000000000000000010011110101000101101010011010110
010111001001001110000000000000000000000000000000000000000000000010011110101000101101010011010110
010110011001000110000000000000000000000000000000000000000000000010011110101000101101010011010110
110101010101001000000000000000000000000000000000000000000000000010011110101000101101010011010110
110001111011100111000000000000000000000000000000000000000000000010011110101000101101010011010110
110111000010111001000000000000000000000000000000000000000000000010011110101000101101010011010110
110100000011101011000000000000000000000000000000000000000000000010011110101000101101010011010110
011000010000101000100000000000000000000000000000000000000000000010011110101000101101010011010110
100010100101101000000000000000000000000000000000000000000000000010011110101000101101010011010110
001011101001110000100000000000000000000000000000000000000000000010011110101000101101010011010110
100000000101010010000000000000000000000000000000000000000000000010011110101000101101010011010110
000001111101100000100000000000000000000000000000000000000000000010011110101000101101010011010110
100101101100000101000000000000000000000000000000000000000000000010011110101000101101010011010110
010111001100111010000000000000000000000000000000000000000000000010011110101000101101010011010110
000001011011110001000000000000000000000000000000000000000000000010011110101000101101010011010110
111111110010010110000000000000000000000000000000000000000000000010011110101000101101010011010110
001000010101010010000000000000000000000000000000000000000000000010011110101000101101010011010110
111000101000001110000000000000000000000000000000000000000000000010011110101000101101010011010110
101101000111011111000000000000000000000000000000000000000000000010011110101000101101010011010110
100011010010111001000000000000000000000000000000000000000000000010011110101000101101010011010110
010001010111000101000000000000000000000000000000000000000000000010011110101000101101010011010110
111100101111110110000000000000000000000000000000000000000000000010011110101000101101010011010110
111111110011010111000000000000000000000000000000000000000000000010011110101000101101010011010110
100100011111010000000000000000000000000000000000000000000000000010011110101000101101010011010110
001000011110110011000000000000000000000000000000000000000000000010011110101000101101010011010110
010000011111010011000000000000000000000000000000000000000000000010011110101000101101010011010110
000110010100010101000000000000000000000000000000000000000000000010011110101000101101010011010110
011100110111111000000000000000000000000000000000000000000000000010011110101000101101010011010110
101010100100110111000000000000000000000000000000000000000000000010011110101000101101010011010110
010011001100100000000000000000000000000000000000000000000000000010011110101000101101010011010110
011000011100010110000000000000000000000000000000000000000000000010011110101000101101010011010110
000010111010000110000000000000000000000000000000000000000000000010011110101000101101010011010110
110010111100000100100000000000000000000000000000000000000000000010011110101000101101010011010110
100101100001100101000000000000000000000000000000000000000000000010011110101000101101010011010110
000011100011011010000000000000000000000000000000000000000000000010011110101000101101010011010110
001110010010011001000000000000000000000000000000000000000000000010011110101000101101010011010110
000110111001011111000000000000000000000000000000000000000000000010011110101000101101010011010110
100001011100011010000000000000000000000000000000000000000000000010011110101000101101010011010110
010100100111001000100000000000000000000000000000000000000000000010011110101000101101010011010110
100110110000101101000000000000000000000000000000000000000000000010011110101000101101010011010110
111010010100111100000000000000000000000000000000000000000000000010011110101000101101010011010110
110101011001000101000000000000000000000000000000000000000000000010011110101000101101010011010110
000001110010011111000000000000000000000000000000000000000000000010011110101000101101010011010110
100110010100100101000000000000000000000000000000000000000000000010011110101000101101010011010110
010110010000000011000000000000000000000000000000000000000000000010011110101000101101010011010110
000111101011111101000000000000000000000000000000000000000000000010011110101000101101010011010110
010011111000101100000000000000000000000000000000000000000000000010011110101000101101010011010110
011111000001100101000000000000000000000000000000000000000000000010011110101000101101010011010110
110010101001110000100000000000000000000000000000000000000000000010011110101000101101010011010110
111011001100101010000000000000000000000000000000000000000000000010011110101000101101010011010110
011001111111101100000000000000000000000000000000000000000000000010011110101000101101010011010110
101111010101001110000000000000000000000000000000000000000000000010011110101000101101010011010110
100001000011001100000000000000000000000000000000000000000000000010011110101000101101010011010110
111001000101011110000000000000000000000000000000000000000000000010011110101000101101010011010110
011011011000001101000000000000000000000000000000000000000000000010011110101000101101010011010110
100011111100110011000000000000000000000000000000000000000000000010011110101000101101010011010110
011100010011111011000000000000000000000000000000000000000000000010011110101000101101010011010110
100011011111000011000000000000000000000000000000000000000000000010011110101000101101010011010110
001011101111011111000000000000000000000000000000000000000000000010011110101000101101010011010110
111111011001001110000000000000000000000000000000000000000000000010011110101000101101010011010110
000000000000000000100000000000000000000000000000000000000000000010011110101000101101010011010110
010011101010110000000000000000000000000000000000000000000000000010011110101000101101010011010110
001100101000000101000000000000000000000000000000000000000000000010011110101000101101010011010110
000100100100001000000000000000000000000000000000000000000000000010011110101000101101010011010110
111100001111100101000000000000000000000000000000000000000000000010011110101000101101010011010110
100000111100011000000000000000000000000000000000000000000000000010011110101000101101010011010110
110001010011101000100000000000000000000000000000000000000000000010011110101000101101010011010110
100111110110100101000000000000000000000000000000000000000000000010011110101000101101010011010110
010111110011000110000000000000000000000000000000000000000000000010011110101000101101010011010110
100110001011100111000000000000000000000000000000000000000000000010011110101000101101010011010110
100111001111011100000000000000000000000000000000000000000000000010011110101000101101010011010110
001001000110110000100000000000000000000000000000000000000000000010011110101000101101010011010110
001011111011110111000000000000000000000000000000000000000000000010011110101000101101010011010110
100100011110001011000000000000000000000000000000000000000000000010011110101000101101010011010110
000001010100111111000000000000000000000000000000000000000000000010011110101000101101010011010110
001011010100110000100000000000000000000000000000000000000000000010011110101000101101010011010110
011001000000000111000000000000000000000000000000000000000000000010011110101000101101010011010110
011101100000011001000000000000000000000000000000000000000000000010011110101000101101010011010110
111101011010111011000000000000000000000000000000000000000000000010011110101000101101010011010110
000001010011110101000000000000000000000000000000000000000000000010011110101000101101010011010110
010010111111010011000000000000000000000000000000000000000000000010011110101000101101010011010110
001000010100111111000000000000000000000000000000000000000000000010011110101000101101010011010110
010100110000111000000000000000000000000000000000000000000000000010011110101000101101010011010110
000000110100001100000000000000000000000000000000000000000000000010011110101000101101010011010110
011110010110111100000000000000000000000000000000000000000000000010011110101000101101010011010110
110110001011011011000000000000000000000000000000000000000000000010011110101000101101010011010110
000011110010100011000000000000000000000000000000000000000000000010011110101000101101010011010110
001011011100011011000000000000000000000000000000000000000000000010011110101000101101010011010110
011100110000111001000000000000000000000000000000000000000000000010011110101000101101010011010110
001100000000101001000000000000000000000000000000000000000000000010011110101000101101010011010110
010000110100111110000000000000000000000000000000000000000000000010011110101000101101010011010110
111101010110111011000000000000000000000000000000000000000000000010011110101000101101010011010110
100101010111100101000000000000000000000000000000000000000000000010011110101000101101010011010110
011001100110000011000000000000000000000000000000000000000000000010011110101000101101010011010110
101100101010111000100000000000000000000000000000000000000000000010011110101000101101010011010110
001000101000101001000000000000000000000000000000000000000000000010011110101000101101010011010110
011101100101110000000000000000000000000000000000000000000000000010011110101000101101010011010110
100110110111001101000000000000000000000000000000000000000000000010011110101000101101010011010110
011000001010000111000000000000000000000000000000000000000000000010011110101000101101010011010110
000100100111100001000000000000000000000000000000000000000000000010011110101000101101010011010110
110111110010101001000000000000000000000000000000000000000000000010011110101000101101010011010110
010100101011011011000000000000000000000000000000000000000000000010011110101000101101010011010110
001000100111100000100000000000000000000000000000000000000000000010011110101000101101010011010110
000111001000110111000000000000000000000000000000000000000000000010011110101000101101010011010110
001101101100101010000000000000000000000000000000000000000000000010011110101000101101010011010110
110101100111001100000000000000000000000000000000000000000000000010011110101000101101010011010110
010110000001110011000000000000000000000000000000000000000000000010011110101000101101010011010110
101011101110100010000000000000000000000000000000000000000000000010011110101000101101010011010110
101111111111101001000000000000000000000000000000000000000000000010011110101000101101010011010110
111010000110010011000000000000000000000000000000000000000000000010011110101000101101010011010110
101110100111000110000000000000000000000000000000000000000000000010011110101000101101010011010110
010110110000010001000000000000000000000000000000000000000000000010011110101000101101010011010110
001111101100001000100000000000000000000000000000000000000000000010011110101000101101010011010110
001000100101110110000000000000000000000000000000000000000000000010011110101000101101010011010110
011001010011100000000000000000000000000000000000000000000000000010011110101000101101010011010110
100101000100001101000000000000000000000000000000000000000000000010011110101000101101010011010110
100011010111100100000000000000000000000000000000000000000000000010011110101000101101010011010110
100001011101000100000000000000000000000000000000000000000000000010011110101000101101010011010110
000100101000111000000000000000000000000000000000000000000000000010011110101000101101010011010110
000111001000110001000000000000000000000000000000000000000000000010011110101000101101010011010110
001010110110010100000000000000000000000000000000000000000000000010011110101000101101010011010110
010000001111101000100000000000000000000000000000000000000000000010011110101000101101010011010110
111111110010001111000000000000000000000000000000000000000000000010011110101000101101010011010110
011010000011101110000000000000000000000000000000000000000000000010011110101000101101010011010110
100100100111101110000000000000000000000000000000000000000000000010011110101000101101010011010110
111111100111101011000000000000000000000000000000000000000000000010011110101000101101010011010110
011110011000101000000000000000000000000000000000000000000000000010011110101000101101010011010110
100001100000111000100000000000000000000000000000000000000000000010011110101000101101010011010110
110001011000010001000000000000000000000000000000000000000000000010011110101000101101010011010110
100000010001000111000000000000000000000000000000000000000000000010011110101000101101010011010110
111111000011111001000000000000000000000000000000000000000000000010011110101000101101010011010110
000010000000110011000000000000000000000000000000000000000000000010011110101000101101010011010110
010000100110000100100000000000000000000000000000000000000000000010011110101000101101010011010110
101010011011111110000000000000000000000000000000000000000000000010011110101000101101010011010110
010011011010100100000000000000000000000000000000000000000000000010011110101000101101010011010110
001001111110110000000000000000000000000000000000000000000000000010011110101000101101010011010110
011000000011100001000000000000000000000000000000000000000000000010011110101000101101010011010110
001001100011110001000000000000000000000000000000000000000000000010011110101000101101010011010110
001100110001100000100000000000000000000000000000000000000000000010011110101000101101010011010110
110010001011001100000000000000000000000000000000000000000000000010011110101000101101010011010110
001100011100111100000000000000000000000000000000000000000000000010011110101000101101010011010110
011101111000011001000000000000000000000000000000000000000000000010011110101000101101010011010110
110110001000010000100000000000000000000000000000000000000000000010011110101000101101010011010110
110011110101010000100000000000000000000000000000000000000000000010011110101000101101010011010110
101010000101110101000000000000000000000000000000000000000000000010011110101000101101010011010110
111011110100110000000000000000000000000000000000000000000000000010011110101000101101010011010110
110011010100010100000000000000000000000000000000000000000000000010011110101000101101010011010110
100101001001110110000000000000000000000000000000000000000000000010011110101000101101010011010110
001000011010011010000000000000000000000000000000000000000000000010011110101000101101010011010110
000001110111101100000000000000000000000000000000000000000000000010011110101000101101010011010110
111000000010110001000000000000000000000000000000000000000000000010011110101000101101010011010110
100110001011110001000000000000000000000000000000000000000000000010011110101000101101010011010110
011000111000111100000000000000000000000000000000000000000000000010011110101000101101010011010110
101000110010000100000000000000000000000000000000000000000000000010011110101000101101010011010110
010000011010110000100000000000000000000000000000000000000000000010011110101000101101010011010110
010000111100011001000000000000000000000000000000000000000000000010011110101000101101010011010110
101101000001011010000000000000000000000000000000000000000000000010011110101000101101010011010110
000010100101001011000000000000000000000000000000000000000000000010011110101000101101010011010110
101110110101000101000000000000000000000000000000000000000000000010011110101000101101010011010110
111000000111101100000000000000000000000000000000000000000000000010011110101000101101010011010110
000001111011001111000000000000000000000000000000000000000000000010011110101000101101010011010110
011101010110011000100000000000000000000000000000000000000000000010011110101000101101010011010110
011001101000011101000000000000000000000000000000000000000000000010011110101000101101010011010110
000011011101000000100000000000000000000000000000000000000000000010011110101000101101010011010110
101101101101001111000000000000000000000000000000000000000000000010011110101000101101010011010110
001100000100101001000000000000000000000000000000000000000000000010011110101000101101010011010110
110000100111001011000000000000000000000000000000000000000000000010011110101000101101010011010110
101101111100100110000000000000000000000000000000000000000000000010011110101000101101010011010110
000101101011011110000000000000000000000000000000000000000000000010011110101000101101010011010110
100000101010011011000000000000000000000000000000000000000000000010011110101000101101010011010110
001011101011111000100000000000000000000000000000000000000000000010011110101000101101010011010110
000001000100001010000000000000000000000000000000000000000000000010011110101000101101010011010110
001101100110010011000000000000000000000000000000000000000000000010011110101000101101010011010110
001101011001001001000000000000000000000000000000000000000000000010011110101000101101010011010110
100100111010000010000000000000000000000000000000000000000000000010011110101000101101010011010110
110111001111000100100000000000000000000000000000000000000000000010011110101000101101010011010110
001011110111110010000000000000000000000000000000000000000000000010011110101000101101010011010110
001110110010010001000000000000000000000000000000000000000000000010011110101000101101010011010110
010001001111011011000000000000000000000000000000000000000000000010011110101000101101010011010110
111100111011011111000000000000000000000000000000000000000000000010011110101000101101010011010110
010010000111101010000000000000000000000000000000000000000000000010011110101000101101010011010110
011010010100101101000000000000000000000000000000000000000000000010011110101000101101010011010110
100011110011110011000000000000000000000000000000000000000000000010011110101000101101010011010110
011100010101010000100000000000000000000000000000000000000000000010011110101000101101010011010110
110110110011010010000000000000000000000000000000000000000000000010011110101000101101010011010110
100010001011110101000000000000000000000000000000000000000000000010011110101000101101010011010110
011110011011100000100000000000000000000000000000000000000000000010011110101000101101010011010110
011000001110001111000000000000000000000000000000000000000000000010011110101000101101010011010110
101110111100111110000000000000000000000000000000000000000000000010011110101000101101010011010110
010010101110100000100000000000000000000000000000000000000000000010011110101000101101010011010110
101001001110101001000000000000000000000000000000000000000000000010011110101000101101010011010110
000100101110010000100000000000000000000000000000000000000000000010011110101000101101010011010110
101100001100101111000000000000000000000000000000000000000000000010011110101000101101010011010110
110111111010000111000000000000000000000000000000000000000000000010011110101000101101010011010110
000001011101101001000000000000000000000000000000000000000000000010011110101000101101010011010110
010110100110000101000000000000000000000000000000000000000000000010011110101000101101010011010110
100100010010110100000000000000000000000000000000000000000000000010011110101000101101010011010110
101001101101100010000000000000000000000000000000000000000000000010011110101000101101010011010110
100101101001010100000000000000000000000000000000000000000000000010011110101000101101010011010110
001000101000000010000000000000000000000000000000000000000000000010011110101000101101010011010110
101010011001101100000000000000000000000000000000000000000000000010011110101000101101010011010110
111001100110010011000000000000000000000000000000000000000000000010011110101000101101010011010110
111111101111000001000000000000000000000000000000000000000000000010011110101000101101010011010110
001101101110111000000000000000000000000000000000000000000000000010011110101000101101010011010110
011000000011101001000000000000000000000000000000000000000000000010011110101000101101010011010110
011011111111010010000000000000000000000000000000000000000000000010011110101000101101010011010110
101101111110010110000000000000000000000000000000000000000000000010011110101000101101010011010110
101111110111010111000000000000000000000000000000000000000000000010011110101000101101010011010110
111001000100011000100000000000000000000000000000000000000000000010011110101000101101010011010110
101010101111100100000000000000000000000000000000000000000000000010011110101000101101010011010110
010000111000000001000000000000000000000000000000000000000000000010011110101000101101010011010110
001000101100011011000000000000000000000000000000000000000000000010011110101000101101010011010110
001010110000110001000000000000000000000000000000000000000000000010011110101000101101010011010110
101011010010110101000000000000000000000000000000000000000000000010011110101000101101010011010110
001011110001001101000000000000000000000000000000000000000000000010011110101000101101010011010110
010010011101001011000000000000000000000000000000000000000000000010011110101000101101010011010110
101101001010010001000000000000000000000000000000000000000000000010011110101000101101010011010110
010011001111011001000000000000000000000000000000000000000000000010011110101000101101010011010110
011110101010110110000000000000000000000000000000000000000000000010011110101000101101010011010110
110101011010000010000000000000000000000000000000000000000000000010011110101000101101010011010110
101101011100101111000000000000000000000000000000000000000000000010011110101000101101010011010110
101010000010101001000000000000000000000000000000000000000000000010011110101000101101010011010110
100101110010011110000000000000000000000000000000000000000000000010011110101000101101010011010110
000010001111011000000000000000000000000000000000000000000000000010011110101000101101010011010110
011100000110010000000000000000000000000000000000000000000000000010011110101000101101010011010110
000010110000100010000000000000000000000000000000000000000000000010011110101000101101010011010110
110100100010001101000000000000000000000000000000000000000000000010011110101000101101010011010110
101101000101111000100000000000000000000000000000000000000000000010011110101000101101010011010110
110110110111101101000000000000000000000000000000000000000000000010011110101000101101010011010110
010111010101010000100000000000000000000000000000000000000000000010011110101000101101010011010110
011111111011101001000000000000000000000000000000000000000000000010011110101000101101010011010110
111001110110110000100000000000000000000000000000000000000000000010011110101000101101010011010110
011010111101100101000000000000000000000000000000000000000000000010011110101000101101010011010110
001001011111010111000000000000000000000000000000000000000000000010011110101000101101010011010110
000011000001101110000000000000000000000000000000000000000000000010011110101000101101010011010110
001001111010110111000000000000000000000000000000000000000000000010011110101000101101010011010110
011010011101001000000000000000000000000000000000000000000000000010011110101000101101010011010110
000110011000001100000000000000000000000000000000000000000000000010011110101000101101010011010110
101111111001101101000000000000000000000000000000000000000000000010011110101000101101010011010110
101111111100100010000000000000000000000000000000000000000000000010011110101000101101010011010110
010011010101101101000000000000000000000000000000000000000000000010011110101000101101010011010110
111111001000001100000000000000000000000000000000000000000000000010011110101000101101010011010110
111010011000011111000000000000000000000000000000000000000000000010011110101000101101010011010110
010100100000011000000000000000000000000000000000000000000000000010011110101000101101010011010110
100101110100110000100000000000000000000000000000000000000000000010011110101000101101010011010110
001110100110111100000000000000000000000000000000000000000000000010011110101000101101010011010110
100111011101101010000000000000000000000000000000000000000000000010011110101000101101010011010110
001000001010010101000000000000000000000000000000000000000000000010011110101000101101010011010110
110011101101010110000000000000000000000000000000000000000000000010011110101000101101010011010110
010111111001110111000000000000000000000000000000000000000000000010011110101000101101010011010110
000111111000110011000000000000000000000000000000000000000000000010011110101000101101010011010110
110001110001010111000000000000000000000000000000000000000000000010011110101000101101010011010110
001011000101110000000000000000000000000000000000000000000000000010011110101000101101010011010110
101100101000001111000000000000000000000000000000000000000000000010011110101000101101010011010110
011001101110000100000000000000000000000000000000000000000000000010011110101000101101010011010110
110101111000111011000000000000000000000000000000000000000000000010011110101000101101010011010110
101011110100011001000000000000000000000000000000000000000000000010011110101000101101010011010110
011001111001000100000000000000000000000000000000000000000000000010011110101000101101010011010110
110000110000101010000000000000000000000000000000000000000000000010011110101000101101010011010110
110011010000110011000000000000000000000000000000000000000000000010011110101000101101010011010110
101010100101111100000000000000000000000000000000000000000000000010011110101000101101010011010110
100100000100010100000000000000000000000000000000000000000000000010011110101000101101010011010110
111110001001000100000000000000000000000000000000000000000000000010011110101000101101010011010110
000101011110000011000000000000000000000000000000000000000000000010011110101000101101010011010110
111111110110111000100000000000000000000000000000000000000000000010011110101000101101010011010110
111111010111001011000000000000000000000000000000000000000000000010011110101000101101010011010110
010110000011100100000000000000000000000000000000000000000000000010011110101000101101010011010110
101011010000000100000000000000000000000000000000000000000000000010011110101000101101010011010110
010110111101000001000000000000000000000000000000000000000000000010011110101000101101010011010110
100110101100111011000000000000000000000000000000000000000000000010011110101000101101010011010110
000101010110010000000000000000000000000000000000000000000000000010011110101000101101010011010110
001110100111000100100000000000000000000000000000000000000000000010011110101000101101010011010110
110101111000001001000000000000000000000000000000000000000000000010011110101000101101010011010110
000010001011100101000000000000000000000000000000000000000000000010011110101000101101010011010110
011101001000101000100000000000000000000000000000000000000000000010011110101000101101010011010110
110101101110001010000000000000000000000000000000000000000000000010011110101000101101010011010110
100111011110000000000000000000000000000000000000000000000000000010011110101000101101010011010110
111110011011010010000000000000000000000000000000000000000000000010011110101000101101010011010110
001100101100000110000000000000000000000000000000000000000000000010011110101000101101010011010110
010000111100101101000000000000000000000000000000000000000000000010011110101000101101010011010110
110100001000110000100000000000000000000000000000000000000000000010011110101000101101010011010110
101001110010101110000000000000000000000000000000000000000000000010011110101000101101010011010110
000011011001110111000000000000000000000000000000000000000000000010011110101000101101010011010110
001011001100101011000000000000000000000000000000000000000000000010011110101000101101010011010110
011011100111010001000000000000000000000000000000000000000000000010011110101000101101010011010110
011110111101011000100000000000000000000000000000000000000000000010011110101000101101010011010110
001011011000100101000000000000000000000000000000000000000000000010011110101000101101010011010110
010010011010110011000000000000000000000000000000000000000000000010011110101000101101010011010110
010111101000100000100000000000000000000000000000000000000000000010011110101000101101010011010110
011001011101001111000000000000000000000000000000000000000000000010011110101000101101010011010110
110110111110110000100000000000000000000000000000000000000000000010011110101000101101010011010110
101001110110111111000000000000000000000000000000000000000000000010011110101000101101010011010110
101110110000110110000000000000000000000000000000000000000000000010011110101000101101010011010110
011001111100001011000000000000000000000000000000000000000000000010011110101000101101010011010110
011001101101101101000000000000000000000000000000000000000000000010011110101000101101010011010110
101111101101000000000000000000000000000000000000000000000000000010011110101000101101010011010110
000110010101011000100000000000000000000000000000000000000000000010011110101000101101010011010110
000100111111011000100000000000000000000000000000000000000000000010011110101000101101010011010110
101100010010001010000000000000000000000000000000000000000000000010011110101000101101010011010110
001000001110101110000000000000000000000000000000000000000000000010011110101000101101010011010110
000101010111001110000000000000000000000000000000000000000000000010011110101000101101010011010110
111100000111001101000000000000000000000000000000000000000000000010011110101000101101010011010110
100010111011110000100000000000000000000000000000000000000000000010011110101000101101010011010110
011110110111111101000000000000000000000000000000000000000000000010011110101000101101010011010110
111010000100011010000000000000000000000000000000000000000000000010011110101000101101010011010110
001011101100101111000000000000000000000000000000000000000000000010011110101000101101010011010110
100110001000111111000000000000000000000000000000000000000000000010011110101000101101010011010110
001110001110010000100000000000000000000000000000000000000000000010011110101000101101010011010110
110111011000010001000000000000000000000000000000000000000000000010011110101000101101010011010110
100000000100110100000000000000000000000000000000000000000000000010011110101000101101010011010110
100111010001100011000000000000000000000000000000000000000000000010011110101000101101010011010110
011011001100010111000000000000000000000000000000000000000000000010011110101000101101010011010110
001011110000101110000000000000000000000000000000000000000000000010011110101000101101010011010110
001010000010100011000000000000000000000000000000000000000000000010011110101000101101010011010110
100001101011010011000000000000000000000000000000000000000000000010011110101000101101010011010110
011011010101000101000000000000000000000000000000000000000000000010011110101000101101010011010110
110010100011101110000000000000000000000000000000000000000000000010011110101000101101010011010110
011100110010010110000000000000000000000000000000000000000000000010011110101000101101010011010110
101001110110011110000000000000000000000000000000000000000000000010011110101000101101010011010110
101000111001101000100000000000000000000000000000000000000000000010011110101000101101010011010110
110100001111100100000000000000000000000000000000000000000000000010011110101000101101010011010110
011101011000010010000000000000000000000000000000000000000000000010011110101000101101010011010110
101001000110100011000000000000000000000000000000000000000000000010011110101000101101010011010110
001101100000011100000000000000000000000000000000000000000000000010011110101000101101010011010110
011010001001111010000000000000000000000000000000000000000000000010011110101000101101010011010110
100011011001011001000000000000000000000000000000000000000000000010011110101000101101010011010110
011010001001011001000000000000000000000000000000000000000000000010011110101000101101010011010110
101101000110100100000000000000000000000000000000000000000000000010011110101000101101010011010110
000101110110110111000000000000000000000000000000000000000000000010011110101000101101010011010110
101001100001111100000000000000000000000000000000000000000000000010011110101000101101010011010110
111001000100000101000000000000000000000000000000000000000000000010011110101000101101010011010110
000101010110111011000000000000000000000000000000000000000000000010011110101000101101010011010110
010000101100010000100000000000000000000000000000000000000000000010011110101000101101010011010110
011010011001111010000000000000000000000000000000000000000000000010011110101000101101010011010110
111000101100000000000000000000000000000000000000000000000000000010011110101000101101010011010110
011101011100100010000000000000000000000000000000000000000000000010011110101000101101010011010110
011000110100100110000000000000000000000000000000000000000000000010011110101000101101010011010110
000110100111110001000000000000000000000000000000000000000000000010011110101000101101010011010110
110010111101010000000000000000000000000000000000000000000000000010011110101000101101010011010110
000110100000100100000000000000000000000000000000000000000000000010011110101000101101010011010110
000111100000000001000000000000000000000000000000000000000000000010011110101000101101010011010110
001000000001011001000000000000000000000000000000000000000000000010011110101000101101010011010110
100100010000010101000000000000000000000000000000000000000000000010011110101000101101010011010110
110000111111100000100000000000000000000000000000000000000000000010011110101000101101010011010110
110010100000011001000000000000000000000000000000000000000000000010011110101000101101010011010110
111010100011110001000000000000000000000000000000000000000000000010011110101000101101010011010110
110000100100001001000000000000000000000000000000000000000000000010011110101000101101010011010110
100101110001000000000000000000000000000000000000000000000000000010011110101000101101010011010110
110111100001011101000000000000000000000000000000000000000000000010011110101000101101010011010110
111101000001000111000000000000000000000000000000000000000000000010011110101000101101010011010110
100010100001110000100000000000000000000000000000000000000000000010011110101000101101010011010110
000111000000010011000000000000000000000000000000000000000000000010011110101000101101010011010110
000001111001000100100000000000000000000000000000000000000000000010011110101000101101010011010110
000001111010110111000000000000000000000000000000000000000000000010011110101000101101010011010110
101110110110011000100000000000000000000000000000000000000000000010011110101000101101010011010110
101000111100000000100000000000000000000000000000000000000000000010011110101000101101010011010110
001100000110010000100000000000000000000000000000000000000000000010011110101000101101010011010110
100110101111101010000000000000000000000000000000000000000000000010011110101000101101010011010110
100111010111011101000000000000000000000000000000000000000000000010011110101000101101010011010110
000110011011111111000000000000000000000000000000000000000000000010011110101000101101010011010110
111111010000101101000000000000000000000000000000000000000000000010011110101000101101010011010110
101010110100011100000000000000000000000000000000000000000000000010011110101000101101010011010110
110010010111010100000000000000000000000000000000000000000000000010011110101000101101010011010110
111110000111011101000000000000000000000000000000000000000000000010011110101000101101010011010110
100110001111011010000000000000000000000000000000000000000000000010011110101000101101010011010110
100100001111000001000000000000000000000000000000000000000000000010011110101000101101010011010110
000100100000011011000000000000000000000000000000000000000000000010011110101000101101010011010110
000011110101110000000000000000000000000000000000000000000000000010011110101000101101010011010110
011100000000010100000000000000000000000000000000000000000000000010011110101000101101010011010110
101100100101101000000000000000000000000000000000000000000000000010011110101000101101010011010110
101001101111110000000000000000000000000000000000000000000000000010011110101000101101010011010110
101000010001110010000000000000000000000000000000000000000000000010011110101000101101010011010110
000100010110101101000000000000000000000000000000000000000000000010011110101000101101010011010110
000111001100000100100000000000000000000000000000000000000000000010011110101000101101010011010110
011000111011111011000000000000000000000000000000000000000000000010011110101000101101010011010110
010110110101100100000000000000000000000000000000000000000000000010011110101000101101010011010110
100001010100000010000000000000000000000000000000000000000000000010011110101000101101010011010110
