011111100010000100000000000000000000000000000000000000000000000010011110101000101101010011010110
100010000010000001000000000000000000000000000000000000000000000010011110101000101101010011010110
100101100000100111000000000000000000000000000000000000000000000010011110101000101101010011010110
101101111111011101000000000000000000000000000000000000000000000010011110101000101101010011010110
000111110000001011000000000000000000000000000000000000000000000010011110101000101101010011010110
100011001100100110000000000000000000000000000000000000000000000010011110101000101101010011010110
111011100100010001000000000000000000000000000000000000000000000010011110101000101101010011010110
011110010010001110000000000000000000000000000000000000000000000010011110101000101101010011010110
101001101101011010000000000000000000000000000000000000000000000010011110101000101101010011010110
100100010001100010000000000000000000000000000000000000000000000010011110101000101101010011010110
111001010010110101000000000000000000000000000000000000000000000010011110101000101101010011010110
111000100001110110000000000000000000000000000000000000000000000010011110101000101101010011010110
100100110111011001000000000000000000000000000000000000000000000010011110101000101101010011010110
100101111101011000000000000000000000000000000000000000000000000010011110101000101101010011010110
110010110000001111000000000000000000000000000000000000000000000010011110101000101101010011010110
101100011011011000100000000000000000000000000000000000000000000010011110101000101101010011010110
100100011011100100000000000000000000000000000000000000000000000010011110101000101101010011010110
110100101110000110000000000000000000000000000000000000000000000010011110101000101101010011010110
101000001100001100000000000000000000000000000000000000000000000010011110101000101101010011010110
000010111010100110000000000000000000000000000000000000000000000010011110101000101101010011010110
101011111100101110000000000000000000000000000000000000000000000010011110101000101101010011010110
110111100000000010000000000000000000000000000000000000000000000010011110101000101101010011010110
000010110000111000100000000000000000000000000000000000000000000010011110101000101101010011010110
100101010111011010000000000000000000000000000000000000000000000010011110101000101101010011010110
110011111000110011000000000000000000000000000000000000000000000010011110101000101101010011010110
001000001101011010000000000000000000000000000000000000000000000010011110101000101101010011010110
001001110101001010000000000000000000000000000000000000000000000010011110101000101101010011010110
100001101100101111000000000000000000000000000000000000000000000010011110101000101101010011010110
100010010000000000100000000000000000000000000000000000000000000010011110101000101101010011010110
000011010000011000100000000000000000000000000000000000000000000010011110101000101101010011010110
111111111001101000100000000000000000000000000000000000000000000010011110101000101101010011010110
110101100101101101000000000000000000000000000000000000000000000010011110101000101101010011010110
110000011111110110000000000000000000000000000000000000000000000010011110101000101101010011010110
000100101110110010000000000000000000000000000000000000000000000010011110101000101101010011010110
110000100001100000100000000000000000000000000000000000000000000010011110101000101101010011010110
101110101101011011000000000000000000000000000000000000000000000010011110101000101101010011010110
000100110000011010000000000000000000000000000000000000000000000010011110101000101101010011010110
010000100110101100000000000000000000000000000000000000000000000010011110101000101101010011010110
100011000010111110000000000000000000000000000000000000000000000010011110101000101101010011010110
101110011011000011000000000000000000000000000000000000000000000010011110101000101101010011010110
110111010000011010000000000000000000000000000000000000000000000010011110101000101101010011010110
110100010111101110000000000000000000000000000000000000000000000010011110101000101101010011010110
101001111111100000100000000000000000000000000000000000000000000010011110101000101101010011010110
100100000001001000100000000000000000000000000000000000000000000010011110101000101101010011010110
100010000011010001000000000000000000000000000000000000000000000010011110101000101101010011010110
000110010000000111000000000000000000000000000000000000000000000010011110101000101101010011010110
110100110110011010000000000000000000000000000000000000000000000010011110101000101101010011010110
110100010000110001000000000000000000000000000000000000000000000010011110101000101101010011010110
001110000001100101000000000000000000000000000000000000000000000010011110101000101101010011010110
011111011111001000100000000000000000000000000000000000000000000010011110101000101101010011010110
011010111110101110000000000000000000000000000000000000000000000010011110101000101101010011010110
011111011011011010000000000000000000000000000000000000000000000010011110101000101101010011010110
101011001101010111000000000000000000000000000000000000000000000010011110101000101101010011010110
001101000010010100000000000000000000000000000000000000000000000010011110101000101101010011010110
001001110001000100100000000000000000000000000000000000000000000010011110101000101101010011010110
010000011110101000100000000000000000000000000000000000000000000010011110101000101101010011010110
111001100001010010000000000000000000000000000000000000000000000010011110101000101101010011010110
111111101111010110000000000000000000000000000000000000000000000010011110101000101101010011010110
110010010001100010000000000000000000000000000000000000000000000010011110101000101101010011010110
101101110110011111000000000000000000000000000000000000000000000010011110101000101101010011010110
110111101110100000000000000000000000000000000000000000000000000010011110101000101101010011010110
000101010100101011000000000000000000000000000000000000000000000010011110101000101101010011010110
011100000110010111000000000000000000000000000000000000000000000010011110101000101101010011010110
000100101110011110000000000000000000000000000000000000000000000010011110101000101101010011010110
101100011000100111000000000000000000000000000000000000000000000010011110101000101101010011010110
111101111111011001000000000000000000000000000000000000000000000010011110101000101101010011010110
100011010100011100000000000000000000000000000000000000000000000010011110101000101101010011010110
111101101101001110000000000000000000000000000000000000000000000010011110101000101101010011010110
111000111000000110000000000000000000000000000000000000000000000010011110101000101101010011010110
101000110111000100100000000000000000000000000000000000000000000010011110101000101101010011010110
100011001011010100000000000000000000000000000000000000000000000010011110101000101101010011010110
011011101101000000000000000000000000000000000000000000000000000010011110101000101101010011010110
111101011000011100000000000000000000000000000000000000000000000010011110101000101101010011010110
101011110010111010000000000000000000000000000000000000000000000010011110101000101101010011010110
001100011100010011000000000000000000000000000000000000000000000010011110101000101101010011010110
111010101010011000100000000000000000000000000000000000000000000010011110101000101101010011010110
000110001010001111000000000000000000000000000000000000000000000010011110101000101101010011010110
010010100111100100000000000000000000000000000000000000000000000010011110101000101101010011010110
001011010101011000100000000000000000000000000000000000000000000010011110101000101101010011010110
001011110000110111000000000000000000000000000000000000000000000010011110101000101101010011010110
101011101110111111000000000000000000000000000000000000000000000010011110101000101101010011010110
001001011001000100100000000000000000000000000000000000000000000010011110101000101101010011010110
011111000100001000100000000000000000000000000000000000000000000010011110101000101101010011010110
110010101110110100000000000000000000000000000000000000000000000010011110101000101101010011010110
100101101101001100000000000000000000000000000000000000000000000010011110101000101101010011010110
001010101010000100100000000000000000000000000000000000000000000010011110101000101101010011010110
101100001110101110000000000000000000000000000000000000000000000010011110101000101101010011010110
100010010010000000000000000000000000000000000000000000000000000010011110101000101101010011010110
111101101011010111000000000000000000000000000000000000000000000010011110101000101101010011010110
111101101111101000000000000000000000000000000000000000000000000010011110101000101101010011010110
100101111101001000100000000000000000000000000000000000000000000010011110101000101101010011010110
001110101111100110000000000000000000000000000000000000000000000010011110101000101101010011010110
011000101110001011000000000000000000000000000000000000000000000010011110101000101101010011010110
110100111000000100000000000000000000000000000000000000000000000010011110101000101101010011010110
111001110110011000000000000000000000000000000000000000000000000010011110101000101101010011010110
111100011010001101000000000000000000000000000000000000000000000010011110101000101101010011010110
001100010111110000000000000000000000000000000000000000000000000010011110101000101101010011010110
100011001010001011000000000000000000000000000000000000000000000010011110101000101101010011010110
111111001000010110000000000000000000000000000000000000000000000010011110101000101101010011010110
001000110001111110000000000000000000000000000000000000000000000010011110101000101101010011010110
111011101111101110000000000000000000000000000000000000000000000010011110101000101101010011010110
000110110000011000000000000000000000000000000000000000000000000010011110101000101101010011010110
100000101011010010000000000000000000000000000000000000000000000010011110101000101101010011010110
000110010100000100100000000000000000000000000000000000000000000010011110101000101101010011010110
111101000100011111000000000000000000000000000000000000000000000010011110101000101101010011010110
000011110010010000100000000000000000000000000000000000000000000010011110101000101101010011010110
110010010110101100000000000000000000000000000000000000000000000010011110101000101101010011010110
001000001000001010000000000000000000000000000000000000000000000010011110101000101101010011010110
100000000011010000000000000000000000000000000000000000000000000010011110101000101101010011010110
011101010010001000000000000000000000000000000000000000000000000010011110101000101101010011010110
100000000111110001000000000000000000000000000000000000000000000010011110101000101101010011010110
110011101111101001000000000000000000000000000000000000000000000010011110101000101101010011010110
001011011001100000100000000000000000000000000000000000000000000010011110101000101101010011010110
011000011001000011000000000000000000000000000000000000000000000010011110101000101101010011010110
010010001111001010000000000000000000000000000000000000000000000010011110101000101101010011010110
011101111100001000000000000000000000000000000000000000000000000010011110101000101101010011010110
100110111110101001000000000000000000000000000000000000000000000010011110101000101101010011010110
001100110011110000000000000000000000000000000000000000000000000010011110101000101101010011010110
100111010111001000000000000000000000000000000000000000000000000010011110101000101101010011010110
000000100111101011000000000000000000000000000000000000000000000010011110101000101101010011010110
111101011110010011000000000000000000000000000000000000000000000010011110101000101101010011010110
101011001111100110000000000000000000000000000000000000000000000010011110101000101101010011010110
100100011101001100000000000000000000000000000000000000000000000010011110101000101101010011010110
000000100111100000000000000000000000000000000000000000000000000010011110101000101101010011010110
111010011101111100000000000000000000000000000000000000000000000010011110101000101101010011010110
100110101100111101000000000000000000000000000000000000000000000010011110101000101101010011010110
000000000101101100000000000000000000000000000000000000000000000010011110101000101101010011010110
100101110000010010000000000000000000000000000000000000000000000010011110101000101101010011010110
101101011011011011000000000000000000000000000000000000000000000010011110101000101101010011010110
101010011111111110000000000000000000000000000000000000000000000010011110101000101101010011010110
001011000110110010000000000000000000000000000000000000000000000010011110101000101101010011010110
011010011101110000000000000000000000000000000000000000000000000010011110101000101101010011010110
011010010000101110000000000000000000000000000000000000000000000010011110101000101101010011010110
001111111011001100000000000000000000000000000000000000000000000010011110101000101101010011010110
000111111111101011000000000000000000000000000000000000000000000010011110101000101101010011010110
011100001001100101000000000000000000000000000000000000000000000010011110101000101101010011010110
101111011000000000100000000000000000000000000000000000000000000010011110101000101101010011010110
010001011011011101000000000000000000000000000000000000000000000010011110101000101101010011010110
100100011101011010000000000000000000000000000000000000000000000010011110101000101101010011010110
111101100010001110000000000000000000000000000000000000000000000010011110101000101101010011010110
000000111010000100000000000000000000000000000000000000000000000010011110101000101101010011010110
100111001101111111000000000000000000000000000000000000000000000010011110101000101101010011010110
110100100001110110000000000000000000000000000000000000000000000010011110101000101101010011010110
010010110111111001000000000000000000000000000000000000000000000010011110101000101101010011010110
011001101101111111000000000000000000000000000000000000000000000010011110101000101101010011010110
100001001010101110000000000000000000000000000000000000000000000010011110101000101101010011010110
011101101101110011000000000000000000000000000000000000000000000010011110101000101101010011010110
101000111001110110000000000000000000000000000000000000000000000010011110101000101101010011010110
000001100110111010000000000000000000000000000000000000000000000010011110101000101101010011010110
100111101000011011000000000000000000000000000000000000000000000010011110101000101101010011010110
111001011011111000100000000000000000000000000000000000000000000010011110101000101101010011010110
111100110011001101000000000000000000000000000000000000000000000010011110101000101101010011010110
000000000011100000100000000000000000000000000000000000000000000010011110101000101101010011010110
010010010101000101000000000000000000000000000000000000000000000010011110101000101101010011010110
100011100010100010000000000000000000000000000000000000000000000010011110101000101101010011010110
101101001110011011000000000000000000000000000000000000000000000010011110101000101101010011010110
101011011101001110000000000000000000000000000000000000000000000010011110101000101101010011010110
111010010001001011000000000000000000000000000000000000000000000010011110101000101101010011010110
001001110110010001000000000000000000000000000000000000000000000010011110101000101101010011010110
110111100000011010000000000000000000000000000000000000000000000010011110101000101101010011010110
000011011101110011000000000000000000000000000000000000000000000010011110101000101101010011010110
010100001111001101000000000000000000000000000000000000000000000010011110101000101101010011010110
001111011101010101000000000000000000000000000000000000000000000010011110101000101101010011010110
000101100000000101000000000000000000000000000000000000000000000010011110101000101101010011010110
101101111100100111000000000000000000000000000000000000000000000010011110101000101101010011010110
111101001000000101000000000000000000000000000000000000000000000010011110101000101101010011010110
111011110101110111000000000000000000000000000000000000000000000010011110101000101101010011010110
111111100000111101000000000000000000000000000000000000000000000010011110101000101101010011010110
001111101011100000100000000000000000000000000000000000000000000010011110101000101101010011010110
110110000100000100000000000000000000000000000000000000000000000010011110101000101101010011010110
110111101111000101000000000000000000000000000000000000000000000010011110101000101101010011010110
011110010010111011000000000000000000000000000000000000000000000010011110101000101101010011010110
001011101111110000000000000000000000000000000000000000000000000010011110101000101101010011010110
110000111110001010000000000000000000000000000000000000000000000010011110101000101101010011010110
100110110001111010000000000000000000000000000000000000000000000010011110101000101101010011010110
111111110010000000000000000000000000000000000000000000000000000010011110101000101101010011010110
001100101010011111000000000000000000000000000000000000000000000010011110101000101101010011010110
101001011010000011000000000000000000000000000000000000000000000010011110101000101101010011010110
000111111001110111000000000000000000000000000000000000000000000010011110101000101101010011010110
100010001100011111000000000000000000000000000000000000000000000010011110101000101101010011010110
001000010010101010000000000000000000000000000000000000000000000010011110101000101101010011010110
001110101100001101000000000000000000000000000000000000000000000010011110101000101101010011010110
110000001111011000100000000000000000000000000000000000000000000010011110101000101101010011010110
110010101110000111000000000000000000000000000000000000000000000010011110101000101101010011010110
110010011101110110000000000000000000000000000000000000000000000010011110101000101101010011010110
010000101111001010000000000000000000000000000000000000000000000010011110101000101101010011010110
111011101110101000000000000000000000000000000000000000000000000010011110101000101101010011010110
001001111100001000100000000000000000000000000000000000000000000010011110101000101101010011010110
001101010100101110000000000000000000000000000000000000000000000010011110101000101101010011010110
110111001011110010000000000000000000000000000000000000000000000010011110101000101101010011010110
100010010101110011000000000000000000000000000000000000000000000010011110101000101101010011010110
010111100011111110000000000000000000000000000000000000000000000010011110101000101101010011010110
111101110111011101000000000000000000000000000000000000000000000010011110101000101101010011010110
110011001001111011000000000000000000000000000000000000000000000010011110101000101101010011010110
111001101000010111000000000000000000000000000000000000000000000010011110101000101101010011010110
000100011001100111000000000000000000000000000000000000000000000010011110101000101101010011010110
000010110001000010000000000000000000000000000000000000000000000010011110101000101101010011010110
001000010001011011000000000000000000000000000000000000000000000010011110101000101101010011010110
101000101111000110000000000000000000000000000000000000000000000010011110101000101101010011010110
000001110111010111000000000000000000000000000000000000000000000010011110101000101101010011010110
010110000001101000000000000000000000000000000000000000000000000010011110101000101101010011010110
000011000101010111000000000000000000000000000000000000000000000010011110101000101101010011010110
011111001111101110000000000000000000000000000000000000000000000010011110101000101101010011010110
100010011111001110000000000000000000000000000000000000000000000010011110101000101101010011010110
011010111010111101000000000000000000000000000000000000000000000010011110101000101101010011010110
001010111000000101000000000000000000000000000000000000000000000010011110101000101101010011010110
101101010100111000000000000000000000000000000000000000000000000010011110101000101101010011010110
001101101001001000100000000000000000000000000000000000000000000010011110101000101101010011010110
010000101100101100000000000000000000000000000000000000000000000010011110101000101101010011010110
000001000010100100000000000000000000000000000000000000000000000010011110101000101101010011010110
101101001100011101000000000000000000000000000000000000000000000010011110101000101101010011010110
000110111000011000000000000000000000000000000000000000000000000010011110101000101101010011010110
010000100101111000000000000000000000000000000000000000000000000010011110101000101101010011010110
111100010111010000000000000000000000000000000000000000000000000010011110101000101101010011010110
101100000101001010000000000000000000000000000000000000000000000010011110101000101101010011010110
000110010111100101000000000000000000000000000000000000000000000010011110101000101101010011010110
110011111100000101000000000000000000000000000000000000000000000010011110101000101101010011010110
110010100001111011000000000000000000000000000000000000000000000010011110101000101101010011010110
011001001010010111000000000000000000000000000000000000000000000010011110101000101101010011010110
011100011110001111000000000000000000000000000000000000000000000010011110101000101101010011010110
111001111011111111000000000000000000000000000000000000000000000010011110101000101101010011010110
001001110011001000100000000000000000000000000000000000000000000010011110101000101101010011010110
001011100100111000000000000000000000000000000000000000000000000010011110101000101101010011010110
000101101100100110000000000000000000000000000000000000000000000010011110101000101101010011010110
111111010011011111000000000000000000000000000000000000000000000010011110101000101101010011010110
011011001110100000000000000000000000000000000000000000000000000010011110101000101101010011010110
111000101010011001000000000000000000000000000000000000000000000010011110101000101101010011010110
101001011100101111000000000000000000000000000000000000000000000010011110101000101101010011010110
100100101100111101000000000000000000000000000000000000000000000010011110101000101101010011010110
010000010100100010000000000000000000000000000000000000000000000010011110101000101101010011010110
110010110100001010000000000000000000000000000000000000000000000010011110101000101101010011010110
100100010111010011000000000000000000000000000000000000000000000010011110101000101101010011010110
001010101011100001000000000000000000000000000000000000000000000010011110101000101101010011010110
011010100110111000000000000000000000000000000000000000000000000010011110101000101101010011010110
110110111011111000000000000000000000000000000000000000000000000010011110101000101101010011010110
011110100100000111000000000000000000000000000000000000000000000010011110101000101101010011010110
110000011110011010000000000000000000000000000000000000000000000010011110101000101101010011010110
100000000111000001000000000000000000000000000000000000000000000010011110101000101101010011010110
111111010010000110000000000000000000000000000000000000000000000010011110101000101101010011010110
101110110100000101000000000000000000000000000000000000000000000010011110101000101101010011010110
000001101010011010000000000000000000000000000000000000000000000010011110101000101101010011010110
101000011111110011000000000000000000000000000000000000000000000010011110101000101101010011010110
111100010110001010000000000000000000000000000000000000000000000010011110101000101101010011010110
111111101110010000100000000000000000000000000000000000000000000010011110101000101101010011010110
011111110110001011000000000000000000000000000000000000000000000010011110101000101101010011010110
100111000111110100000000000000000000000000000000000000000000000010011110101000101101010011010110
101000101011111111000000000000000000000000000000000000000000000010011110101000101101010011010110
010011101101011101000000000000000000000000000000000000000000000010011110101000101101010011010110
110111010010110011000000000000000000000000000000000000000000000010011110101000101101010011010110
101101111001111110000000000000000000000000000000000000000000000010011110101000101101010011010110
101111000110011010000000000000000000000000000000000000000000000010011110101000101101010011010110
001111100011111000000000000000000000000000000000000000000000000010011110101000101101010011010110
101010011010001111000000000000000000000000000000000000000000000010011110101000101101010011010110
101011111011010110000000000000000000000000000000000000000000000010011110101000101101010011010110
011000001100101111000000000000000000000000000000000000000000000010011110101000101101010011010110
000100000000100100100000000000000000000000000000000000000000000010011110101000101101010011010110
010110100010001110000000000000000000000000000000000000000000000010011110101000101101010011010110
101111011011100101000000000000000000000000000000000000000000000010011110101000101101010011010110
110111001111100000000000000000000000000000000000000000000000000010011110101000101101010011010110
001001111001111000100000000000000000000000000000000000000000000010011110101000101101010011010110
101010110001001000000000000000000000000000000000000000000000000010011110101000101101010011010110
001010011100011000000000000000000000000000000000000000000000000010011110101000101101010011010110
010100000100110011000000000000000000000000000000000000000000000010011110101000101101010011010110
111001000001010001000000000000000000000000000000000000000000000010011110101000101101010011010110
000000011011010100000000000000000000000000000000000000000000000010011110101000101101010011010110
011011000011001110000000000000000000000000000000000000000000000010011110101000101101010011010110
011111101111111110000000000000000000000000000000000000000000000010011110101000101101010011010110
010101010110101001000000000000000000000000000000000000000000000010011110101000101101010011010110
110011000111011000000000000000000000000000000000000000000000000010011110101000101101010011010110
010100011111000101000000000000000000000000000000000000000000000010011110101000101101010011010110
101011111110001101000000000000000000000000000000000000000000000010011110101000101101010011010110
010010111010100101000000000000000000000000000000000000000000000010011110101000101101010011010110
101001011111000111000000000000000000000000000000000000000000000010011110101000101101010011010110
110001001111000000100000000000000000000000000000000000000000000010011110101000101101010011010110
000101000110111000100000000000000000000000000000000000000000000010011110101000101101010011010110
100000010110011000000000000000000000000000000000000000000000000010011110101000101101010011010110
100010001011111000000000000000000000000000000000000000000000000010011110101000101101010011010110
110101010001110010000000000000000000000000000000000000000000000010011110101000101101010011010110
101111001110010000000000000000000000000000000000000000000000000010011110101000101101010011010110
101001100000010001000000000000000000000000000000000000000000000010011110101000101101010011010110
000111010110010000100000000000000000000000000000000000000000000010011110101000101101010011010110
011011110001110000000000000000000000000000000000000000000000000010011110101000101101010011010110
001000011110101100000000000000000000000000000000000000000000000010011110101000101101010011010110
010001000101110011000000000000000000000000000000000000000000000010011110101000101101010011010110
110101101000001101000000000000000000000000000000000000000000000010011110101000101101010011010110
011111010000110010000000000000000000000000000000000000000000000010011110101000101101010011010110
010011100111010010000000000000000000000000000000000000000000000010011110101000101101010011010110
001110010000101010000000000000000000000000000000000000000000000010011110101000101101010011010110
010101111010110000100000000000000000000000000000000000000000000010011110101000101101010011010110
000111100000100101000000000000000000000000000000000000000000000010011110101000101101010011010110
011110111110010100000000000000000000000000000000000000000000000010011110101000101101010011010110
011000011101101001000000000000000000000000000000000000000000000010011110101000101101010011010110
010111110001101101000000000000000000000000000000000000000000000010011110101000101101010011010110
111011010101000110000000000000000000000000000000000000000000000010011110101000101101010011010110
100000111110000100000000000000000000000000000000000000000000000010011110101000101101010011010110
111010111111000000000000000000000000000000000000000000000000000010011110101000101101010011010110
111101111111101011000000000000000000000000000000000000000000000010011110101000101101010011010110
000001100010100010000000000000000000000000000000000000000000000010011110101000101101010011010110
001101010000101010000000000000000000000000000000000000000000000010011110101000101101010011010110
011011011101100000100000000000000000000000000000000000000000000010011110101000101101010011010110
001010111100100010000000000000000000000000000000000000000000000010011110101000101101010011010110
011100111111111011000000000000000000000000000000000000000000000010011110101000101101010011010110
100000001010001000000000000000000000000000000000000000000000000010011110101000101101010011010110
011111110100010101000000000000000000000000000000000000000000000010011110101000101101010011010110
110101011101100001000000000000000000000000000000000000000000000010011110101000101101010011010110
111110000111010000100000000000000000000000000000000000000000000010011110101000101101010011010110
101100000101100100000000000000000000000000000000000000000000000010011110101000101101010011010110
111101000111011001000000000000000000000000000000000000000000000010011110101000101101010011010110
001010010111110011000000000000000000000000000000000000000000000010011110101000101101010011010110
110001011010101110000000000000000000000000000000000000000000000010011110101000101101010011010110
111100000001100010000000000000000000000000000000000000000000000010011110101000101101010011010110
100010001111100000000000000000000000000000000000000000000000000010011110101000101101010011010110
110000011111001101000000000000000000000000000000000000000000000010011110101000101101010011010110
000110101111101100000000000000000000000000000000000000000000000010011110101000101101010011010110
111111001101111000100000000000000000000000000000000000000000000010011110101000101101010011010110
111010101010010100000000000000000000000000000000000000000000000010011110101000101101010011010110
001010001110000111000000000000000000000000000000000000000000000010011110101000101101010011010110
100111110011101110000000000000000000000000000000000000000000000010011110101000101101010011010110
000110011010100000000000000000000000000000000000000000000000000010011110101000101101010011010110
111111100000000011000000000000000000000000000000000000000000000010011110101000101101010011010110
100001011010110110000000000000000000000000000000000000000000000010011110101000101101010011010110
100111010100110001000000000000000000000000000000000000000000000010011110101000101101010011010110
100110000011011000000000000000000000000000000000000000000000000010011110101000101101010011010110
000110010000100000100000000000000000000000000000000000000000000010011110101000101101010011010110
100111000000100000000000000000000000000000000000000000000000000010011110101000101101010011010110
101111100111100000000000000000000000000000000000000000000000000010011110101000101101010011010110
110011011010101001000000000000000000000000000000000000000000000010011110101000101101010011010110
100110001100000100100000000000000000000000000000000000000000000010011110101000101101010011010110
100101010110010101000000000000000000000000000000000000000000000010011110101000101101010011010110
010111010001000001000000000000000000000000000000000000000000000010011110101000101101010011010110
100010111101010010000000000000000000000000000000000000000000000010011110101000101101010011010110
111110110001010011000000000000000000000000000000000000000000000010011110101000101101010011010110
010011101001100011000000000000000000000000000000000000000000000010011110101000101101010011010110
011010111010000010000000000000000000000000000000000000000000000010011110101000101101010011010110
011010001011010000000000000000000000000000000000000000000000000010011110101000101101010011010110
001011111010111000100000000000000000000000000000000000000000000010011110101000101101010011010110
101010001110101100000000000000000000000000000000000000000000000010011110101000101101010011010110
100010110100101000000000000000000000000000000000000000000000000010011110101000101101010011010110
111001010100110101000000000000000000000000000000000000000000000010011110101000101101010011010110
010100011110111011000000000000000000000000000000000000000000000010011110101000101101010011010110
001011000111011110000000000000000000000000000000000000000000000010011110101000101101010011010110
010001101011000011000000000000000000000000000000000000000000000010011110101000101101010011010110
101111011000001001000000000000000000000000000000000000000000000010011110101000101101010011010110
000001000011011001000000000000000000000000000000000000000000000010011110101000101101010011010110
011111101010010010000000000000000000000000000000000000000000000010011110101000101101010011010110
111101110000000100100000000000000000000000000000000000000000000010011110101000101101010011010110
111001010101000101000000000000000000000000000000000000000000000010011110101000101101010011010110
011011010111100011000000000000000000000000000000000000000000000010011110101000101101010011010110
101111111111001100000000000000000000000000000000000000000000000010011110101000101101010011010110
010101001101101001000000000000000000000000000000000000000000000010011110101000101101010011010110
000101111100001000000000000000000000000000000000000000000000000010011110101000101101010011010110
101110100100110010000000000000000000000000000000000000000000000010011110101000101101010011010110
110101111101110010000000000000000000000000000000000000000000000010011110101000101101010011010110
001101111000100110000000000000000000000000000000000000000000000010011110101000101101010011010110
111010110000101111000000000000000000000000000000000000000000000010011110101000101101010011010110
101011101000111101000000000000000000000000000000000000000000000010011110101000101101010011010110
000000011110001110000000000000000000000000000000000000000000000010011110101000101101010011010110
111101010101110000000000000000000000000000000000000000000000000010011110101000101101010011010110
011101100111101100000000000000000000000000000000000000000000000010011110101000101101010011010110
110010011011111010000000000000000000000000000000000000000000000010011110101000101101010011010110
011111101101010101000000000000000000000000000000000000000000000010011110101000101101010011010110
011001100011110011000000000000000000000000000000000000000000000010011110101000101101010011010110
000100111101111011000000000000000000000000000000000000000000000010011110101000101101010011010110
111011111010101011000000000000000000000000000000000000000000000010011110101000101101010011010110
000111011001011110000000000000000000000000000000000000000000000010011110101000101101010011010110
010110011111001010000000000000000000000000000000000000000000000010011110101000101101010011010110
010100000111100100000000000000000000000000000000000000000000000010011110101000101101010011010110
111000000111000101000000000000000000000000000000000000000000000010011110101000101101010011010110
011100101011111100000000000000000000000000000000000000000000000010011110101000101101010011010110
100001111000000101000000000000000000000000000000000000000000000010011110101000101101010011010110
001110110111110010000000000000000000000000000000000000000000000010011110101000101101010011010110
100001010111001011000000000000000000000000000000000000000000000010011110101000101101010011010110
001001001110100000100000000000000000000000000000000000000000000010011110101000101101010011010110
010110011100101101000000000000000000000000000000000000000000000010011110101000101101010011010110
111100111110000000100000000000000000000000000000000000000000000010011110101000101101010011010110
000010001010000001000000000000000000000000000000000000000000000010011110101000101101010011010110
001000001011100000000000000000000000000000000000000000000000000010011110101000101101010011010110
100101010101110100000000000000000000000000000000000000000000000010011110101000101101010011010110
001011010110000101000000000000000000000000000000000000000000000010011110101000101101010011010110
001001010111100111000000000000000000000000000000000000000000000010011110101000101101010011010110
000100110111000000100000000000000000000000000000000000000000000010011110101000101101010011010110
100111001011011111000000000000000000000000000000000000000000000010011110101000101101010011010110
110000000010101110000000000000000000000000000000000000000000000010011110101000101101010011010110
011001010111011001000000000000000000000000000000000000000000000010011110101000101101010011010110
010100011001010001000000000000000000000000000000000000000000000010011110101000101101010011010110
101000011000100100000000000000000000000000000000000000000000000010011110101000101101010011010110
010000010001000001000000000000000000000000000000000000000000000010011110101000101101010011010110
110110010011110010000000000000000000000000000000000000000000000010011110101000101101010011010110
100000010111000111000000000000000000000000000000000000000000000010011110101000101101010011010110
001101101011000100100000000000000000000000000000000000000000000010011110101000101101010011010110
010001100101010011000000000000000000000000000000000000000000000010011110101000101101010011010110
100110000001100001000000000000000000000000000000000000000000000010011110101000101101010011010110
001001100111011011000000000000000000000000000000000000000000000010011110101000101101010011010110
000001010110010010000000000000000000000000000000000000000000000010011110101000101101010011010110
110110011011110001000000000000000000000000000000000000000000000010011110101000101101010011010110
110000000111101001000000000000000000000000000000000000000000000010011110101000101101010011010110
111110110111000100100000000000000000000000000000000000000000000010011110101000101101010011010110
000001100001111010000000000000000000000000000000000000000000000010011110101000101101010011010110
101000000011001000100000000000000000000000000000000000000000000010011110101000101101010011010110
111111100001101111000000000000000000000000000000000000000000000010011110101000101101010011010110
000110100010100101000000000000000000000000000000000000000000000010011110101000101101010011010110
000101000010100111000000000000000000000000000000000000000000000010011110101000101101010011010110
111111000110110000100000000000000000000000000000000000000000000010011110101000101101010011010110
011000010010011100000000000000000000000000000000000000000000000010011110101000101101010011010110
100110100111110111000000000000000000000000000000000000000000000010011110101000101101010011010110
001010110111110111000000000000000000000000000000000000000000000010011110101000101101010011010110
101001111110101111000000000000000000000000000000000000000000000010011110101000101101010011010110
101010111111000000100000000000000000000000000000000000000000000010011110101000101101010011010110
101010111110011000100000000000000000000000000000000000000000000010011110101000101101010011010110
101100001100000010000000000000000000000000000000000000000000000010011110101000101101010011010110
010110001101011010000000000000000000000000000000000000000000000010011110101000101101010011010110
110111101100101111000000000000000000000000000000000000000000000010011110101000101101010011010110
100100111110110000000000000000000000000000000000000000000000000010011110101000101101010011010110
000000111001001111000000000000000000000000000000000000000000000010011110101000101101010011010110
101110010011011011000000000000000000000000000000000000000000000010011110101000101101010011010110
010011011000100000000000000000000000000000000000000000000000000010011110101000101101010011010110
110001001011011000100000000000000000000000000000000000000000000010011110101000101101010011010110
001111011011101100000000000000000000000000000000000000000000000010011110101000101101010011010110
110111000010110110000000000000000000000000000000000000000000000010011110101000101101010011010110
001100100101100000000000000000000000000000000000000000000000000010011110101000101101010011010110
110100110110010000100000000000000000000000000000000000000000000010011110101000101101010011010110
111100101000111111000000000000000000000000000000000000000000000010011110101000101101010011010110
111001110011101100000000000000000000000000000000000000000000000010011110101000101101010011010110
011001000011100011000000000000000000000000000000000000000000000010011110101000101101010011010110
000100111011010110000000000000000000000000000000000000000000000010011110101000101101010011010110
011111111000111111000000000000000000000000000000000000000000000010011110101000101101010011010110
110101001011000001000000000000000000000000000000000000000000000010011110101000101101010011010110
011110100000000100000000000000000000000000000000000000000000000010011110101000101101010011010110
110010110000110100000000000000000000000000000000000000000000000010011110101000101101010011010110
010111010010111000000000000000000000000000000000000000000000000010011110101000101101010011010110
011001100011001010000000000000000000000000000000000000000000000010011110101000101101010011010110
100100011111101001000000000000000000000000000000000000000000000010011110101000101101010011010110
011011111110000000000000000000000000000000000000000000000000000010011110101000101101010011010110
110001110011000001000000000000000000000000000000000000000000000010011110101000101101010011010110
000101111010100011000000000000000000000000000000000000000000000010011110101000101101010011010110
011010110011101100000000000000000000000000000000000000000000000010011110101000101101010011010110
011010101111110000000000000000000000000000000000000000000000000010011110101000101101010011010110
100101101110000000100000000000000000000000000000000000000000000010011110101000101101010011010110
110100000100010111000000000000000000000000000000000000000000000010011110101000101101010011010110
011000110101010010000000000000000000000000000000000000000000000010011110101000101101010011010110
001010000010101000000000000000000000000000000000000000000000000010011110101000101101010011010110
011001101111010110000000000000000000000000000000000000000000000010011110101000101101010011010110
101101010010110101000000000000000000000000000000000000000000000010011110101000101101010011010110
110111110110110000000000000000000000000000000000000000000000000010011110101000101101010011010110
001001000011011100000000000000000000000000000000000000000000000010011110101000101101010011010110
000111011110111001000000000000000000000000000000000000000000000010011110101000101101010011010110
000001100010001010000000000000000000000000000000000000000000000010011110101000101101010011010110
001010101111010111000000000000000000000000000000000000000000000010011110101000101101010011010110
101010010001111011000000000000000000000000000000000000000000000010011110101000101101010011010110
010110100001101100000000000000000000000000000000000000000000000010011110101000101101010011010110
110110100010101110000000000000000000000000000000000000000000000010011110101000101101010011010110
000001000101101000000000000000000000000000000000000000000000000010011110101000101101010011010110
110010010110011011000000000000000000000000000000000000000000000010011110101000101101010011010110
001110111100000110000000000000000000000000000000000000000000000010011110101000101101010011010110
101101111011101100000000000000000000000000000000000000000000000010011110101000101101010011010110
010011010100011010000000000000000000000000000000000000000000000010011110101000101101010011010110
101111000110000100000000000000000000000000000000000000000000000010011110101000101101010011010110
111011011111010001000000000000000000000000000000000000000000000010011110101000101101010011010110
101100111011010110000000000000000000000000000000000000000000000010011110101000101101010011010110
010011100110101100000000000000000000000000000000000000000000000010011110101000101101010011010110
010101011110011111000000000000000000000000000000000000000000000010011110101000101101010011010110
011010000011000101000000000000000000000000000000000000000000000010011110101000101101010011010110
101001001011000000000000000000000000000000000000000000000000000010011110101000101101010011010110
100000010110010011000000000000000000000000000000000000000000000010011110101000101101010011010110
010011000001011001000000000000000000000000000000000000000000000010011110101000101101010011010110
111110010001010111000000000000000000000000000000000000000000000010011110101000101101010011010110
100010111100000010000000000000000000000000000000000000000000000010011110101000101101010011010110
100101011001001001000000000000000000000000000000000000000000000010011110101000101101010011010110
000010001010000100100000000000000000000000000000000000000000000010011110101000101101010011010110
001101111010100101000000000000000000000000000000000000000000000010011110101000101101010011010110
100011000010000111000000000000000000000000000000000000000000000010011110101000101101010011010110
100101111000001001000000000000000000000000000000000000000000000010011110101000101101010011010110
111100101000011001000000000000000000000000000000000000000000000010011110101000101101010011010110
011011111101111011000000000000000000000000000000000000000000000010011110101000101101010011010110
011011000111001101000000000000000000000000000000000000000000000010011110101000101101010011010110
111001100101001100000000000000000000000000000000000000000000000010011110101000101101010011010110
000101011000011110000000000000000000000000000000000000000000000010011110101000101101010011010110
100111110101101110000000000000000000000000000000000000000000000010011110101000101101010011010110
110100010101100001000000000000000000000000000000000000000000000010011110101000101101010011010110
010010010000011101000000000000000000000000000000000000000000000010011110101000101101010011010110
011011010000010000000000000000000000000000000000000000000000000010011110101000101101010011010110
110100101000100011000000000000000000000000000000000000000000000010011110101000101101010011010110
111110000100001100000000000000000000000000000000000000000000000010011110101000101101010011010110
110010011110000010000000000000000000000000000000000000000000000010011110101000101101010011010110
010001011010101000000000000000000000000000000000000000000000000010011110101000101101010011010110
001101110110000000000000000000000000000000000000000000000000000010011110101000101101010011010110
001110000101000001000000000000000000000000000000000000000000000010011110101000101101010011010110
001001001000011110000000000000000000000000000000000000000000000010011110101000101101010011010110
100111000101111001000000000000000000000000000000000000000000000010011110101000101101010011010110
010111011000110001000000000000000000000000000000000000000000000010011110101000101101010011010110
110001010101000100000000000000000000000000000000000000000000000010011110101000101101010011010110
101110000110100001000000000000000000000000000000000000000000000010011110101000101101010011010110
010010111111011111000000000000000000000000000000000000000000000010011110101000101101010011010110
011000011010011110000000000000000000000000000000000000000000000010011110101000101101010011010110
100011111011000001000000000000000000000000000000000000000000000010011110101000101101010011010110
010000000111011001000000000000000000000000000000000000000000000010011110101000101101010011010110
100001011111100100000000000000000000000000000000000000000000000010011110101000101101010011010110
010111110111110101000000000000000000000000000000000000000000000010011110101000101101010011010110
010000111101001000100000000000000000000000000000000000000000000010011110101000101101010011010110
111100001011111001000000000000000000000000000000000000000000000010011110101000101101010011010110
011010110000011100000000000000000000000000000000000000000000000010011110101000101101010011010110
100001101100100000000000000000000000000000000000000000000000000010011110101000101101010011010110
101011001001001011000000000000000000000000000000000000000000000010011110101000101101010011010110
001001100101101110000000000000000000000000000000000000000000000010011110101000101101010011010110
001001101001001000000000000000000000000000000000000000000000000010011110101000101101010011010110
001000100100011110000000000000000000000000000000000000000000000010011110101000101101010011010110
110111110110111001000000000000000000000000000000000000000000000010011110101000101101010011010110
111111100001000111000000000000000000000000000000000000000000000010011110101000101101010011010110
111101101011000000100000000000000000000000000000000000000000000010011110101000101101010011010110
111111100100110011000000000000000000000000000000000000000000000010011110101000101101010011010110
001101101111111000000000000000000000000000000000000000000000000010011110101000101101010011010110
001101001100111001000000000000000000000000000000000000000000000010011110101000101101010011010110
100010100011110101000000000000000000000000000000000000000000000010011110101000101101010011010110
001011001000111010000000000000000000000000000000000000000000000010011110101000101101010011010110
100110000100101110000000000000000000000000000000000000000000000010011110101000101101010011010110
010010001011000111000000000000000000000000000000000000000000000010011110101000101101010011010110
010110100010110001000000000000000000000000000000000000000000000010011110101000101101010011010110
111001000011100101000000000000000000000000000000000000000000000010011110101000101101010011010110
001100101000111000000000000000000000000000000000000000000000000010011110101000101101010011010110
011101111001000111000000000000000000000000000000000000000000000010011110101000101101010011010110
000111101000111100000000000000000000000000000000000000000000000010011110101000101101010011010110
111100010001101000100000000000000000000000000000000000000000000010011110101000101101010011010110
010000011011011010000000000000000000000000000000000000000000000010011110101000101101010011010110
100111100100010110000000000000000000000000000000000000000000000010011110101000101101010011010110
110011001000011110000000000000000000000000000000000000000000000010011110101000101101010011010110
010011010000100111000000000000000000000000000000000000000000000010011110101000101101010011010110
101110010011000100000000000000000000000000000000000000000000000010011110101000101101010011010110
110101100001011001000000000000000000000000000000000000000000000010011110101000101101010011010110
110111111001000111000000000000000000000000000000000000000000000010011110101000101101010011010110
111110110100011110000000000000000000000000000000000000000000000010011110101000101101010011010110
001011111011100001000000000000000000000000000000000000000000000010011110101000101101010011010110
100011000101111110000000000000000000000000000000000000000000000010011110101000101101010011010110
111110001001000110000000000000000000000000000000000000000000000010011110101000101101010011010110
100010011000011001000000000000000000000000000000000000000000000010011110101000101101010011010110
101001111000001110000000000000000000000000000000000000000000000010011110101000101101010011010110
110101111001100101000000000000000000000000000000000000000000000010011110101000101101010011010110
001110000110100010000000000000000000000000000000000000000000000010011110101000101101010011010110
101011011001111001000000000000000000000000000000000000000000000010011110101000101101010011010110
101010000001110100000000000000000000000000000000000000000000000010011110101000101101010011010110
011111111110011010000000000000000000000000000000000000000000000010011110101000101101010011010110
100111111100111101000000000000000000000000000000000000000000000010011110101000101101010011010110
001010011110010010000000000000000000000000000000000000000000000010011110101000101101010011010110
011001111110101000100000000000000000000000000000000000000000000010011110101000101101010011010110
011011000110011100000000000000000000000000000000000000000000000010011110101000101101010011010110
100111111000001001000000000000000000000000000000000000000000000010011110101000101101010011010110
001111110001010100000000000000000000000000000000000000000000000010011110101000101101010011010110
100100000110111010000000000000000000000000000000000000000000000010011110101000101101010011010110
001101100111110111000000000000000000000000000000000000000000000010011110101000101101010011010110
011010011110001111000000000000000000000000000000000000000000000010011110101000101101010011010110
111000100101010001000000000000000000000000000000000000000000000010011110101000101101010011010110
001011111101010100000000000000000000000000000000000000000000000010011110101000101101010011010110
001100000001011100000000000000000000000000000000000000000000000010011110101000101101010011010110
110001110000010110000000000000000000000000000000000000000000000010011110101000101101010011010110
001111000110011010000000000000000000000000000000000000000000000010011110101000101101010011010110
110101101000101100000000000000000000000000000000000000000000000010011110101000101101010011010110
010000011111001000000000000000000000000000000000000000000000000010011110101000101101010011010110
111111111001100100000000000000000000000000000000000000000000000010011110101000101101010011010110
010010101010011100000000000000000000000000000000000000000000000010011110101000101101010011010110
110111001000010001000000000000000000000000000000000000000000000010011110101000101101010011010110
111101110011010010000000000000000000000000000000000000000000000010011110101000101101010011010110
010001001001010011000000000000000000000000000000000000000000000010011110101000101101010011010110
110001111101101001000000000000000000000000000000000000000000000010011110101000101101010011010110
000011000000001011000000000000000000000000000000000000000000000010011110101000101101010011010110
110111010000000100100000000000000000000000000000000000000000000010011110101000101101010011010110
110000010111010000100000000000000000000000000000000000000000000010011110101000101101010011010110
010011100000010111000000000000000000000000000000000000000000000010011110101000101101010011010110
000010101100010010000000000000000000000000000000000000000000000010011110101000101101010011010110
101001000001111000100000000000000000000000000000000000000000000010011110101000101101010011010110
000001010011001110000000000000000000000000000000000000000000000010011110101000101101010011010110
101011010010101111000000000000000000000000000000000000000000000010011110101000101101010011010110
000010000010110000100000000000000000000000000000000000000000000010011110101000101101010011010110
100000011000110100000000000000000000000000000000000000000000000010011110101000101101010011010110
000001110111101000100000000000000000000000000000000000000000000010011110101000101101010011010110
011010001111101110000000000000000000000000000000000000000000000010011110101000101101010011010110
001001011111010100000000000000000000000000000000000000000000000010011110101000101101010011010110
101000000101001101000000000000000000000000000000000000000000000010011110101000101101010011010110
100100101001011000000000000000000000000000000000000000000000000010011110101000101101010011010110
100100000010000101000000000000000000000000000000000000000000000010011110101000101101010011010110
001010011111101001000000000000000000000000000000000000000000000010011110101000101101010011010110
011011111100000100100000000000000000000000000000000000000000000010011110101000101101010011010110
011001000111111110000000000000000000000000000000000000000000000010011110101000101101010011010110
010100100001111000000000000000000000000000000000000000000000000010011110101000101101010011010110
110000000011001100000000000000000000000000000000000000000000000010011110101000101101010011010110
101001101100001011000000000000000000000000000000000000000000000010011110101000101101010011010110
001100001101001011000000000000000000000000000000000000000000000010011110101000101101010011010110
110110110001001100000000000000000000000000000000000000000000000010011110101000101101010011010110
111111011100000010000000000000000000000000000000000000000000000010011110101000101101010011010110
111100100101011000000000000000000000000000000000000000000000000010011110101000101101010011010110
010100110110110110000000000000000000000000000000000000000000000010011110101000101101010011010110
010101000110101010000000000000000000000000000000000000000000000010011110101000101101010011010110
010001111000110111000000000000000000000000000000000000000000000010011110101000101101010011010110
011001101001011010000000000000000000000000000000000000000000000010011110101000101101010011010110
000011011000100001000000000000000000000000000000000000000000000010011110101000101101010011010110
001110010101011010000000000000000000000000000000000000000000000010011110101000101101010011010110
010101010001011101000000000000000000000000000000000000000000000010011110101000101101010011010110
110111110100010110000000000000000000000000000000000000000000000010011110101000101101010011010110
100111111000011001000000000000000000000000000000000000000000000010011110101000101101010011010110
110110001001011110000000000000000000000000000000000000000000000010011110101000101101010011010110
101111110001101001000000000000000000000000000000000000000000000010011110101000101101010011010110
110010000010110010000000000000000000000000000000000000000000000010011110101000101101010011010110
111010010111000110000000000000000000000000000000000000000000000010011110101000101101010011010110
001000000111010010000000000000000000000000000000000000000000000010011110101000101101010011010110
000100000110010111000000000000000000000000000000000000000000000010011110101000101101010011010110
001110011101011000100000000000000000000000000000000000000000000010011110101000101101010011010110
001011111101001001000000000000000000000000000000000000000000000010011110101000101101010011010110
010100001111001100000000000000000000000000000000000000000000000010011110101000101101010011010110
110101101000010000000000000000000000000000000000000000000000000010011110101000101101010011010110
001010110100111110000000000000000000000000000000000000000000000010011110101000101101010011010110
110010000110001011000000000000000000000000000000000000000000000010011110101000101101010011010110
111111101010001111000000000000000000000000000000000000000000000010011110101000101101010011010110
000001110100110000100000000000000000000000000000000000000000000010011110101000101101010011010110
101011011111010100000000000000000000000000000000000000000000000010011110101000101101010011010110
110101101100110001000000000000000000000000000000000000000000000010011110101000101101010011010110
111100110111010011000000000000000000000000000000000000000000000010011110101000101101010011010110
011000111100001000000000000000000000000000000000000000000000000010011110101000101101010011010110
011111011110011111000000000000000000000000000000000000000000000010011110101000101101010011010110
000100000010011100000000000000000000000000000000000000000000000010011110101000101101010011010110
000011000010110011000000000000000000000000000000000000000000000010011110101000101101010011010110
001011111110111100000000000000000000000000000000000000000000000010011110101000101101010011010110
010111110001100000000000000000000000000000000000000000000000000010011110101000101101010011010110
001101011100011111000000000000000000000000000000000000000000000010011110101000101101010011010110
100100011010101111000000000000000000000000000000000000000000000010011110101000101101010011010110
101000001100011110000000000000000000000000000000000000000000000010011110101000101101010011010110
101010000101001010000000000000000000000000000000000000000000000010011110101000101101010011010110
111101111110110010000000000000000000000000000000000000000000000010011110101000101101010011010110
011101001011110000000000000000000000000000000000000000000000000010011110101000101101010011010110
000011111000010111000000000000000000000000000000000000000000000010011110101000101101010011010110
001010010000100000000000000000000000000000000000000000000000000010011110101000101101010011010110
111100011100110110000000000000000000000000000000000000000000000010011110101000101101010011010110
100000010110000100000000000000000000000000000000000000000000000010011110101000101101010011010110
000111101110001010000000000000000000000000000000000000000000000010011110101000101101010011010110
111110000110110110000000000000000000000000000000000000000000000010011110101000101101010011010110
000100101101100110000000000000000000000000000000000000000000000010011110101000101101010011010110
100001010110010010000000000000000000000000000000000000000000000010011110101000101101010011010110
100110010010101010000000000000000000000000000000000000000000000010011110101000101101010011010110
101010110100101110000000000000000000000000000000000000000000000010011110101000101101010011010110
001111111010100001000000000000000000000000000000000000000000000010011110101000101101010011010110
101010000001010100000000000000000000000000000000000000000000000010011110101000101101010011010110
110110010010010000000000000000000000000000000000000000000000000010011110101000101101010011010110
000011011001101100000000000000000000000000000000000000000000000010011110101000101101010011010110
111011100100110011000000000000000000000000000000000000000000000010011110101000101101010011010110
011000001000101000100000000000000000000000000000000000000000000010011110101000101101010011010110
001111011110001010000000000000000000000000000000000000000000000010011110101000101101010011010110
000001010100100101000000000000000000000000000000000000000000000010011110101000101101010011010110
000100000111100100000000000000000000000000000000000000000000000010011110101000101101010011010110
111010000001111000100000000000000000000000000000000000000000000010011110101000101101010011010110
001111001111010111000000000000000000000000000000000000000000000010011110101000101101010011010110
001100010100011110000000000000000000000000000000000000000000000010011110101000101101010011010110
010011101011000000000000000000000000000000000000000000000000000010011110101000101101010011010110
101000010111100011000000000000000000000000000000000000000000000010011110101000101101010011010110
100011101101001101000000000000000000000000000000000000000000000010011110101000101101010011010110
110000010000011000000000000000000000000000000000000000000000000010011110101000101101010011010110
101000110001010101000000000000000000000000000000000000000000000010011110101000101101010011010110
111110000011111000000000000000000000000000000000000000000000000010011110101000101101010011010110
100110001001110011000000000000000000000000000000000000000000000010011110101000101101010011010110
111101101101110001000000000000000000000000000000000000000000000010011110101000101101010011010110
000110001000001110000000000000000000000000000000000000000000000010011110101000101101010011010110
100001001001110010000000000000000000000000000000000000000000000010011110101000101101010011010110
110100011000100100100000000000000000000000000000000000000000000010011110101000101101010011010110
100011000110110000000000000000000000000000000000000000000000000010011110101000101101010011010110
001111111001011000000000000000000000000000000000000000000000000010011110101000101101010011010110
110110011001011100000000000000000000000000000000000000000000000010011110101000101101010011010110
001100110010111111000000000000000000000000000000000000000000000010011110101000101101010011010110
111100000011010010000000000000000000000000000000000000000000000010011110101000101101010011010110
001010101001100000100000000000000000000000000000000000000000000010011110101000101101010011010110
000001111110101010000000000000000000000000000000000000000000000010011110101000101101010011010110
010010101111011000100000000000000000000000000000000000000000000010011110101000101101010011010110
101110011000011011000000000000000000000000000000000000000000000010011110101000101101010011010110
001100101011010010000000000000000000000000000000000000000000000010011110101000101101010011010110
100011100100101110000000000000000000000000000000000000000000000010011110101000101101010011010110
011101100001001000100000000000000000000000000000000000000000000010011110101000101101010011010110
001010100111011001000000000000000000000000000000000000000000000010011110101000101101010011010110
000110000101010111000000000000000000000000000000000000000000000010011110101000101101010011010110
001010110110110111000000000000000000000000000000000000000000000010011110101000101101010011010110
110011101000101000000000000000000000000000000000000000000000000010011110101000101101010011010110
010101011101110111000000000000000000000000000000000000000000000010011110101000101101010011010110
000101010010100010000000000000000000000000000000000000000000000010011110101000101101010011010110
011011011101101111000000000000000000000000000000000000000000000010011110101000101101010011010110
100000100001010110000000000000000000000000000000000000000000000010011110101000101101010011010110
110111010000000000100000000000000000000000000000000000000000000010011110101000101101010011010110
110000010000110100000000000000000000000000000000000000000000000010011110101000101101010011010110
011010000110000100000000000000000000000000000000000000000000000010011110101000101101010011010110
110111000111010111000000000000000000000000000000000000000000000010011110101000101101010011010110
010100001000001100000000000000000000000000000000000000000000000010011110101000101101010011010110
100011010010110001000000000000000000000000000000000000000000000010011110101000101101010011010110
101110110001010101000000000000000000000000000000000000000000000010011110101000101101010011010110
001000101001100100000000000000000000000000000000000000000000000010011110101000101101010011010110
000100101010100001000000000000000000000000000000000000000000000010011110101000101101010011010110
100110110000010101000000000000000000000000000000000000000000000010011110101000101101010011010110
010010011010111101000000000000000000000000000000000000000000000010011110101000101101010011010110
011101110101110000100000000000000000000000000000000000000000000010011110101000101101010011010110
011100001111101100000000000000000000000000000000000000000000000010011110101000101101010011010110
100010100100110011000000000000000000000000000000000000000000000010011110101000101101010011010110
110100100010100011000000000000000000000000000000000000000000000010011110101000101101010011010110
011000101111101001000000000000000000000000000000000000000000000010011110101000101101010011010110
111111100100000111000000000000000000000000000000000000000000000010011110101000101101010011010110
001110001010001111000000000000000000000000000000000000000000000010011110101000101101010011010110
010001110101000101000000000000000000000000000000000000000000000010011110101000101101010011010110
010101000101101010000000000000000000000000000000000000000000000010011110101000101101010011010110
001010001101001000100000000000000000000000000000000000000000000010011110101000101101010011010110
001101010011001011000000000000000000000000000000000000000000000010011110101000101101010011010110
101011100101101100000000000000000000000000000000000000000000000010011110101000101101010011010110
100100000111001111000000000000000000000000000000000000000000000010011110101000101101010011010110
110110001111001001000000000000000000000000000000000000000000000010011110101000101101010011010110
000111000101101001000000000000000000000000000000000000000000000010011110101000101101010011010110
110100101001000000100000000000000000000000000000000000000000000010011110101000101101010011010110
011001011001000110000000000000000000000000000000000000000000000010011110101000101101010011010110
011011110100011000000000000000000000000000000000000000000000000010011110101000101101010011010110
110101010001101000000000000000000000000000000000000000000000000010011110101000101101010011010110
010001101110010110000000000000000000000000000000000000000000000010011110101000101101010011010110
110101011100110000000000000000000000000000000000000000000000000010011110101000101101010011010110
001001101100011111000000000000000000000000000000000000000000000010011110101000101101010011010110
011101010101001110000000000000000000000000000000000000000000000010011110101000101101010011010110
001010011010011000000000000000000000000000000000000000000000000010011110101000101101010011010110
110100001000110001000000000000000000000000000000000000000000000010011110101000101101010011010110
111000000011001010000000000000000000000000000000000000000000000010011110101000101101010011010110
111101010111100110000000000000000000000000000000000000000000000010011110101000101101010011010110
010010100011100111000000000000000000000000000000000000000000000010011110101000101101010011010110
110001010110010010000000000000000000000000000000000000000000000010011110101000101101010011010110
010110101110000110000000000000000000000000000000000000000000000010011110101000101101010011010110
100100111011000101000000000000000000000000000000000000000000000010011110101000101101010011010110
011001110001001110000000000000000000000000000000000000000000000010011110101000101101010011010110
111011010111010001000000000000000000000000000000000000000000000010011110101000101101010011010110
001110000010000100100000000000000000000000000000000000000000000010011110101000101101010011010110
111100001100101110000000000000000000000000000000000000000000000010011110101000101101010011010110
011101101111001101000000000000000000000000000000000000000000000010011110101000101101010011010110
100001111101101110000000000000000000000000000000000000000000000010011110101000101101010011010110
010100011101000000100000000000000000000000000000000000000000000010011110101000101101010011010110
111101010101111111000000000000000000000000000000000000000000000010011110101000101101010011010110
100101100110010101000000000000000000000000000000000000000000000010011110101000101101010011010110
111100010110101111000000000000000000000000000000000000000000000010011110101000101101010011010110
010000101111100101000000000000000000000000000000000000000000000010011110101000101101010011010110
110111110101001100000000000000000000000000000000000000000000000010011110101000101101010011010110
110101101001101011000000000000000000000000000000000000000000000010011110101000101101010011010110
101000110111011011000000000000000000000000000000000000000000000010011110101000101101010011010110
010000011100001110000000000000000000000000000000000000000000000010011110101000101101010011010110
110001000110101001000000000000000000000000000000000000000000000010011110101000101101010011010110
001101110111110010000000000000000000000000000000000000000000000010011110101000101101010011010110
011100010001000010000000000000000000000000000000000000000000000010011110101000101101010011010110
001110001010001110000000000000000000000000000000000000000000000010011110101000101101010011010110
100100111110000100000000000000000000000000000000000000000000000010011110101000101101010011010110
110111110001111011000000000000000000000000000000000000000000000010011110101000101101010011010110
101010101100000001000000000000000000000000000000000000000000000010011110101000101101010011010110
101010100101100100000000000000000000000000000000000000000000000010011110101000101101010011010110
000010001110100101000000000000000000000000000000000000000000000010011110101000101101010011010110
011000101111100101000000000000000000000000000000000000000000000010011110101000101101010011010110
110000000000100100000000000000000000000000000000000000000000000010011110101000101101010011010110
001111111010001100000000000000000000000000000000000000000000000010011110101000101101010011010110
100110110010100010000000000000000000000000000000000000000000000010011110101000101101010011010110
110110000000000111000000000000000000000000000000000000000000000010011110101000101101010011010110
010011000000010001000000000000000000000000000000000000000000000010011110101000101101010011010110
110101010110011001000000000000000000000000000000000000000000000010011110101000101101010011010110
100101000110000100000000000000000000000000000000000000000000000010011110101000101101010011010110
000011011001000011000000000000000000000000000000000000000000000010011110101000101101010011010110
001111101000010100000000000000000000000000000000000000000000000010011110101000101101010011010110
010111010100001010000000000000000000000000000000000000000000000010011110101000101101010011010110
001101100111100111000000000000000000000000000000000000000000000010011110101000101101010011010110
010101101001111111000000000000000000000000000000000000000000000010011110101000101101010011010110
111011101110110011000000000000000000000000000000000000000000000010011110101000101101010011010110
000111110111101001000000000000000000000000000000000000000000000010011110101000101101010011010110
100010011010110101000000000000000000000000000000000000000000000010011110101000101101010011010110
001101001010001000000000000000000000000000000000000000000000000010011110101000101101010011010110
011000111000010001000000000000000000000000000000000000000000000010011110101000101101010011010110
100001101111000011000000000000000000000000000000000000000000000010011110101000101101010011010110
000010000011000100000000000000000000000000000000000000000000000010011110101000101101010011010110
010011001100010011000000000000000000000000000000000000000000000010011110101000101101010011010110
001001000101001101000000000000000000000000000000000000000000000010011110101000101101010011010110
100100010110000000000000000000000000000000000000000000000000000010011110101000101101010011010110
111010100110100110000000000000000000000000000000000000000000000010011110101000101101010011010110
001001110101010011000000000000000000000000000000000000000000000010011110101000101101010011010110
111001011101101111000000000000000000000000000000000000000000000010011110101000101101010011010110
011000000001010100000000000000000000000000000000000000000000000010011110101000101101010011010110
110001000010010100000000000000000000000000000000000000000000000010011110101000101101010011010110
001011101110011010000000000000000000000000000000000000000000000010011110101000101101010011010110
011111110010101101000000000000000000000000000000000000000000000010011110101000101101010011010110
101110011111100101000000000000000000000000000000000000000000000010011110101000101101010011010110
000011001100000111000000000000000000000000000000000000000000000010011110101000101101010011010110
011110111101111011000000000000000000000000000000000000000000000010011110101000101101010011010110
011111111010011000100000000000000000000000000000000000000000000010011110101000101101010011010110
001000011010110100000000000000000000000000000000000000000000000010011110101000101101010011010110
010001001110101000000000000000000000000000000000000000000000000010011110101000101101010011010110
100011110100100100100000000000000000000000000000000000000000000010011110101000101101010011010110
001001001010110110000000000000000000000000000000000000000000000010011110101000101101010011010110
101011010000100011000000000000000000000000000000000000000000000010011110101000101101010011010110
101011111000010110000000000000000000000000000000000000000000000010011110101000101101010011010110
100101100011011000100000000000000000000000000000000000000000000010011110101000101101010011010110
110011101011110100000000000000000000000000000000000000000000000010011110101000101101010011010110
001010011001111000100000000000000000000000000000000000000000000010011110101000101101010011010110
010001001001010110000000000000000000000000000000000000000000000010011110101000101101010011010110
111111100111001111000000000000000000000000000000000000000000000010011110101000101101010011010110
110000011100010011000000000000000000000000000000000000000000000010011110101000101101010011010110
101100101000001100000000000000000000000000000000000000000000000010011110101000101101010011010110
111111011111010111000000000000000000000000000000000000000000000010011110101000101101010011010110
111010111100010100000000000000000000000000000000000000000000000010011110101000101101010011010110
010101010101011010000000000000000000000000000000000000000000000010011110101000101101010011010110
000111000000111011000000000000000000000000000000000000000000000010011110101000101101010011010110
101000100110111001000000000000000000000000000000000000000000000010011110101000101101010011010110
010111011100011100000000000000000000000000000000000000000000000010011110101000101101010011010110
000100110110111010000000000000000000000000000000000000000000000010011110101000101101010011010110
101110011001111011000000000000000000000000000000000000000000000010011110101000101101010011010110
100000110100100110000000000000000000000000000000000000000000000010011110101000101101010011010110
110111010111011011000000000000000000000000000000000000000000000010011110101000101101010011010110
111111111010010001000000000000000000000000000000000000000000000010011110101000101101010011010110
010000101001101100000000000000000000000000000000000000000000000010011110101000101101010011010110
000000101101001101000000000000000000000000000000000000000000000010011110101000101101010011010110
000100010010111000100000000000000000000000000000000000000000000010011110101000101101010011010110
000111101110001110000000000000000000000000000000000000000000000010011110101000101101010011010110
100011001110100011000000000000000000000000000000000000000000000010011110101000101101010011010110
100101101010011000000000000000000000000000000000000000000000000010011110101000101101010011010110
101000001101111101000000000000000000000000000000000000000000000010011110101000101101010011010110
010001111011101000100000000000000000000000000000000000000000000010011110101000101101010011010110
101001111110101000100000000000000000000000000000000000000000000010011110101000101101010011010110
101011000100011110000000000000000000000000000000000000000000000010011110101000101101010011010110
100011111111101100000000000000000000000000000000000000000000000010011110101000101101010011010110
101101000100111111000000000000000000000000000000000000000000000010011110101000101101010011010110
101001011001100001000000000000000000000000000000000000000000000010011110101000101101010011010110
000100000001010110000000000000000000000000000000000000000000000010011110101000101101010011010110
100011011100101010000000000000000000000000000000000000000000000010011110101000101101010011010110
100001101101100001000000000000000000000000000000000000000000000010011110101000101101010011010110
011100101011011011000000000000000000000000000000000000000000000010011110101000101101010011010110
000101010111011101000000000000000000000000000000000000000000000010011110101000101101010011010110
110111111001000100100000000000000000000000000000000000000000000010011110101000101101010011010110
001100001101110101000000000000000000000000000000000000000000000010011110101000101101010011010110
110100101000100010000000000000000000000000000000000000000000000010011110101000101101010011010110
101001100001010110000000000000000000000000000000000000000000000010011110101000101101010011010110
010100011110010101000000000000000000000000000000000000000000000010011110101000101101010011010110
011100011000001001000000000000000000000000000000000000000000000010011110101000101101010011010110
010110000000111101000000000000000000000000000000000000000000000010011110101000101101010011010110
111110101010110101000000000000000000000000000000000000000000000010011110101000101101010011010110
000001010110111010000000000000000000000000000000000000000000000010011110101000101101010011010110
100110000000010001000000000000000000000000000000000000000000000010011110101000101101010011010110
011111010111101000100000000000000000000000000000000000000000000010011110101000101101010011010110
100110100010000101000000000000000000000000000000000000000000000010011110101000101101010011010110
100111110010001101000000000000000000000000000000000000000000000010011110101000101101010011010110
011000110110011000000000000000000000000000000000000000000000000010011110101000101101010011010110
100000100110000011000000000000000000000000000000000000000000000010011110101000101101010011010110
100101010010001000100000000000000000000000000000000000000000000010011110101000101101010011010110
101000011011101111000000000000000000000000000000000000000000000010011110101000101101010011010110
001000110010001001000000000000000000000000000000000000000000000010011110101000101101010011010110
110001001111000010000000000000000000000000000000000000000000000010011110101000101101010011010110
100111110000100011000000000000000000000000000000000000000000000010011110101000101101010011010110
101010001110111111000000000000000000000000000000000000000000000010011110101000101101010011010110
001010010111010001000000000000000000000000000000000000000000000010011110101000101101010011010110
001110010011001100000000000000000000000000000000000000000000000010011110101000101101010011010110
000101001001001000000000000000000000000000000000000000000000000010011110101000101101010011010110
000001010000101000100000000000000000000000000000000000000000000010011110101000101101010011010110
100101100011101100000000000000000000000000000000000000000000000010011110101000101101010011010110
010110000001101101000000000000000000000000000000000000000000000010011110101000101101010011010110
101011100011000000000000000000000000000000000000000000000000000010011110101000101101010011010110
000010110110001000100000000000000000000000000000000000000000000010011110101000101101010011010110
101000010100000011000000000000000000000000000000000000000000000010011110101000101101010011010110
101111101100111100000000000000000000000000000000000000000000000010011110101000101101010011010110
001001011011101011000000000000000000000000000000000000000000000010011110101000101101010011010110
110000100011110111000000000000000000000000000000000000000000000010011110101000101101010011010110
000011111101100110000000000000000000000000000000000000000000000010011110101000101101010011010110
001011001111001000000000000000000000000000000000000000000000000010011110101000101101010011010110
011101010010011001000000000000000000000000000000000000000000000010011110101000101101010011010110
000101100001010010000000000000000000000000000000000000000000000010011110101000101101010011010110
000111110011000100000000000000000000000000000000000000000000000010011110101000101101010011010110
110101101011111110000000000000000000000000000000000000000000000010011110101000101101010011010110
011101100001110100000000000000000000000000000000000000000000000010011110101000101101010011010110
001011000110110011000000000000000000000000000000000000000000000010011110101000101101010011010110
101011010110100111000000000000000000000000000000000000000000000010011110101000101101010011010110
110000100111011100000000000000000000000000000000000000000000000010011110101000101101010011010110
111001000101101000000000000000000000000000000000000000000000000010011110101000101101010011010110
110110101010101110000000000000000000000000000000000000000000000010011110101000101101010011010110
100011111111011111000000000000000000000000000000000000000000000010011110101000101101010011010110
100100110001110110000000000000000000000000000000000000000000000010011110101000101101010011010110
101001100100011001000000000000000000000000000000000000000000000010011110101000101101010011010110
101011111000101000000000000000000000000000000000000000000000000010011110101000101101010011010110
000010110001100111000000000000000000000000000000000000000000000010011110101000101101010011010110
001001101101010110000000000000000000000000000000000000000000000010011110101000101101010011010110
000110110111111011000000000000000000000000000000000000000000000010011110101000101101010011010110
000101110001010101000000000000000000000000000000000000000000000010011110101000101101010011010110
011011110110111000000000000000000000000000000000000000000000000010011110101000101101010011010110
100110110100011000000000000000000000000000000000000000000000000010011110101000101101010011010110
011000001111000100000000000000000000000000000000000000000000000010011110101000101101010011010110
110100110011000110000000000000000000000000000000000000000000000010011110101000101101010011010110
110111101001000000100000000000000000000000000000000000000000000010011110101000101101010011010110
101000001100001000100000000000000000000000000000000000000000000010011110101000101101010011010110
001101101011001011000000000000000000000000000000000000000000000010011110101000101101010011010110
101101001110010000100000000000000000000000000000000000000000000010011110101000101101010011010110
011100001100100010000000000000000000000000000000000000000000000010011110101000101101010011010110
001000100100000100100000000000000000000000000000000000000000000010011110101000101101010011010110
110010100100010010000000000000000000000000000000000000000000000010011110101000101101010011010110
100011101110010010000000000000000000000000000000000000000000000010011110101000101101010011010110
110101010011100000100000000000000000000000000000000000000000000010011110101000101101010011010110
010110110110010010000000000000000000000000000000000000000000000010011110101000101101010011010110
111011001101000100000000000000000000000000000000000000000000000010011110101000101101010011010110
110001111101111011000000000000000000000000000000000000000000000010011110101000101101010011010110
010000000011111000100000000000000000000000000000000000000000000010011110101000101101010011010110
010110010000111110000000000000000000000000000000000000000000000010011110101000101101010011010110
011000111101100000000000000000000000000000000000000000000000000010011110101000101101010011010110
000111100100011101000000000000000000000000000000000000000000000010011110101000101101010011010110
101001001001111000000000000000000000000000000000000000000000000010011110101000101101010011010110
010010100010001001000000000000000000000000000000000000000000000010011110101000101101010011010110
001010101111101010000000000000000000000000000000000000000000000010011110101000101101010011010110
100111111110010000000000000000000000000000000000000000000000000010011110101000101101010011010110
010001010000110000000000000000000000000000000000000000000000000010011110101000101101010011010110
011000011011101111000000000000000000000000000000000000000000000010011110101000101101010011010110
111011101011000011000000000000000000000000000000000000000000000010011110101000101101010011010110
010001100001111101000000000000000000000000000000000000000000000010011110101000101101010011010110
001100001001000000000000000000000000000000000000000000000000000010011110101000101101010011010110
101100001110000100000000000000000000000000000000000000000000000010011110101000101101010011010110
111111100101010000000000000000000000000000000000000000000000000010011110101000101101010011010110
101110000100100011000000000000000000000000000000000000000000000010011110101000101101010011010110
010011000100110100000000000000000000000000000000000000000000000010011110101000101101010011010110
101111101110001010000000000000000000000000000000000000000000000010011110101000101101010011010110
110000010110111001000000000000000000000000000000000000000000000010011110101000101101010011010110
101111001100001111000000000000000000000000000000000000000000000010011110101000101101010011010110
101101110111000000100000000000000000000000000000000000000000000010011110101000101101010011010110
111100001010111010000000000000000000000000000000000000000000000010011110101000101101010011010110
101101011000010011000000000000000000000000000000000000000000000010011110101000101101010011010110
101010010101001001000000000000000000000000000000000000000000000010011110101000101101010011010110
110101101101101101000000000000000000000000000000000000000000000010011110101000101101010011010110
110001011001111011000000000000000000000000000000000000000000000010011110101000101101010011010110
100110010001010111000000000000000000000000000000000000000000000010011110101000101101010011010110
100100010011100100000000000000000000000000000000000000000000000010011110101000101101010011010110
001100110100110000000000000000000000000000000000000000000000000010011110101000101101010011010110
110000011100011000000000000000000000000000000000000000000000000010011110101000101101010011010110
111100101010110000000000000000000000000000000000000000000000000010011110101000101101010011010110
010110100011011110000000000000000000000000000000000000000000000010011110101000101101010011010110
001101110010011001000000000000000000000000000000000000000000000010011110101000101101010011010110
010110000011001100000000000000000000000000000000000000000000000010011110101000101101010011010110
011011010111001001000000000000000000000000000000000000000000000010011110101000101101010011010110
100100010100110000000000000000000000000000000000000000000000000010011110101000101101010011010110
110101111111111010000000000000000000000000000000000000000000000010011110101000101101010011010110
111011100010001001000000000000000000000000000000000000000000000010011110101000101101010011010110
001011110011011000000000000000000000000000000000000000000000000010011110101000101101010011010110
000101110101100000000000000000000000000000000000000000000000000010011110101000101101010011010110
001101111110001110000000000000000000000000000000000000000000000010011110101000101101010011010110
110111110001000111000000000000000000000000000000000000000000000010011110101000101101010011010110
010000111110010001000000000000000000000000000000000000000000000010011110101000101101010011010110
000101001101000101000000000000000000000000000000000000000000000010011110101000101101010011010110
101100110011001110000000000000000000000000000000000000000000000010011110101000101101010011010110
101000111010111100000000000000000000000000000000000000000000000010011110101000101101010011010110
101110000011101111000000000000000000000000000000000000000000000010011110101000101101010011010110
000110001101110110000000000000000000000000000000000000000000000010011110101000101101010011010110
000100010101001011000000000000000000000000000000000000000000000010011110101000101101010011010110
001101110000011100000000000000000000000000000000000000000000000010011110101000101101010011010110
101011010000011011000000000000000000000000000000000000000000000010011110101000101101010011010110
110110011101001110000000000000000000000000000000000000000000000010011110101000101101010011010110
000011001011101100000000000000000000000000000000000000000000000010011110101000101101010011010110
011000110111011101000000000000000000000000000000000000000000000010011110101000101101010011010110
101010001100010000000000000000000000000000000000000000000000000010011110101000101101010011010110
101010000001001000100000000000000000000000000000000000000000000010011110101000101101010011010110
001001101110010110000000000000000000000000000000000000000000000010011110101000101101010011010110
011000111101110110000000000000000000000000000000000000000000000010011110101000101101010011010110
110100010101110001000000000000000000000000000000000000000000000010011110101000101101010011010110
010110100001010010000000000000000000000000000000000000000000000010011110101000101101010011010110
010100100010001110000000000000000000000000000000000000000000000010011110101000101101010011010110
100001011100110011000000000000000000000000000000000000000000000010011110101000101101010011010110
011100010110101011000000000000000000000000000000000000000000000010011110101000101101010011010110
011001000111110111000000000000000000000000000000000000000000000010011110101000101101010011010110
101000011111001011000000000000000000000000000000000000000000000010011110101000101101010011010110
010111010111100000000000000000000000000000000000000000000000000010011110101000101101010011010110
100100000011011111000000000000000000000000000000000000000000000010011110101000101101010011010110
100111110000101100000000000000000000000000000000000000000000000010011110101000101101010011010110
110111000101000001000000000000000000000000000000000000000000000010011110101000101101010011010110
110101100010011111000000000000000000000000000000000000000000000010011110101000101101010011010110
000100101001001111000000000000000000000000000000000000000000000010011110101000101101010011010110
111000010100001111000000000000000000000000000000000000000000000010011110101000101101010011010110
000011101100111111000000000000000000000000000000000000000000000010011110101000101101010011010110
010101001001000101000000000000000000000000000000000000000000000010011110101000101101010011010110
101000000100110001000000000000000000000000000000000000000000000010011110101000101101010011010110
100101111000101101000000000000000000000000000000000000000000000010011110101000101101010011010110
101010000110000100000000000000000000000000000000000000000000000010011110101000101101010011010110
111100001100110111000000000000000000000000000000000000000000000010011110101000101101010011010110
010101101010110101000000000000000000000000000000000000000000000010011110101000101101010011010110
010110011100110001000000000000000000000000000000000000000000000010011110101000101101010011010110
101110110100111000000000000000000000000000000000000000000000000010011110101000101101010011010110
101111001111111001000000000000000000000000000000000000000000000010011110101000101101010011010110
101101001111001001000000000000000000000000000000000000000000000010011110101000101101010011010110
100101000000111100000000000000000000000000000000000000000000000010011110101000101101010011010110
011111011000000011000000000000000000000000000000000000000000000010011110101000101101010011010110
111001001000101100000000000000000000000000000000000000000000000010011110101000101101010011010110
000101100001010110000000000000000000000000000000000000000000000010011110101000101101010011010110
000100111010000101000000000000000000000000000000000000000000000010011110101000101101010011010110
010010001111000011000000000000000000000000000000000000000000000010011110101000101101010011010110
001011010100110111000000000000000000000000000000000000000000000010011110101000101101010011010110
000010101011010101000000000000000000000000000000000000000000000010011110101000101101010011010110
011010001101010000100000000000000000000000000000000000000000000010011110101000101101010011010110
010111001101101000100000000000000000000000000000000000000000000010011110101000101101010011010110
101111101011111101000000000000000000000000000000000000000000000010011110101000101101010011010110
000100111000000111000000000000000000000000000000000000000000000010011110101000101101010011010110
010101011101111000100000000000000000000000000000000000000000000010011110101000101101010011010110
110110001010110101000000000000000000000000000000000000000000000010011110101000101101010011010110
000111001011011011000000000000000000000000000000000000000000000010011110101000101101010011010110
111110010111100101000000000000000000000000000000000000000000000010011110101000101101010011010110
100001010110011011000000000000000000000000000000000000000000000010011110101000101101010011010110
010000011011001101000000000000000000000000000000000000000000000010011110101000101101010011010110
000000100001110001000000000000000000000000000000000000000000000010011110101000101101010011010110
000111000110110000000000000000000000000000000000000000000000000010011110101000101101010011010110
011000100000001011000000000000000000000000000000000000000000000010011110101000101101010011010110
000111001001011100000000000000000000000000000000000000000000000010011110101000101101010011010110
011010111100100000100000000000000000000000000000000000000000000010011110101000101101010011010110
000111010100000011000000000000000000000000000000000000000000000010011110101000101101010011010110
110111101010001101000000000000000000000000000000000000000000000010011110101000101101010011010110
111100100100101111000000000000000000000000000000000000000000000010011110101000101101010011010110
001101001010011011000000000000000000000000000000000000000000000010011110101000101101010011010110
