001001100001101100010011000011010001110111100100000000101101110011101101011010110101001110001001
101011110011000110101100001011000010011011101000000000000011111110011101100101001010010001001011
111101010111111010000101111111110100110100011000110010111001101010110111100110100111001101110101
001110100111011010010011011000100101001000001010000111000011011000001011000011010001010010010111
111100010110110000010100101100010100101011010110101100100101011010100100111101110010111011111100
000110110101000000101001110110010000100010101110101111101000001010001110111001000101110110101101
000011100001000111010101010000001000000010110010010111101111001110000101000000010000001110111110
100001100110000000011100101001101001000001000001110001100011101111100011001100001100110100101001
011101000010010110000110110110010011100111000110111011111101101001010001100101110010001001100110
011111001100101011100011100001000111110110000111000100000001100001011011010100011001100001101110
100101010111110010111011110011010111110010100000101001011101011101010011101111111000110101101001
111010000100101110011010000000110110010001000110010111000101001010110011101011100100001101111101
011010111111010000011011111101111111101000101011011111100001101000111010111010101111101001011101
000011110100111011100111001000111010111000010000101111101010110111001000000010110111000000011100
001011001101001110000101101111010010001101010110111000100100000000110100000110101111001000001101
011011010000111110101010100011101100110011011110001100111100110100100111110101001001110111111010
010010100001011100111101000101110000111111010101110101100100100110100000000001010000100001011011
011101110000011100010001101100111110010011101000111110001000111010101000010010010000100011101011
011101101111001110110101000000100100101110011111000010011101100111001110000110000011110110111000
001100011100101011110101110000011000010011001000111101010001110000000111010000110010101001110111
000101011000100110000100111110010001011111000011000100001001000000110010001001100010010100001010
001100110101101101010000001000101000110101011001101100000011111001001011110011101110000111101001
101000001011110001011100110100110000011010011001011101111001100011010011010111111100111000101010
100110110111011000011011010001101010000011010100010100100110110110001001011110010110101000011110
100010010000110000011011110111100100000010010101001111100101001001110100010110000110000000001110
010101111001101111011011011110110000111101110101011000000110000000111010111101001100001010110100
110000111101000100010011010110011000010100100011110110010111110101000111111010101001001010011110
101011011101111000010101110001011111011011001001010001111010111111101011011100001100000100101110
101001011101101101001101000011110001010101000011100111001011100001010000010010000111010111110010
000000010000100100101100010111000110101010111100000100011011110010000001110010001011011110100100
100100111001010101001000100110010001000001101011100100101011111010100101000010000000010100000100
010001101010010010111111011110000000111010000010111001111111011100100111011111011100101101010000
010001111101111100111011111001000010110000101011101010101000000100000100100010110100000110000111
001100101011011111100111010011111001110110000001010111110110011011000011001100000100011011111010
100011100001110111111010101000001001011010010111100101101100010001001101101001111000111110111011
010011010010001111111101011001000011111110001011010111111000110000000111011100110011011011110100
101000000011001110011000000000010010101000101110001110110110100011111101001101010010010101110011
101111110100000010101010100001000110100011001001101101101111110000101100011000110000101010000000
110001100010001010100100010111000110101011111110110010000011101111001111000111000011101000111111
110011010110110100000000111100101111000001000001011011111101000001001101101001001111001000001011
111011001111111011001000101110111010010001100010111111110101100000011100010011011111010101001111
101101110001110110101000110000000001110100011110110010011111011000001111111010100010110010010101
101011011110001010100100101010000010100101110011100010000010100110100000001001111110001000010001
100010100101100111111001111001011111011101111100011110100011111010110000011000011110110010110101
100001110011011011010111000010100100010001110001000011011110001110101111110000010100000001111001
111111011101111010001010010101101000011111010100000001000000000110110100110010110111110011000001
101000100010111010011001100111010111011111000000001001110100000101110100001111111111011010100101
110011100110101010111110000011001000000010001111010100111011101001001111110001101001111000111101
001100001001001011100101101011111000110010010000011000010101010101110110001011011101111111010000
001000110001111101001110010001101001001011001111100011010011011111111100010010110011100001011100
100011111111100111110110001001000011001101000100011111100010110100101100000001001111001110000000
111010011111011111100011111011111101000000111011000010001000111110010110101011000001000000001100
011011101001100100110110111000101000101010101011011111011010110101111000100110011011010100101001
010100111011010111110000001111101100001101000000110000001001000011101100100110001000010001010110
011001001100111110110011000100000100111010011001010110010110100010000011101100010001101010100001
000110110011110001000101010110010101011101111101010111001010000000000101110010110001110110001101
001001111001111000100000111000101011000001011101101100011010110010101000111100001100010011111101
111001010001100100110001011100011010011001001011111001110110111100110010011110110011000011111111
010000100101011110110101000000110010100101111011001100001101100111111110111010001111011101001100
011001110000110001100011100001001001010101101101101001110010110111110101100110111000000101100101
000010110111001000001100110100100010100111011110110000010110101101110010100101001101000001110100
101000000100110110011101100010100111110011000010110000101111100100001001001010100101110011111010
101111110110000001100001101101110111101110110001101101000101010010000010110001100011000001000000
011001000001100111000110101110010111100100100100000100001010111010010011000001001000101010101000
111100100110011000000111000000110100111010010100001101000011111011100111110011110010101100100111
100111010001101011011000010010001101110011110110010100100001100000101110001100010010011011111110
011100110100101111001010111111110100001001001011001001001101010010000101001110001000000001011111
011110010101110011101001101100001000110101100110100010100100010000101101011010011110111110011110
110101010001110110000100111010000000001100100101010100001111000101001100011101000101001001100101
111101000101001000100111011010110101110100010010110011101111000011001111101100110110101100100000
010010111001111010100010001100111100110111110111110110111011010000001001110111000010101010100110
011101110001101101110000010110011010011001100011011100111011001000010111110001001111010111001111
011000011110010000101010010010010000001110110111010110000110110100110101101101100110001010001010
011111001100011101100001001111000000010110100010010111110011100001110100110101100010111011110001
011101010001001100000110011011101010011111011010011010001001011000001100000000011011100011011111
111010011101000011001100101101000100101110010110011001101001011010001010001000101110100101111101
000011000001000100010010110011000111000011100001100001000101100111100001010101010100000010111110
000000110011000100001011100001001001100000010100010011100011010011111001011100100011111011000011
101100100001001011010101111100100011000111110100111100111001010100001111110110011110000111010110
001101100111100111001000000001101100100110000111110101000101010011001101110001101101010111010001
101001000111011010101011100100001110000011110001110111010001001100111110001011011000110010111001
101000010110010011001110000001110011110100001100100101101011000001111001001110000010000011110011
100110110100101011010000001011010111000111110111101101100011100010000000001111010010000101001000
100011001110011101110110111000001110001001110011100000110110111000101100111111000011110100111100
111011111011001010001001101011110010000001101100001110111010000111111111101011001110100000110010
100000100000011011010111001100001111010111101111001010111100111100100110001011111100001111110000
111010011000101111111111000111000011101110010111111001110010000111011011001100001010111100001000
100111100000100100011011011000010111010001011101101111010110010101001000100110110100111111010110
111101010101011011010111101100001001110011000111011010101001011011100100101101111111000111100100
110000010011010101100111001010001000011011110001000010111000011111110101111100010111100000111000
010010101110011011110111100001101111110010100011110000000011110011011110001101101001010110011011
010101101011111110000000101000001101000110010110011101000011110101101111110000100110110011110101
100101000010010101010110101110010110101011001110100010110001000010011101000111100001110011100000
011011000010001010011010000000101000010110101011111010111010110000100100111100100000111100011011
000100110000011011101110110001010100011010011000001010101001001110001101101011011111111100000100
111011101011001110000001011000011010101101000111001101011101110001110100000001100101000110010111
101111010010101001010101111000110111010101001011111100001110111111100100000110111011111001010101
110011101011101110111110010000111001000101100100100001011011001011111110010100100011100110110000
010010000001010011100000100110110010111100010110100101101000001001111101100010110111000101011010
000110110111111010110000101010100001110101101000010110011111010101011000101001011101010101010010
011001100001011000110000111001011111010010001000001111011000101100000010001101100111100110000011
111111010110101001001001100111010100111000101000001000100100010100010010101100100000111111010010
011111011110100011000001010100000100110111011101001101001001101100011110000110010100110101100101
001100000011001000000101111001000010100100001111101100011110111010111000010010110000111110001000
011111001010101100011000101101110001111011010111110010110111100000100110101111101001110111100000
010000111110010100110011101000011011010111111110111111000101000000110001110010011010010100111001
001001010010111011100011110011001101001010011001001111100000110101100100000001100110001110111001
100011011111101000000110100110101000110110111011011011101010010000100011001110111110000100110110
101100100101100011000011111010101100001100000100100010011111100101000000111110011111111100011101
110100011101100111101001000110001000010100011000100000110000101101111110110100101011111110011110
110001101000010011110101000100101111011101010010100111010100011000010010011011110010101011010000
000011010001100110101011110010010010000011010111101000101110010000011000111010110111000110111001
011100111001100010000111001010000101111110011010111110101110000101011110010111010111000011100111
010101000101100101100000011001001001111000111100110110011000101000110111110111101011011010101110
000110111110110111010101100110001010011010000111010110110111000100110101011001110011010110011100
010101111010001011101010100001000000000100111000000000101101101100110101010000000010110001110000
110010000111000011111110001001100000000100100010011001011110110010110100110111111111000001110101
100011110100000110011000100110000000100000001001111001001100100100010001100010011001000001101101
111001100011010000011011100110010000100010101010111110010100010011101110001000001101010100000111
101111010011100101101111011111011001111011110111110101101101100001110000101001100011101100111011
000111111011011100010011011100100001110110110110100000111010001010100110100011010110011010011011
100010001001001101101101000011100001110100011101101111001101010110000001110000000100110001100010
011111010010000000011111011110001100110000011001101110110100001011101010100000011110010101101001
100110101100000111000010010001000000111110010101111100101100000001010011100111110100110110111111
110100010111001100000101000101010000111001110111001010100111001001011010011101101000000110000001
111101011101110000101000011010010000101100011100001001100010010000001100000011010100111111101001
011101111111010001110110111011111111110110000001110001110011011011000001100011011101101011000101
011111111011001100000110000100010110100010110011100010000001000000111100001010000111101111011000
010101111011100100111010001111100001101101010111100100100011010001100011010011110000001011010010
101001001111000000001001111011000101010100100111111100101000101100100111010110110001011000110100
000001111111011111101100100001100000100111001000101000010001001101010001101100010011000100111000
101110010001100111111111010000111010010001011011001101001000110101000011101011111101001110000100
100001110110111000111110000011110000101001100011010111111000111100110110011000110001000101110011
000001110111011000111101000110101101111101111001111010000010010101101111110101001101011011111010
100100011100101111111101011010010111000101100011100110101001101001100111010100111100001011010010
011100100010100110101110100110010000011101011100011100110110111011110001011101001011100111101011
101111000100000101000100101101010100011010011111001001000011110000000001010010010101010010111110
010100001010111001110000110011111001101110011111110100110001001001110011101010110000111111011011
110110110000111101111010100000111111000011000001001011010011010000100110110110111100101001101100
010011010001011110000001100100110010011110001110100001010100110000000100000101110100110110111110
111011101110010011000000010101011111110000111001000011010001101011001111100001000100010001110001
011110000011001000101011101100001011111101001100100110101000010001111111000111110110010000111010
110011000101001001000111010110000110011001101000011110100010011110011011111101010111110001011010
100011110110101011000100101011100111001110011100011011001000111100110101110000011000100101111100
101011000000010010101010010011010011000001010100100011101100000100010111011001010000110001100011
001100000011110110100111110100010000110100100001010010100101101001101110000100001101101011000010
010000011010010010011011111010100010110011111000101001010001001101001111100111101010010011101001
011000110110010000101010010110011011111000010001100110101011111001011010111101000111100001001001
000100111001010110001110111001011110000111000001011100110110001011011000111111010101101011100101
110100111100100000011101000001010110011001010111111101110100001110110001000110010110111110011000
000111010100010001111101001111010101101010011100001011101110011111010001111010010101001110011011
110101011101011101111110111100011011010001100111011000101100101010110101100100000010111001010000
011001100100000010000111100011010010101100001101100110101110100011100101111011001000101111000010
111100101111110010010110111010111110111010100011011001010101011000010111111011000111111010010001
000100001001110000010001000101111101111101111100010111101110001010110110000100010111111011100010
001111010001101011010101001101011011100011111000111110010000100100000101100001101011111010101000
100110011001101101010111101101011011011011100111111000101011011111011011111000011011010001110011
001110001011111010010101110101101010000111000100001101110010111101100011101100101010001101011101
010001101000110111011010101010010001100111001111011100101000010100111010101100010011000011010011
001000000110000010000101111000001101111111011000011101001010110010000110100011001010010010000110
010010111101000010001000010110110100110010111110110111011001001010100111100000000101100010000110
000111100011110110111001001101100100110110011111110000101100101100100111011001110000000010101111
101010110010001000001001110110111001010000010011010011011111100100010110001100111011111100111010
101101010101101101001011110010101000110110001000001101001100000111110101100110101111111110101111
111110100011101101100011011011100011111000000100001111010101000010000111110111011100000101110000
001110111110111110100010111000000001101011110101001000010001010001101001011101011000101111100001
101111000111000111101001110011111100011010101110111001010011100001100110100001111110011111010111
011110111100111000111110111100010111101110011000010011010111110011000010001010000110011001011000
000001100011001111111100011110101000100100100010011000100111001000000000001010100010101000111101
010000010100000110010000010000100100001110110101101001001010010000110001001010110010011001010101
101000011110000100000000111010010111101001110011010010100100101101001010000011111011001101100111
111101101011011101111011101011110010010001011111101010001010100011100001010000110100011001111001
001111001001010000111010011110001101011111000111010111001010110000100101011011011000101011011110
111010010101110001110111100111111101110001010000111010000100011011111010000100011101000101110101
100101001010110011000001011001010011111101100100110101010110011001111011101011111110110001110010
001101010110010100010101010000011110110011000111110011101111110010111011111100011110000111011100
101001101101100000011100100010000010000100101111001110101101000001100100001001101001010011111011
000111101011011100111101100110010101001010011111111000001100010000111101110101010111010000101101
011110010110001110000001100100101010011101101011110111101001111001011000010110110101101001101010
000000111011001111100110011010010111001100011110101000010100000110010001110101000000111111101000
100100110001011110101110001111001010001000111101111000011010010011001011101101001101001000110101
011011101010101000001000101101001000001011100100010100010111000000010000101111000001001011011011
101001111100100100100010100000100010111101110110111001110010011011011100111011011001110100111010
100010001100111011001010011000101100010111010111110101111111101000000011011000000000001001000001
000000000111010110111000101111111101110000010001111011111001011010100101110111010001111011000011
011111100010000100000111010000100110010001100110111111101011101000100111001111111000100101110111
100011100101110000000111100111111100010000101011111110100110001100010010010001001010010001011001
001110010111100111111011001010110111010100111011111100101000011010101110011011010000100101001001
111011010100000110010011100111000001011011110000011110011110101011101101010010001111100001101100
100000000011011111010101010110101110001110010000110100111001101011101100100101111011100110011111
001100001111011100101100000111100010001110111101101111011010000111001101110011001101110100010100
000001101110001101100000101100111011100011010001001001111110101010010000111010100011101110101101
001101001111100001000011111010100110110010001101101111010010010011000101000110111101111000000110
101101011010001000110000001000100100000011001110001101001000111010000111111111001111101111100000
000011110101011010110011110100000010011100110010000101010111101100100100100010000111110010100111
100011010100100110010011001011101101110111100011010001101101010001010010010111000110100100110101
101111111011100110111001001001100001111100100011111110101001101111001010000100100000000101110110
111010110111000101000000011000000011100010010101100101110110111001100110111011101110000010010101
000111001001101001011011100111110000000011100101111110110011111001111001110001000010111000000110
100001000100110110110010111101101100011100010100001010000010001001110011000100000001001011011000
001011001010011101101110010101101011011110101001000010000001010010001000101001101000011110001011
001010000001010000100010110010100110000101011101010011010010100011011101011000001111000100111100
011011111011001111110111111000000100101100000111010110110010101000000110111001100000001110000011
110001010101011010100000111110101010000011001100000011111000011010011100100011011000001000110101
000111001010100000111000010010000101000100010100101011101111100011100110010010110110100101000110
100100001000101010110101010010001000111111111011000111001000010100110100101101101011110001101000
011101101100010101111010101001101111010111010010110110101000101111010110111101000010010011110010
100001010110111110110010110111010100001110111110101010100010101010010001100011101011111100000010
111100010100011100100010010001010101010001101100110011110001101101011001011101010011110001010011
110010011101001111000100101011001110100011110011110001111111101111101011101101110110111101101010
001110101001010000000100101010110101110100101111111110101101000101000110111101011010011001000100
011111001000001101010111110000011001101000100011010100110001001100101001101010011001111110111011
011100110001010010101011011111011100110101110000111010101110110111101100110010101111001001001101
110110111010010000001000011011010011100110110010110110100111010001000010001001111100001011000000
110100000111010001111010101110110110101101001101100000110110101001101101111100001111110100011110
011111110001101101110011001000111101010010100010000011001000100111011011110000001000111010101110
110001010011101000110010111010101000001001000110001101011010111111001101000011010001111110111110
100101000011111101100000011010000111000100110010001000111000111100101110110110111101100001000010
011100001110010101110100111011111001010111011101111111011101110100011000101001010010001001000000
001110001000100001001100110100000110110001111011110101011110110011011000001101110000111011011110
010010010100101100010010110100001000111100110110010011000010110110100101010000101110011110011011
110110011010010001110111001111001101011010000001001011011000001101011101000100010101001000011111
000001001111110110000010100000000100110100111011010111101111000100000010111110000011001010011110
101101010110101010110111001101011001110100111011001000001100111101110001000101111010100001001100
011010001000001100000010110011001111000100110101010111000100011111010011000010011110101111100010
101001000101111000010110001001110001111101010000000010010111101101001101000100100101000001110011
000011001000101000100111101101110111010011101110110100010101000000111001111100110010110110000001
110101100001100000110111101011110101000100000101111101011001101110001001111000011001101100101110
111111111000111100100110100000011011011011001110101100000010010000111100100001101101000010111001
001000111110000000011001101110110100001110011010111100001110010010110011110000001011101111111101
000101111000100110011001001110010111000101100011110001011111101111111111110100001011111110000010
000100111011111011001000001001101100101101111100010010100000001001011101001110101010100000010110
000010000111000101010000100010110101100001101001000011001011011110011111000111111100111100110111
001000010011000100101100101000011111100111111111100001111101100110010110010000111001011110011100
101100000011000111000100101111000000101001000101001110011001100011110001010010101010000100111110
110001111100100111101111101010000001110001010101000001000101000001001001111000010001110100101001
110010100001111111110111111110111001110011010000101011000001001111011111101011000110111001110010
110010100010000101110000010011011000111100010010100000011011001010110011100010100111101110110010
010010001110010101000100100111101100010011000110100000011110000001000011100111010010011100011000
000100110010011100011010000001000000001001101000110101000111111110100011111100101111010011111000
001011101111110010111101110000110100101110000011110101111101011101011110101001000011101100101111
100001110100011011000111010100111100010000110100101010111011010010001001001010110100000000000110
000001011111011010101011100011100010010001111101110100110011000000000011110010000001110110111001
111100111001100100100110001101001110110000110111110110100000100100101001001110011111111111011110
000110101101110011010101000011000110111001100010101100001111111111100001001111111010100011101000
011100111010100101111111000011011100111010010010111101011101001001100100001110011101011001101010
001110101011111101111111010001001111010111001001001101110011011011101011111001110111111000000100
000111000111110111001001111101001000011001101010101100010110001010001101010001100101010011011001
111100011111000100000011010100001001101001001100010111110011100010011000000100011110101001111010
001101010001001011110110111111111011011000110001010000110011000110111000111110001010011001110101
010101111010100010101011110101101111010111100000011100101001111011101010010001000110101101011101
111001101101111010011101111100001111000111101011000110111010100001111101001001000001100110100000
010101111011101001011100100100011010001111100110001001010011100111010111101110101010010111111010
111011010001001010011100111010001001011000111100001111010011110000111011000100100101000011000010
000011100011111011010101001111100001101011101001101101110000011001101000000100100100111011110111
010101111011101011000000110111011111101101011100110000110101010000100111110101001001010001100111
000010100111110000111101001101111000001100011001110100110111011111010001000000000111011000111010
001001100000100110101110011110111111010000010010011000000010110100001110000011001100010001111011
000100100001100110101110101110110000000001011000100100111110100001010011110011011010101000000101
111011011010000111100001101010110111001010110110010101011100101111001001000010110110100111011101
011011110001000000011110111100010011100111001101110100001110001110000001010011010111000010010010
100011001101100101110011100001100001111100111000001000100111111110011100110101001010011101001101
000110110001010101001100101010010011101110111111110111100111101101000111110110111111110111110100
111011100100110100111101001010000011111111011011010111111010100011100000111001010000111010100110
100101110011010010010101111100010010000110111001000011010101010010101110110111111101111011010010
011010000110110011011100110010100011111100100011100010000011001101111110010011110000101100110000
011111001011100001111101100001001100011111111011001011010000110101001100001111011010001110100100
000011001011000011001011001101100110010001000010000010111111111111011011111100100011011011111011
011000101110101001001010111101010001001100000000011010111110101111110000011101010000101011110101
000110011100101110001101010101010001010110010111001011110001110111011011001010101111111011111011
011001000101100101111001000000110110001110111110011010000100000101110110111001111000010000010101
001010011001111001010111010110111111011011110000001010110010001010100111101010001101001001100110
110100101100100100000011010000101010011001011011010011100001101011001011010101111011001001011100
010011011011001010111101110100011011000011101110010010110111010111101100100010000111100010111010
011111000111110010111100011010101100110111001011101010010001110100101111111111101000111101011011
010001011101001010101000111001101001110101110100010111101000010111010001011001010111100100010000
010101101000001110100010110010001110000000101101101010111010101101101011100111010010011000000011
000010010000010001111101001011010010000010010010010001011101001000100111011110000110001011110110
010000110111110010010110101011001010001010001011010111111110011110000100010111011011110010101101
001010000010111000110011001001001111011001111100000111110001011100001011010001001010100110100001
110011001000011001101110110000110100101010101010100101000100100000101010100001110001000000111110
011000010010010001101110111000010010110011111001010000100001100000110011111111000010011000110110
011011001100101000111100010010110101000011111010010110111011101111010100000011101000011001010110
010111110101001110110000111011010000011000010100101110000110010101101011010111110011000110000000
001001011100100011001001111000101111111001110111101000111011111110101101101110000100011100010111
101111011011001101100101001001001001100011010001000000011001110000100010100111111110110100001011
101100001101001110111100101010011010011100101011100011001010110110011011111101100000111101001011
111100111011000110000100101110001110100101101000111110010111001001100110011111000110101101000100
111111001011100011011000110000001011110001011001100000001010010100111100000111111111000111100111
101001010100011101001100111000100111011011110111110100010010000011000111101001111101111010001001
001010101100101100000110111100111100011101011011010010000111000010001101001000001110111100100101
001110111111011100010101101111101000010111001110101110110010001010001110101110100110001011010110
001101110100101010000101011100101010101101110010100110110110010010000010001001111101011100101000
110000001110110011011011001011110110011011000111101011101011111101110100110000100000100110011011
101001101100101110001010111100010000100010000111010100101110100100100001001110011111010000000010
001010000000000110010001010001101011000100011101000001001001111111011011011000010010100111111100
101001011011010010001110111101110001111000001011110110100000001011100011100010010000011100110001
010101000001100000101111001110011011000110010000110100101111110001001100001010101100111110101110
101011100100010110100110101000001000110000101111011000011010010010011100100100000010111110101110
000010000101001111010010010101010101110111111100000011000011110111111101011111101100110110111010
000110001001111111101000011001100011000100010110001001101010110100100100100000010101100000001101
110100010100110101011111110001110001101010001100101101010101010110110010101011100101001001000101
000101010010011100111101101010001100110111111111111110110101011101000011111001111110011110110101
101010111001001111011000000100010101001010010111100100000110100000101101101101000010101111000101
100100001011010100110001000011100110111000101101000111110101101111110100101100000000101000010100
001011100001111011000110111000111011101111011110011101001111001000100111011101011011011110010100
001111001011101011101000001100101110101100001010101011111100110011101010010011110001110011011000
111100010000001010010100100100011011010001110101101101000110111001010101010001110010000110001011
011010001010110100011111111110001101011110111100010001000101011010000000110100010100110100001101
011001000110110101100010101011010001001111010010011100101100010101101000101100001111101111101001
000010011000011101110110111000111000000111110111100001011010011111001100111011011111000110111111
011101110100101100000010111010100100000111011111011000111001110010001101011011001100000100001011
010010111110011101111011001110101010100110000000010001010110001111000101011100010001010001001101
110000110010001000010001011011000100111110000011110110010101000101101011001010111101110001011110
001110001011101010111010001001000100100001100011011010010100000011010011011101100110100001011100
001101111011110110000101101110010001011001000011111111110010010110110101101011110011100101101010
001001111000010100000000011010001101011011011011001100100010011101100101110001010010000000101001
011000111011001111101010111000110110011000001010101100001001011010010001110111110010110111010010
110000111010010001101010001101000101110011101100110001101100000001110010101000110101101011111100
101110101011011011101000001101000010110110010101111100001000010001001000100111110110100111100110
110011100101000011111100111011100110101101001111111111010000111010011111110111101110001001111001
100111001110010111010001110100000111010001001001000100100011010100001011010010101100101111110100
101110011011111110011011010101111111110111000000110000000110111100111011000101100110100111010111
000000010111111111110010011110100001001010000011110000000111101011000000011110100000100111101010
001110001100100001110101011101001110010110101000110010011000101000000011110010111111000110011010
110001110100000010100100001110001110110010100001000010101010101011100001010110000110011010111011
001010000111001111101111101111001101010001001000110011001011111100000111000001011101000000000110
001100110101011001111000011110000111100100110111111011110110001110000001100000001111001010000111
101101110010111001111001100000100001001000000010011111110010101001110100010111110100011011000111
111101100001100011101110011110111101001001000011011000110010100110101110000100001110101101011100
000111001011000000010111111001010001110100111111101011111000010010100101101100011110001110011010
111100000010101011111000101001101101001100001111011010110110001010100011111100001111110011110011
000111011011100101110101011010010100100111110011100000000001001010011110100100100001011011010111
111111010010101010001000010110011000000100001000010000000011100000001000001000101001111110011100
011111011011001010001010111010011111111111110110011110010111110101011110011101100100000110101110
011100001011100111110010001101100000100101000001000001111101111101110111110100010111111111110110
001011110101010011010011100110011111011111110100100101001110011001001111011001011010110001100000
110100100011000100101111110000110101001111100110000101011110111110011100001100000000101110111100
011100101000101110110110011001100000111000101111010011101111111010101011001110101000110000000011
000000101110110111111000011110100111101100011101000111100101110100011001101010101110101101011011
100111101001110100011110101011110101010111100010000001011010100010110001101101110001011011010010
000000010101000110010111111111001111011110101001001110001000100000111110100000010110011001111001
110100110100110001111001011100111100010011111111111110010110000111011110000011110110110010001101
110111000001111100000010100100100010011011010101111100110111011100010010101001001011111011100000
110110000011101010101100001101110001101010011010010010111101111010110100001001010000101101001010
001101001101111001110000011000001110000101111001011110110001100110011100110011111011010101110010
101011010110100101000101000011111110111110110000111000101110100001111000010110001100111110100011
010110110110011111101011100011010011011100101001101101010100001001011101110110100010011001100011
101010100011100111001001111000100010011011001110100011111010000100100011001001100001111100011001
100000010111111011110001001001010000101011110101000000111111001110100110010100000100101101100011
011100000010011000110000011100110111000110000000101001001010001001011101010111010100011001100111
010010101010100100011101101000111000000001011010011011101001000110110001011111100001101011011010
000111111001100000000110100100010110010001010011110101001111010010001100001110101011000101110001
110010010011101001100011001111001111101010110110011000110010101101011000100010110110011001110100
001001011110000111101101100110100000000100011000001001101001101010011110011001000100010010010000
001111101000101010110110001000011110110110000001111011110101101100000000000001010101101100011101
001101011110001001100110110011001011001010001101010101000000000011000011111000001110010110111010
000001101100111110100010011001000000011000101110101110001101111110100110100101110010110010001100
111000001011000001000101100001110010100100010100110110011110110010101000110010010011110101110000
001011001110100001101110111001111111000101010011001110110010010000110100001111010111110011110110
000010010011110110000101101000010101000010010011000000011111010100011011101011101011000011011001
111000101100010001011011011000100101000100010010101110100101010111111100100100111101111001101011
110111001011101001111101101001100011000111011101111101000001000100000010100011110110000011101000
000001010111111001010000010000011001010010100101001110110011010101110010111110010110101011000100
110011011000001100110110001101101001011000100010010111101110111001100000111110001010001110010011
010011101111100010001001110001011000101100000100010000111001001101111100111000000000011010010110
111100100110011010111111011100001110110001011101111011101100011101001100001000110101010100100111
000100111001100001011110000110100100100100111110101010001000001001100001110101101101011100000010
011001111110101101110001010110011011111001011011110100110111011011110100011000001111000111100110
101110011010001100110111001100000010010111001100111101011111011011100011100110000110011001100111
111111000001101100000010001001011110001110110101100000100111101001010011011110011100010001110001
010010010001010010010100011111111111001110000011111011001011000000111001101111111101100000110000
110110101110111101011101001110011110011010010010100011001000110010101011011110001110101100110100
011100000110000110000111011110000001001111001000110001001000100011101000011000111010101011010111
000001010110111000100100010011001000111100111000100110111110110100101110111000100011011100101110
101101101000101100100101001011101111100010010101101010000001000110000100110010100000111010101101
011001110101110000010010110000010101100010001110110011110001001011100100010111010100010011110111
001100010000011111110010111100010101111101100110001111110111110101111111101010110111010100011000
001010000010000000101001010110010011111101000010011101100010110011100000010010101001100111001110
110110010001011100010100101100111000111101000100001101101010010111001001000000010011110001101001
010101010111001010101010100010001111011110000101001011100101111011110100000110000110001101101110
100010011101000111011100001100111100110101110101111111101010111010001111011001111101100011001100
010011010100100111011110100110110110110010111011110001111010100000100111110101001101110101000101
101001110101010010001101100001111111110101100110000101111100110011000000110110010010111101111100
011110000100010110010101101101001011001111010101110111100110011110011000010100010000111100101010
010001010011101100101101100011110011000010101101011101011111100010100100111110011111110010010001
010111000001000000100000010111001001011011000101011000001101011011111011110111010000101101000000
101100000101101010110110001101011001101010111000110111000110000001000001110011101001110010111101
100101101011111001110110010110101000100001101100101000001000101110011100000010010001100101011111
110101001010111110000110010111110001100101110101011010000010011001100000110011011110010001001111
010000100101111000111000111000000011101001000100011111001011011001010001001101000010100110011101
001100000001000001100100001110011011010001111001100101110100001000001100101000111101000011010100
001100000010000100000000010011111111010001010101011000110011001000110011101101111110111101101010
001100010011101100100001111010111111010011010111011100110110001010000011101111110110010000000111
011000110000101100101011110010000011100011010000100101011001101000001101000110001011011101110000
010101101010010110011001100011100100101111010000000000010101110010010010111100001010101010010000
010011001010100100000101010011101100001010010111010110011011110101111101110010010000101101011001
001001100000010101001010111001101001010011111111011100001101001000100000100101101101001111110000
010111111010100000101110000100000110111100110010111100010100110010011101011101100011111101010011
101011001000101100010010111110100110011011011100011110011010100010110001011010010101011101101001
