110110001001010101110100010001111110101010101110000010111011001101000000100011011010110001111101
010001101011101111001110100011010100111001101000101001010100101000000101111110001100100111001101
001000011000011101111101010010110110111111101000011111011111001010110011110101001110101111110100
110011011000010100010111001000101100011101110101111101101000101100111101011011101010111001101011
010110110100101101001001100110111001001001110100010100001100110111011100101001111010110011011100
010100111001011001100010001010001111111000001100100010011010000110101000001101110101010101110001
100111110000011010001110011110101110011100011011100101101001011111100101000101001100000101011100
011001111000011010001100101110100011010001110110110011110001010001000100110001101110000001001100
110101000110010110110001010111101011001010010100100000111110110110100110110011010011111100011100
011010111011100000111100001101000001011011100001011101001101111101010101100110000001011010111001
100110001110110011010100110110010111101011101000100001001000101111100010011111111001101010010100
011100010100000001100001111010000100101111101010000010000111011001010100000000001001101101110011
100000110110111111001101001110000100010010000000011111101010101001100100000110011110100011101011
100110010000000010100111100110110100101011010000011100100100001111000110111110100110100001010110
100111010011100101111001100000111101100101110010101100001011001001000100101011010110000100000001
001100010101111110100110100101000110000000010001111101011110011000000000101110010110110011011111
011100111000100010011101100110100000000010000010100100001100101001000100011100011001110101111101
001100100101110111001100101000010111110001011111100000101110101001011011111001000000001111011110
101111010001000101110011111110110000110010111101010011101001100011011010100100000011111000101010
000110010100110101001000010100111101010001011110100010101001001111010110110101110101010010001110
011010011010111111010010110100001010100000110111110100111110101101101101101010000100101101110011
010011110100100001110011100000100110010011111000000011010110001110100110110001010001110110110101
011100110111100010011010101100101010101001100010100000010111101001000011101101100110101100111110
110000101000000111000011100000000010110110100100111101101011011001110101110110100001010110011000
101001010101100000001000010011010000111001110000100000011010111000010110010100001100111111000111
110001011100001100001010011010010010011100001010100111111101001100011110110110000101001000010001
101111011100010111000110011110000000000100101001100101111001000011111111000110111101000101000001
101111100101100010010100001100110111111111111011111010100101000000001000101101001000011100111100
100000110100010010010101110110011000010011111011001011100000100100100011010111101110000111110000
000110100101010101110101001111001100101100101001110101000001101000100010100101001001000101011010
001101111010000101011101111000110000000111101111101101000111001010010111101001011001000010000100
100010111101001110001010011011000001000000110000111100111100010001100010100100110001001010110101
011101001100101111000010011100100111101101000010101101000001111101100000000110011001010000101011
010110001011001100000011010010001110001001100111101000001100010101101010011011101111100011000001
001001101000101101000111110110011101001001011001000001010110101000001000011100110101000011110011
001101100011101000011011100010010000011011110010101111110100111011001000111101101001011010000011
111111101000100010100111001100010000011001100100110001111110001001101110110101100011011010100000
000001110100000000010110100010001100001000100011101111011100111010100100100010111010011101000101
010000001110011111001000001100001101010010011000011101010000000110110111111110101000100001010011
100111000010101111110101010000011100100011111010000001100011000100001110101100101101111111001001
011100000111101000100101101011000010000000001010101010111000000100001001101000111011011101100100
101101001011011111101001001010101100110101111010000101001100110100010100111111001001111111001011
011111000100010110010110111000001111110100001110000100101010111010111100000011010000101001010101
100100100101100101011001011111110101111010100110010001111000011011000111110101000011011010011110
010010000101011101111000000100011010100000000001100010111011101100011111010000101011011110000000
010101000111100010011010111110110000000001110100110101110100010100111100000010000011010110101100
011011111111101100000001100011001000001000110010110000010000101100100100101111111110000001000110
001101000000011100110100101011110111010000111011011101100001101101100111110000111100010010100110
000000100111101101000101110001101101001101111111100111010111011101110111101101011111001010101001
101010010011000111111110000011101100100110001011011111110101110101001100101010010100101100101011
101111010010000010101110110100001101100110000110101110000110100001011111010111110101100100010010
101000010100011001101011010001000110000001110001011010100011001011010101001000011011101001001110
011101110110010111000000001011010111011101101011100001111010011011001011111101000000100010001100
110010100101010110101111100011101000011101001111110000101110110100110000010010000101000111010110
110010010000101110111011101010101100011010010000100100100011000011010111111110101000110101011110
000000010000111000011110111111100011000000001110011100001010010011100011011111010010011101001111
110001111110111000111010001000100111101011110010110111001001010011101000000010011010011111111110
000111110100110101010011010001011101000101110010011000111000101111101111111000111100010011001111
110010100100111000010010111101110100100111000111110001100010101101101100011010000000000001111011
011101011001011101110001010100001111100011001110010111110100111110100101011111010000011110100011
011000011010101001101001100011000110110110110111101000011110101000111111010111101000010111101011
110010101111001000111011111110000100010100101110101001011011000011111010010110000100010101100111
001010010010100101110001101011011110010010001111101000001010011100111011011000110001110111011010
111100100011011011010100001011100110110111011001011111011011010001001110010100111001000000100101
100011100011010101011000110000100111001111100001100001011110000010110001010000111111110110111000
011101111000111100011100100110100100111101111000011011110111111101001111010001100111000011001010
001100111000101000011000100001111100000100101011000001111001101110100101001110110111110001101010
101001100101111100101101110000111010011010010110010011101010111000001100010111011100000101010000
001010110001011011010111100100011101011001100011010110110111110101011010000000000110001001001111
100011110100100000101001111001110100100010101111101011001111010000101100011001111110111110100100
001110001011100011101001101100101100110111010000000011001101010100001101010001111011111011011011
011000011000010110001000001010100000100111010100010100101101011100110111000111011100010111101001
100000011010010010101111001111000000010011100111010111010100000100011010110110000100111001011111
000001001001100011010000100111110100100111011000101000110100111111010101001000111111000101011110
100101111111011101000100100001010010101000000001111001010011011000100101111001111000001000111110
010010001111001101000111000001111000000110011110010111010011111100101100010000110111000101110101
011010100111011000000101111011101100000000010001111001000111000010101011000000101010101011111010
010010111011001111100100000111010110010001100111001111100100010101011011101111000101100001111010
110101010000100001111010110011100000010000100001000011001011010011000111000000111001001111000100
011001100000000111000110110111001000100010000100001010000001000010010001010001101011001010110011
110000111010000101011111010000100111100100111000010000110111101000101001011010111101100111011110
000111011111010111000101110111010110111100111100010110111100111100110010100001011000010001000000
011111110001111101100100010100011011011110011010010011001111010110111111011000010110001101101001
001111111000001000101001110111110110111010011011101000010101110101100111110101101010100011000111
011100011001010101101001110100101011111101011101111111001000110000001111101011001110011001001001
011100000111110001000110000010100111111000011001001001011110001010011101101010110100100001100101
010111011010111101111011110001011111001010110001010111100010100000100011111110111110100111110111
100001010001100011010111011100100000011111000100101000111011100001001100010011111101100011000010
010101000000101000011000100110110111101010110010000000011011101100100001010000001100110110110111
000000111011011001101000001000001101011111001000010010111100100111110100101110110011001010000111
000100010000010001111110010110010011111001100001110001110011111001011111101101010010110011111111
000110101110011100101001101110110000001111111010000100011001011000100001101101001111001100000101
011000000101111111001010010100100110011111010000101010110001101101111010111110110101010111000101
101110011111010100111011010101100101010101011000111010001101010001011000010101000111011001001001
101001000100100100101111111100011000011111110111001111001001001111011101100101110011100101111001
010001110101011110011011000111010110100011000100111001010111111011011000011101110011001110010100
101001110111110101101000100000111101011001110100001100000100110000011001101111100101101011010000
011101000011110001000011100100001101010010001000011010011001000101101111111011101011100000101011
110010011011011010011000111010111100000010100110010100100000110001101111101110100010011100000010
001110110111101010110110101111011000101110110111100111000011011000001000011100011111011011110010
001111010000011101111101000000110010111011000110001011111100010101000011110000011100001010100110
001100110001000110100100011011010111110001110101101101110101011101000110001100000000110001001101
100000101001111101010101001011010010100110110110110101010111100100010000110001111111110101001011
110010100110001010111000101110011010101111000111001111100011110000100011101001000001110011100001
110101001000110101111111010010001010001001001111100010111001100111011110111011100111010000010100
100000011001110101010101100100010000001011010000010001111011100110110111000101101000110001111111
011101010010100000100010010100010110001011110101000010111000100001000100001011111111000001100110
100111011000111100010110110110101011110011101101111111000010011110011111110001000111001010101000
110110000101001000111000000110000000010011011001010101010101010100010101110011000101011111110100
101100100110101100000011101100011000000001011011001000001011001011011000010100101000101110101100
111001001100100100001101101001001100110010010100110101101100010000000010010000000001110011100101
001101001010101001001000010000010101111111011010100101100101100110011110011110001111101010110110
101010001100111011011111110011001100000001000001010110100111101011101100101100010110000101010000
000001110101011111101010011111001101011111111101100101000110000011110000000101000110100011100100
011100110000000011000010000110111110101001000001110000011011101011010100001111100011100110011000
111001110000011111111001001000111011100100110101000011011110110101001100011011111011101110000100
100001111001100001110000100111111001110011000101011101111001010111101011100000010000011010011101
000011101101000011011111110011111111001111000010100111000000000010011101000010100011011111011001
011110101111101100000101101110010001110101010010000011101001000101110100101110111100100001111111
101110011100000001110110110011110101111001001010010010010100101100110010101101110111101001110010
000101111000011010010111001011100110100001111010000101010100010101011100100001000000100100101101
011111010010100010100001101011011001111100001001010001111111110100100011100000000010011101011011
110001001111111101100000000001100000110110110010011001001010000011000111100011110100110001011111
101010110000110010110110111110111000000101001000000011110110100011100000011001001000000100010100
100001110101011101001000001110010001000100110110110000001101000010101111000100011110111101001011
001100011011000111011001111101101111000010101000001110100111010111010111010010011000000100100101
001001011011110111100110001110101101101000010111100010011011111101101111100001000110101111111111
000111001000110010011001001110101110111010001011011110111010110111100000111101101100000011110100
001001000110111110011110101010111001100010010111011001011110101101000001111101110101010001111111
000111111000110001000111001100111111111000101101001000100101110010000010010110011011110010101110
111100000010111100110110001101010000101100011101001110101010111100100000000011110010100101101110
011000101000110111010100001100110100001111101111101111010011001110001010110100001011001100111100
100101101000100010001111100001001001011010001010011111101000000001000101000011000111000100001101
111110110001001110100111011010010001011011010000111001000100101111000011100101010011111010010110
101000000111010100100001101110001010001001000011100101101011000010010100001010000101101000101001
011101110000100100011101101010001010110010000001100111001111001000001101100101101010000011111110
000010111111000010000100011001001011110001101011001110111101000101111111001101001100001001011100
111011001101100111110110110111111001011111010000100110110110000110001110101000011011111110010011
000010100000001111111111011101101000000010101111110110101110011010111111101110001011110100001011
011011000101000000010101100011000010101000110111101100000110110001011110111110000011110010111011
010000001011101110011101000011101100011010100000001100011001111001110000010010111100100001000100
100110011101110000111001001101111101011001110110010001100111100101101000011110001011111001000010
101010100010110010111011010010001011010001110011000110100010101100000111001001100101010000111100
101001001010001000011011110010011001110001001000011010101001010001110010100110101110110111000100
100100110000101101111110111111100110000110110101100111101100111110100100001101101010000001110111
001001000110011100011101001000000101000011001000001110010000001001001011111111110001101111000100
101101111101101010111111110101000111111001100000011000001101000100010010010100101011000010000010
101100111000010001111110111001110100101001101111010101111010101000101011001110001001110001110011
001011111011011001111100011011111101000110011000000101000001100001101111011100001001011111100000
000011111011000101100111001000001111011011001111100110011010010010010001101101000100101000100010
111010111011101110011101010101111001010001010000000111011010111000111111101011010100001101111010
011101101111101101011000111110010110011010000111001111000111110100101111101110110011110000010011
011111100000100010001110011001011000100101001110100110011110000000000110001010110011000010110111
010010100100100001001001001010011101000111000000101100010101100001001110011101010100111111001000
110111101000010110010001110101110010010000111101111111001101000000011101111110101110010000111110
101001111001100001010011111000000111001111100011100111010011100000110100101010111111000011011100
010111100100100011100000110111010011110110000010000000011100110111001010001101000111100110100111
001010110100010101111001111111000100011101111010101100011101001100001110111111011101001000100100
011011111100011110110111110100001011110011001110011000010110100010011011100110011000011011001000
011111010011101101011101100110111000111010100000010000101111111101011010001111100001001100011110
001101110111011001011101000000001101000110111011010101000001000011111010010101110110110110001111
111111001111100110001011001000010000101101100000100111100110101100000100010111001001001100010001
101110001100001011010110110111001111100011000101000111110011000001000011100010111101111101010001
010111011011101111001000001101100001111100100000110010111100011001011111100011000011100110110111
100111101001101110101100101001110001101000100100011000001010100101010110011111100010100110000110
000011100100101111001011100001100000001000001110101000111010110101110011110011101000100011101100
010111110001111001101000001100100111110110001101010011111001111000110111010101010010111111101010
000110110010001011001100000101100111100100001100000110001001010100001001110110100111000110011101
010100000111100111000000110010001110101111100100111011000111100011111010010011001100000101001010
001100101010010110101101011111010010000001011010100000001010110001000010101110011010010101101001
000111010000000100011001010100001110001101000010001111111111000100010101100010001100010111010111
011001111000111110001110011100111000011010101001010001000011111011010010010010110111101111000011
100000011011111110100010100000111101100000000100101100101111000010110001000101001000111001101100
011100011101000011010011010010010100010100010101101000111000110111110101000001100100110111111010
100101011001001000111011111111110100110000010111001101110111010101100100111111101001111111101000
010101001101110110101110011011100100011101111100101101001111110011101111100111111110100101110111
111000001000111110110001100000110111110101101010001011110100110110011101011111001010110011101110
110011000100011011010011110000110000110110000000001000110010111110011111101010000111000100110111
000111001110101011101000111101011010111001001100101100011010110110101000001001010011011000000101
011011000010011110000111110111010111000101110000101111100001110101100000001110111111101111101011
000010011110101001110110000111001010101011001011000000010110111000110001111100110110110000010000
001001010011010000111111000010100101101000010111110100011011010111011011101101101000010100010011
000101011001000110111010111000110101000000011101010010110110101010011111110010001001101110010011
011110010001001111110000111011001001000101001101001101001101001010011101000100110011110100110010
110110111111010101011010010011110010010001100110010001101010101000011100100100011110000111101010
011100110000000000101100000110011000111011011110001111011010101010100101100000101110111011001011
001000001001000001110010110010101000110111111001001100111101001011010011110100001000101001011010
111110100010100001111001100010011111000011000000101111001001100100011000111101000011000010111010
110111111100110001010110101000101101010010011111110001000110101100000011000100100101010011011011
000010010100000010011100000100110110011100100000011110101110110000111100101110110001101111010000
101010010101111111000011000001110001110111000011001001110010100101101010111000110111011101110111
100101010001110000011000101100001001111000010110111001100010111011001011010010010010101100101010
010010100111000110001101000011110110100000000011000110001111101111111101110111111001000001010010
011011100010011001110010011000100010000011001001110001010111010001010001101110001110000100011001
100110011110010111101010100100101101000010101001001010111100000100111000001110001101011000010010
111101010111001000010010100001111111110101111000111000110101101000100111001001100001101000011011
010011010111001110010000011000111011100001011010110110110011111111010000010000100110101111100011
101010111001111100100100000011111010111111001000101101110001110001101101110111101111011010101011
100100001000000101000111011000000100000011100100010000000001111010100100111100011010110001011011
110111111110111100000100100101001101111110101100111011110110100101000101000010010011110110010011
110010111100000010100011110100011001000111001100011101110100000101011100110100001110110010001011
000111000001101110010110010000011101100000100101111000000000010010101111101010101001100001100101
101111100010101111100011001100100011100011000111000011011111011010000010010100011100010000011111
101111000001101011000010100011010001000001111010111011000100100110100000100010011101010111110000
001001110100000010000100011100110100000011011000010000001111100000110011111001011111001010111100
011010101111110010100010100110010000011100000000111001101010010001100010111000000101001111100100
000100111100100000001111100110001100011110010100001000100001001100110011011001100010100100110100
110110000001011111101010011100011101100111101010110101110111100000111101001011110010001001000111
101001111111011010010111100111100111110001010111001101110110100100001010011111111010000101100000
101111000010010000100100110001011011001011001001100011110010101001010100010110001000001010111010
110110100000001100000111001000011110110101001100100100110011111000100101111111101000111101001010
111011011101101110101000101110110111010011011001101011100001111101111111000011010011111110011101
001011101000000000011000011100101001100010010110011101010011111001101001010110010000100010001001
000100001010001101100110101111100000000000000101111000011011111101110000101110000110110010100011
111100111110000101000011100101101100111101100010111011011100100101011000111011000011101101001010
010000000110011100110010101111111010001110101011010101101001001110010101110001100010001010011010
010000011001111010001101110010111111101100100000101101010011010000000001001001001111000110000001
010011111000111011101111000001111111100011010010000110110100011010110011000000101001000111010010
110011000101000101100011001000001100000011000110000001101101110001011000111100111010111101011010
011110010111101000011000100011111110100101101001111000010101100110101000110111111110110001101011
001101000010000100000111111000010111110100110111001010011001101111010011011001100000010001011101
010010110011100100000100011110000001011110010110001100011101000110000010001001100001100011001100
001010011110010110101110001010100101110101101100010000000110100100010101111011101010010110101010
110101110010000111110101011111101001001101011110011111111111101010001000100110100100111101000000
011111000001101011110101100001011011110100011110110010101101001101011011011000010001101111010101
001110000101000101001011001111011101001110100110100110011010100001011101101100101110001011010011
111101101111001110010011110010000100000001110010000000010000111011000110100011010010100101110010
001001000000000110111110001110110001010011111001010100111100000110101010110111101110011101011010
011000100111001011000111011111011000010111001001001101000010101011000000001010110101010011001000
100101110101110101000011000101100110101001001101011100011000101111011111111010011111100011110001
101011110100101011111110100100110000000010101001011101000011111100110011001000011011000110111101
011110000100110001101111100100011011000000100101001111100110010010001100011000101111101001000110
100001110010111110111000111010110011010110101010110101011111110011010100000110000100010111001010
010010001001001110111100001011110001111110000110101100110000101100000011100111111110010111100101
000010000010011111010011000111111101001111011110111101011010010011011110110101010110111111110101
101101010110111000011110101111011010000111110100111001010101100011000101001000011101111101011101
101001000111100011110000100011100101111101010100000111101011110011111011111100001010110100001100
111000000110101001110000000110110001111110110000110000001100011101010000011001011001110100001010
111111011111000101000110001010110011101011000001100101111101110111000101010010010011100101110011
011000000100011001100110111100100101101110100101011000101000101000000101011001111001110101000011
100110010001100101001101010100101000111111011001001111101111100011101100100101010011111111101011
100001111011011110000011010001000111100100101010010110001100110101101101001111000110110100111001
111111100010101101000100010000100101000110001000111100101010010110111111110010011110110001000101
010100001000010010110101101010001000011111101010001110001111100011010110011110110110000111001011
111111001100100001000000001110100000110111100110100000010110111001100101000001001011011010100010
101100101001100111001011001110001111000000101100011110011010101010011010101101010111011101011000
011000010000011010000111101011100111110011001110100101100011101011100101000100101110101000101111
100110000101000100111101010111001111110000101000000111010110010010110010011111001010111001001101
000101101110000010111100110110011111011111011111101100001111001011100101100101011011010011000010
101100111000011011011101010111111001011001110010101101000010101111111101011011100010010011001001
100100100101001010000011011101001000000000100111011111100110001011100111000000101001101111010001
010100011001110000101010000100100101011000110011111011101011001110111100011111111111001110010011
101001010110111010110001010111101010111111011001010001011011010000011100001110000101010101011010
000110010101000010101011000100110000010110011010011000100100110001010110000111010011000100010110
111100101010000111010010101010101011101010011100101001111100011001000100000010000111101011011001
101101101101100101111111101011100010101100010111110001101010111101100100010000111010011101010100
001011101010011100001100000010010010101011000000111001001111101111100001110111000010001011000111
011000010100000110100101000000011011111100100111100011101101111101011101010111011101010100000111
000100010100110110001000010000001001111001111111000101111001000001111101111011100011111111101011
001010111000101110111100101011000000000110100010111101110111111111110100001010010111010100111111
101010111010100101001100001111100001111001100001010001000100110001000010001111110011111011110001
111001111001110001000111111001110100011101101111001100110100001011000011011001000000000010100010
011101000000110000010110110110010000010000000110011111000011011101111101111011101000011001111101
101010000100011010011001101011001000100100111101010010011101001110100100101010011010111101111111
010001010000011100000100110100001101110110010000111111100110001010010101111001110101001101101010
010000101110111011100101001011110001111110100011111100101100001001111001011000001010011111011101
101001010100000010101000101010000110100010010110011001111111001000000101010110010101001001000000
000100010010110000100001110110011101111000110110011101110110101101111101000101010010101111000000
011100110011111001100000110100011000110011010100000100111001001000010111101110101100000000001110
000011001011101011111101001110001001010000010111100001111000000101111010000011100011001111110101
001100011100000001110010111010100110010101111010111000001110111101100001000000000011100011101101
001000110100010101110110101001010110110100100100001010110110100010011100100001111100000100111110
111011100100110101011110011010101011011110001011100110000000001001010100100000011001001100011111
100000110001111110110001111010011000000110001001110001010110100111101111111000101000001110011111
111101110010101100000010000000000111100101000000100111001100100101000100111001101001100110011101
010111101001011011101111111100110110001010111100111111100100100101110010100010011101010110011001
101010111100001011100100001010010001001010111001000010001010011100011101110101111010111101010110
101001001011010100000010110111000000111110100011111110011011011010100110100100111001011111011010
000000011110100011111011010010010101110101011001001100010000000100010100110000111001110010100101
001101000011101000011100101000111011101100000101000101110000011110000000011101100111000101001010
100000100101111000110001110011000010100111001101110110011001000111110011001000011101110100011111
111100101000010101000111110101100110000100001001111110010101110010110011010100000001001101100101
111010011010110011011011110001011001111000010111000111111001101111111000100001010010110111100111
110010011111100100011010010011100100000000000110101111010010001100000000110011110010010101101011
000101100100110110010101001010001101011111001101011101011010110010000100011101000000010000101111
010111000010010001010110111000101111010110111100000001001000100100111110100101110010111100110101
111010000111000001010101010000101110101000010000001001001111000010011011011011110001000000000011
001100010010010011100001001010001011100010101101000111110100000111011111110100110000001100111000
100111111010000111001000111000000011110010001111110111101110110101101001100101011000001011010101
111001100000100001100011010110111010000100100010111110001011100011001001001011100111011110111000
010010110101011111100100110001100000110001101010101000010111000000110101101000011100000010110111
010101100010010000011100001110100110110110110100000110110110101110110001101111101010101011110010
100010111111010101010011100001101101000101011101001001000000111100101001100101111100011010100000
110111011010110111110100100101110110010101001111011100111001110100001010100010011011101011101110
111100110001010101110111001100101111100100011101000100011011101010111110110001000001001111110100
000101011110100100001010111001111001101100111010110110001011001110100100110011001010100111000001
111000000000000000111100001001101010011010101100001011010100010011101110010001110110111110100000
000001010100000100101000101011011000101000101111100110001101111011111111110001001000010101100100
001011100101101101001001111111011011011011001110000001010101110001100000110100001111111010111001
111110000000010010011000111001011111011111011110011000111000010010100011111001100011001011101110
010010001110000110110111110111000101101010101101000011001011101011101110110011010010010011101000
100111110101000100110100000111100010111100000011010101100111001100100111001101101101110000110101
010000001011001000000010000101011111100101111000100001000000111010011110010100001101010100001101
010011010100010110000100110000001110011000010000011110100000100001011101000010101010000110011101
011001001000110111101000000111110110011101011100010100110100010110100011010100101011011000001011
010110111010000001100010010010011011100100101000110011000101000000110110001110101000001100001010
011001111010110001011110111101111111100000000101110101000110101111110000001011101101110101000000
011111011000001111000111111001000010000000010011010000101001011100100111001101111010001001000110
110010010100001101011111101010111011010011010100000011101000010111001100011111000000011001011110
110010101111101111111110000101011000011100110111011001011111101001100001111101111010011001000100
101110010111000000101000111110001100101101000100011111100000010001000100101111001001001011011010
001000111000001001110000010110011110010110101100101010010110101100000110101010000100011101100001
111101111001100011100000011100001110001110100110000010101101010010001011010000011111101010011111
000100111000110010001110100010011000001011111000100011000000111101101110110101111010111001111110
110111000010011100110000011100101000111111100011110101000110111101001100000000001010110111000110
111101001100001011000101010010001111100001100111110010010000110000100110100100101000110100110101
000000110000010010100001011111010001011110000001111011100000110010110010110100110000101110101000
010001111100101110101010101011100010110011101001010010111101110011001111111100011111110011110011
100010000000001100010101100001111010011001000100111110001010010010101111000101111100100001001111
001001010001000001101011101100110000100100001111110000100110111110111011100100011010111110111100
001110001011000100100010010110000001000100011010011000000111011110000111010111101100110000001110
001000011101111010000111101101111100010000101101011110100001000100001010011110111110001001110111
010010001010000111000011001001001101100111001101011100110110010101100100111011000000010001100100
101110100111001000010001101101011011100011011010101000111010011110010101011011110101010111000110
111110000000000100011100101011101100000101111000000011001111010010000001001101101001010100010100
011101001101000111100111110110011100110100001110111100101110001001110110000111100111001000011111
011101001111011001011000100110001101001000010000001001001110010111100000101111101011000001111010
000100110001100100011000111010101001010101110000011111111101110101110011110001110111010101110111
100101011000100010010010101011110010101000111110110110000011001100011011010101000001011110011010
111000010101011101100100100100100010001101001011111000100111001110001110110000001011110101001111
101100001101110000011010101110110111010010010111001011111110001000110101000110110001110110011100
001100000101000111001000101100000100101111001101110111110110010111110101111111110010111110001110
010110010001010110011110011101100000010111000111101100011000000011010000111011000010001010000001
100010011110001001111000011101100100110010100100101001101101011110110000000011100000111000001100
010011101100110101001010000000110000010001100111010011110000111011101100110110111010000010110010
000011111111001110101100011111011000001110010110000010110100010010001101101011101011010100110001
011110011110101001000000000011001011100001110101011100111010001111100110110110010110000111000101
000100010011010000000001011011111101010110000000101001010001111000101101000110001100110101011010
010010010011000110000010010111010100101110001100011011011001111011011001011010000110000110011110
110000111011010101011000010100011111010101011111111101100000010111011010010000100000010101100100
000000110000010111100100101111001000101000111010011110010110010001101000000000011011001000100111
111110000001001010000111110011011110010110010110110010011001000000101101101110101010111001001110
110111001111000010011100101011001101110000100000101011111011101110110101000101011011110101010101
100100110000111100000010001100001101100111010010101110101111110000011011110000000100110101101100
110101010111010001111101011111101000011011000111000010011111000101100010100000100000101101101111
111111000100111010000010101001101010110010100000010100111111110011001101001011010110010100100011
010101001101110110111001011101100010001101110010000101011000101110110100101010001001001000000011
010000011011011100001011111010101111101111011011100110001110100111110101110001111110111111111101
111000101011011001010101000101001011111010100101101101001111110001100110101111101100001101010011
111111011111000010011010101111101110001000000101001000101000110010111000111100111011110000101001
001110001011110001001100100000101000010000110100001000111111001000110110111101000110001100000101
010110110110111010111000100011110001101011111000011011110000010100010011101011010000010000100110
110000011111111101001000001001100111000111011110101101111101110000101100011010001111110000001011
011010011111000011001110001001111111100110000001011111010101110110111101101000011011000010100110
111011011000001011100001011010001100000110111011101110011100010111000101011000010001000011010100
011111110111110111000000110110111001001111011110010110000111000000111001011010001010001101001000
001001001100011110100101100000111111010111110101100010001101010100100011101100101001001111001000
011011101111101001110101100111111111011000110111111100100111001110011010101000111011010100111101
000001011111000101101010010100110101011010101000011001110000000111001001101011110111001100110110
100101110001111100110000111110100111110000100000000100100101110010111111111000011001011101010110
000101100010100110000110111000000100110110100110111001010010010101010101010010000000110101101011
001101011111101110011111011010110011000110110000101000111011100101100011101110000001010011111100
111111001101010011001101010110101110000000100000010011000010100101110110101010100010100000000110
011001101111100100011111111100001000011110011001100001011100001110010101100001000101101010010101
101011111100110001000001011110001011011000001011110110110001000001111110010110010100000111100001
010011001001001110111011100010111000110001010101110001100111000101110101100110010100101101111011
111101000001100110111001010100011101111110101100100110111010111100000101100000101000101010110010
110110000101001100110001000001001010010101011010110000100001000010001010111010011110110010010100
001001010110001111101101101110101001010111110101111110100111001011111111111010100001000100101101
100111011110000000110110100101110101001110010111000101100100010100110001011010111001001110101000
011010000010110001010000101101010011011010000110011000101100110100110100110010010110001000110011
001111010110111010001011110110001001100011100110100100001000000111111011001100000001010001000111
011100110011101010111010100111110011110000001111011101001100101100111001101001001001001000101011
111100011100010100100100011011110110001111011101111010000011111000100100110100011000010111111000
101100100110001110100101001100110011110110110011111110111100010010100010111100101110110101100001
110011011100000000100010101011111000011100001101111111000011011000001000100000011000101010011100
010100001000011111010011111111111010000110110110100101001100000001011011000101111001101111101110
010110110001101010010101100011011111110011010110000011100100101001110010010011110101100111101011
100101001010100110010000011011000001001000110010001100101000111101001100100100001010010100010111
100100111011001000111011111111100010110011100100110101100000100011001101110110011101000100000101
101101101001111000101101010100010001111001101011111001100011001110101110011110111111011001000000
010010100100111001000100011100110001101110000100111101111111100001000100110010110010110111010110
111000110011001001110011110001001001011100101010000011111100011110000011110001111111000000111110
100111110111110110101000011111101100011101001111000100011011101010000000111101000010111010010111
011110010011001010111110011111000110000101100101101100000111101111101111001001011100100011111101
111000100101101110110011111000110011101010001010110101010100101111000100011110110100100101110101
100110011100000101100101000101011110010011110111101000000110001010011101001001011000111100101001
001110111001010111010010101010010001111111010111110010000100111111101100000001001010110110011011
010000100010101011010110111111100001110110110001110011010011100110101100011000001101001010000101
000110111101011010010100111001010000101010010000110100110001000110110011100010101110100111101001
001001011100110111100001111001000010100001011010100001011010011110100000100011001011011000001100
001010100110011100100101001011111101010011000010001100110101000101111111011010101011010110110010
001011100011101110111001000000000111111011000000101110001100110000011010000110100010101101110000
110010111010110110000111101001011111110110001000111110011001000010001011010110110011001000001100
011100100010010111000110101111000100110011001010110111011110010111011100101010001101001110001011
111000011010010001100110100000101111010011111101111010110110111010001000011111100111000001111100
000101111000010000100100110100101101101101001010100101101001101100101011001101101001011100100101
101111110000011000110110011111100101111000011010101010011011100110001011101111011101000010010110
000010001001110110100111000001011111001101001100011110101101111001010111001111010101111001011100
100001001101000111010011011000101111110001001001100100110000110111111001011100110001111110000010
