111001111001000101000010101111110111000010001110000101001110000000000111010110011010110111000101
010011001010111011011100011111100001001010011100011111110001001111100001110000110110101111000101
010011110000111001100011011100001001100010010100111101001100100111101010110100101110011101011011
001011011100100111100001010110100110110000010110110111011100100111111011011101001110101010000101
011101101111110000000001000111010100001111010111111000101011100010001011111111011010100110011111
110011101100011010100100101001000111000001111100111001010001111001101000100010011010000011000100
011010011111000010111010111111001100101001101101010111000001111001111111101110110101010001011001
110111111101010110100001011011100100100011001011010111110111100011110111010011110100101001111000
110101001101010001001000011000001000000011010010110110100010010010101111011001111001011011110111
000100101100010001011111101011000011000100001011110101000100110110010001100010011010111101111100
001011010011110011000100000010000100011110111101110110100001100001101011000101111001011000101011
111010111001000010001001100110100010100010110011001011001001111010101110001111110010010010010100
010011000010010111011111000110110001111010101010011100000011101101110011000010100101110001111111
101100011100011000001000110100110100101011011100010101011011100110000100010000100000110001011101
011111111100000100011110100111110100110110110101101111101110010001111010010001011111111010001100
010110001011001010111111101111111110001010001001101010110010110100000110001010011010001111111000
010011011011011001101011101000111010110000111001000001101101011001110110111100010100111000111001
111111101010011011110000001010111000011010011111100010110111100000101001110100000111101110011011
001011011001011010001111001110001100011000000100100101010101101101000110111010001100011111111001
101101001110101000101100010100011000110011111000100001011011001010011000101000000111101000100100
100100111001100000110011000110001110001111001100000111111111101011011011011011000110000111001011
010010011011101100011111001111110101011001111010100101010011000001000100101110100000101011011000
011010010111011111000101110011101001111100110010001101101101011011010000101110001111110110100100
011111001100110101001011000110000100010110001111111110010100111010110110110000110101010001011100
010101101010101000100010110011111110010010110111110000001100101000010100110010101101000101000001
011011001001011010101001000000111100001010111010100011111011111000100101001101011110011001100001
111011100101010111010011000010101000001011001111010010001110101100000101101110000001101000011100
011001101010010101101110100011110111010101011101111100001101100101001001111110010101010011001111
011010011101001100110110111011101011100110010101110010110010011000010111010110011010000111101100
000001100001001011111001001101110011111101011111011010100101100010100111110110000110101110111100
100100011010011101011001000011001011011110101011110101111010011100101101001001000011010000100100
000100110000011011110010011110001000100001011101000000110000100100101010010000001111000011010101
100110001111001100011111011110010100111000000111100001001010101010011100000100110000111101000011
001111000010101111101101110100011101001110001111011110110011101101110000111011011000111000101111
010001100000010000110000110111001100010010011000111100000101111011110010011011011100001100000010
100000010100010101111101001001010110111111111000001100000100110111111111011001110000100110010000
110011111011100101011001111001010110011001101001110110110101000000111000101100010011010101010011
000001001100101111101010010110100110010011011110000110101010011100000101100111111100011001001111
010111011111111001110111010111101000100100000001011010000100010001010010110111010010101011111011
101101100101110110011101010001100001011101111111100111101011000000000101111000100110000001011001
010110101010000100111101011010110000011101001100100001110111011010101100111100001010100000000000
001100000011000011101101010100101000110011000010101100001001100101101011101100101101000011101011
010010110100100000010100110010101010010100110101010100011101010011010011101011001100000000101101
001001100101000101001001111000101110101111010010011001110100110100110110110001010010101010010010
010111100001100010110011011001100010000010100011100101011010010000010110110010111001001111100100
101010011011110010001101011010000010110111111101010010011111001110011110001111111111111000101110
101100010110000111011011011010001000100100010000011010110001110010111111010110000100100011000110
010010010101011001110111100000101101110010110101101000101010101100100101010011011011010011101001
111000111110100001100001001010111011010110000001011010011110101000101011000111111001011000000001
001101011110010010000001110110011100110100100010000110000110111011100010111011100100101111011101
100110110011110000111100100011001000001001110000001010011111010100111001111110000110010000100001
000010011011010001000101000100000000000011100011000111100011011010011000000101000111110110100110
010100110001101101100111100001011111001000001100010010101110001100010111011001101110000010000010
111011110110000011100110010010001100010010100111111101101001111101100011000111000010010000011011
100000000011101001101000101100101101110110111001010110011100100001011010111001001000101010001000
011100110001101011110100111000000110100011001101100100111011101011001001011100001011011101010000
010010000111011011100011000001000110011010011101101000110101100001111000010011010001101011101010
010010011110111001011110000000100011100100110100011001111000010110000101101011100111110111001010
001000011110110101001100010110110111110010100011010100111110100010110010110100011010100100010101
010101010110010011110001000111010100100110000111001010011010000001111100011000011111011011101001
011100011000101101010011111100000001111110100010110010000001001101111001111011000100101100111111
111111010010010110100001001111001001111110001101011101101101100000110110111111011000001110111000
100010100100100111011100001010000101111010111001011101001000010000011111100011111110000001010110
011110000101111100001110101111101100011000010000010101110100111111011001110100111010111100000110
111101100011010100110000110111011001011110101101001011000000010001010101010000110011000010111000
000011011111001111001100011111110111100111000101001000001000100000110111010010001101111111010100
011001101001001110010110010011111010010110110000110001001010010101111011101010000011010000101111
110000010110011101100000110000011101100000101011110010010111010011010001101010001110110000010011
100011010101001000000011011110000110000001101101001110011011000001000111011000001010101100111011
000000000100101010001111100001100101100111111001101111011101110001011111011100110111011111010010
000111000001000111100100100101001000111010010100111101000110011000110000111010101011110011011010
010000001110110100011111111110100001011010110001011000100100111011100001001001111111001010011111
100001111001100111101101000011001011111011111011100011110100100111110011110111000000111010111101
000001001000011001000001010001111101100001110111110100000001100001100110110010101100101100011101
011100000000111111100101000110111101011010100100100101000111100011101001000111011001000011001110
011001001001000111101001000000000100100010001101100111111001000001010110110101001111011110101010
111001110001101000100010010101110101001110101110100100101000101101000000011101001111010111100110
101101010111100110011011000000011010101001001000011010101010111100111110001110101101101100110011
100110101000111010111100011100000001000100111100111010001011000111001101101110011100110000011110
011011001111111001111000101111001011010000101101100110100110111000100101111001011111110100111011
000000001011111001101100110010111100111111101000000101111000000100111101001111111000001000000111
101100101101100000001101010111111001000010001000100110010100110001100010011010011110010010111010
110001100001010001010000110010000000001101001001010100011111011000001100010110100111100110111100
000110100101001110000101101011110110100010100000111111010100101110011011101100011011100101000111
111010100110101111010111011111111110111010101001011110110001110111010010111011100000111010000000
110100110100010001001001111110101010100011001001111000000111101011010100001001110101001101111001
101000111000111010110101000011101011110011000011011110010101100010011011001101100001100010100010
111011001100101110001001010111001011101111100101001000110101110001011100010001010010110010001010
111100111101101111000011010110111010101001110000011001001001111000100011011001011000110000101101
100111111000010101100011111111110001001100111000011111010000001110100100111011110100000011010011
001101111001101111000000100010011011110111011010100000110111100101001011001101100010011101010111
001001000001011111010101110111101011011000100000101100111111000000011100010101101101010110010100
001111001101111001111001010111111110101010001101011110010011100001011101000010101000011001101101
100000011001110011100010011010000100010010110100100110100101000101001101011101000111100111101000
111110101000000110010100010011001010010000000111001100111010001101101100001010000001010000101011
100011100110000010101000110001001111000111110110110111010000010010111101011101110100010100011001
100100111001000011010110111101011110011110000111110101000100010101110011100111110010010111111011
010101100000110011011011111010010110001000000110011011001001011010100000101110010000011111011110
000110011010101001010000111000001110100010011011111000011000111000100101011101010100111001001000
001001010100101101100111000100101100011101011110000100001001010100101011111101010011011101111100
000010100100111111101001001010011100101111010010111010000110010101011101011110111011001111000101
111000100100111111110000011110001101000110111000100110110000100001001010101100010000110001100101
001011101011000011010101101010001000101111110101011010000100110100100000000001101110011001000001
110101000101110101110111111000011011011001101111100101010101101010101000100010111000101100101110
000101110010001100111010101110010011000100011011101111110001110001111111011100010101010101011001
101111011111110111111101101001110001101100000111111010100100011110101100111001100010000001100011
110010110111111000010110111100000101011000111001000110001101110100101000010000101110010111101100
011101110011001000011101111001001001000111011000011000111010100001000010111000110111110100101011
010110100101101101010011110011111111101000011001011001010101011101000010011011101001101101011011
011001100000010010110110110001001011001010100010001001100000101010011110110111110010100000101000
101101001011001011110100101111100001100101001001100011001011011000011111011000001011111011111110
111010100011101010001110101001111001000011011010001111000010110100100111011110111111101110110101
000010110101111111111011100010011101010000011001101110010000101110111011001100101010011101000110
100011010011101000000001110100111010110010010101001111010111110111001010011110000101101000001010
001001000010100001101101101000010001001110000100100010010110101110101010001010000100010110110100
100011110111100010111101110011111100001110011010011111011011110110000010111000111011000101101111
111110101010010110111101100000111001000111101011111100001110110011010011011010100101111111001010
011000001010111111011111110111011110110010000100101100001100011011001101011111100001111100110101
110101011110001111011101101000110010001110010010100001111111001010000010011100100101110001101010
101110101111110100010111000100010011000110100010010010000011100011001100110100001000001110000010
011101011000111001100111110011010001001110111111110001100101101011010001110101110111111101000010
010100010110000100000100111110001010111010000001110110010001101100011111101000111100110000001110
101000000011101110000011001111011111001101100001011000010100011000001000000001100011001100100001
000010110001101001111111110000100101110101100001011011011100101110101110111001000000011011010000
111100101100011000100011100000000011101000110100010001001101100001010011101011100000101001010010
000101001101110111111011100001001000000110110010111111111001110100100011000000011110111001111100
110010101101100010101001011010101111010111110100001011111110001111110001010001100101001011100101
001010000000010000110100001010100110101011111011100001101010111010010110100100010101000110100010
010001000000000101011110000000010111110101110100000010001111001010111011011000011010110100000111
001110011010100100100011101100010111011101001011010100011000000000111001101110111110011000011001
000001100111101011000101111000011110100100001111111110011110010101101111100010100100010000011111
111100010100010110110001001101100011101000110100011110000111111010111110010001100101000001011101
111011111110000101101001101111101011101100000100110111100000011110111100000111110010100101010110
001101000100000000000000111000001101100011000100100111010001110011001110100100011110001101010001
010011111111000110011001101101010111101110111011101111011111111010001111010000000110000100001001
000101110110001111101011001011000101000101110101110110101001010010011000001010010011011010011000
100111011010101001111010110000100111000110000110101111110000100000011000011001001110111110000001
111110100000001010010110110000111011010001111010101000010110110101000001011000010001111110100111
010110000100011001010000110111111100001010110110000111111111110010111010010100010100110010011001
011110010100000111100000011001111001111001100100111001111010000010010000111000100111101011000001
101011010010111010011100110000000000010001011000111101110000000111010000011000101110100101111001
010010101000000111111010110100011111000101011001110101001101101010101001001001000100111000010111
111111110011001111101110111011100101011110110011001000111110001000111100000001000110010101101010
000111100000010001001011110000111010000000101111000100101000100001001010011010000010100000011101
100110011111110100100110011110110011101010111001000000100100000001011011101010010110100111101011
001100011011000111011011111010110010111111100100010010100110001101000100111110011000010010010010
011000100110101001100110011101001000010011101111101000101100001011110001001100101010111111110000
010011101011011011110000001011111100011111101100010110100111000001010011101100111001101011100011
011101111101110011111101111000001011011010101010000100111101111010011001111110111111110010101000
011101111110011110010001010001101110011000010100101001010001010010101011110110000110111111111110
111101110001101110101001101110110110100001110001010010000101001011101110110011101001111100110111
101000011100001100010000010011000100100111000010000000011101100011101000110010000101101101001000
000101000111100111010010110111111000111000100111001010000100000000110001000001011101110111110100
000010010101011100111100000000100101011101000100100111111110100011011010011101111111100101000111
111110111100011010111001011100000010101010100010000110011110100000010101001101110000101010010111
100110001011100111111000100111111001110101011000110001111111010100000100010001101101100011011101
011100010010000110001010000100110101101100000000111011100100011010010011000000101010110101000000
010000111111000111101011111111100110001011101000110001110101101010111000110001100011101010110111
111010011101010111111000100111010010010100111011000110100001001011111011111100100000010101111011
011011001100111100001100100011010001101010100000100100100101100010000001111011101100010010110110
001001001111100111110010000011111000101110110110011011111011010101010111110100010111100000101111
110100100111100000100111101101001100101100111101100011111101001110110111110011100011001000110110
001000001100001101111111010001000010100110101110001011100101101100110011101001010110011101011110
000001000110000110100010100000101010101101100011000011000011000010010110100100101011111100001110
011110001111101011101000011010001010100100010111101010111000111110110001110000000010010100100011
100100101111011100111110110001011101001111110001100100110111010010100111101011100001010110101000
001000011100101011011110010111110111111000010011011000010100101110000001001100110011001001101110
111000010100110111011101110101000010100110101100000000000011000100000000101111111101010010001100
000100011011111011100111000101101001000001010010111000100001010110011100010001101100100011101000
100110101110100111000110110000001100011101101111110010110110110000000100100010000101011011111101
000011111100011011111010111011001010100110111100001001000110100000111000111110111111111011111001
110011001001100011111111001101010010001011110011100010010010001011011101111001110001101101001011
100111100111011101001100000111100100100001001111011000111110011010000110101101000011101010010100
100001010110011111110111111010011001011010011111011111000000001110110011001011001100010010011011
001110100100001100100011011011011000010101011111100110100111010000010011111010010111110000100001
011100011110101001100110001100011101000010010001100111101010000011110001001110001110101001000110
100111101101010000000111111111000110110110011100011111110010100100011010000001110111101000111010
101111010010010111011101010110010001010110000111101001000110001111111000110101101001001101111001
110100110010001000011101010011100110011010111101110101010011010111001000101101111001001101111101
101000100110001001100111011000010111001001110001110110100011111111111110011010111101011100000110
000000011011001010000100101101000001101100010110010010110100001000100111000101100101000111111000
111001110001101000001110101101100001110111101000110110001110110100101100111111100000001101000110
110111111011111111111110101111011111111111111110111010010110000101001111101010110110011000010011
100000001000110100011010011011011010101001011110000000111100100011111100011100101100001000011101
000111010101111100110110100011110101110010110110110011011111111111110111111000010000111000011010
001000011011111011001111101110111000001100001000011110000100000101110001100010010111101001110111
001011010001100100001111101000000001111010101010000111011111101100001000110001100010011100100101
001101010111011111100011010010110001001000010110000001111100111000110100010101011100010100010100
101101011001001101000000101111111000010110011111001011000101010000110100110010100101101111011111
110100010010000001010111000100011111010000110110000100000001101011111100110110110100111101111110
011110011101000010010010011111000110111000111000001111110000111110101111101100000010101011110111
100000111011100100000011101011100010000110110001011001000011001110001011011100110001000000000011
010110001011100100001100011000101010111011001101001010001100111111011111101000000001100101001001
011011010100010001011000010011001011101001110100000000101010100001001101001010110100011000010011
011110010111011101010010000100100001100111111110001010000110010100001011010010000110101000010101
111111001011000101000000010010111101001011001000101000010111110111101101000010101100111100001011
110100011000111100101010001000110000010111000000000010000001011111100110011111110011101010110000
001110100101111001110100101100001100100100010100110111011111011111110111000001111011001001100101
100010111101110110110111111101011101000110001000010100010101011001010000000101111110111110010000
101100110111110111111110010001010101000111011000110001010000111000011000111111100100011110011010
010110011111100011010001010100010000110011101110010110111011100011000010101010000111101100110101
000111100111001100000111110001000110101010011100101110000100110011111111000111000111101011111000
111010001110110101110100110100001011001011100111101100110010011000110101010010000000000011011101
101110101001001111001100000111000001010100011011011110010101000011111100110011011100000001000010
001001010001011001011010010111001100110111011011101110000110111001101101101100011110111010010100
011001011101101001111110011111101000010110001010111101101011101111101110011110000100001001111010
100011101111010001000111011110100110010110100000000000110010110111111111000110011011100111111011
011101010111000100010010000010001000011001100101000001001101001000100100101111100111111011000100
111000111001011010001111110110110100111001111101111111110010000110000101010010101011111110011000
101000100010100010100101100010111000001011011111010100010101001110000011011000100001110110111111
000011100100010101110001010101110000011001111101011011110000000001100001010010101000101110110001
111101010001100100011010101011110011101011010010110001001101100101101010001100111110001100111000
111000001111101100010011100110000001011011101001011000010010100010111100011111011110110110010111
001011101100000100101001101111011011100111000011011011001010100100011110101000010110010011111101
110001010100111010110010111111011100111000001001110001000100101001001001010101010110101101001101
010110011011101011110000011000110011111110010100001101001101100001011001110100000110111011100010
110000110011111010101111111010111010111111011010011110010010101101010010110010100101111110111111
100110000101010111001001000101110110001000110100010011100101111100000111111110000110100101101110
011111010000010010011110010010010011000011100111001000100110101010111101011111101000100000110100
110111101000101010000011101100000111100011101100111010110111101011101010000001001101011100011000
010100001001011010100101011001001100100100010101010010110111100010000001100111001001011000100001
000110011111010001001011011000101010001011111001010000000001110101011111101100101111001000101100
010001001110100001111100100001000111011111111100111001000000100101101001001001001101000100010100
010100101100011001111001010001010101000010010101011111100011011110111110110111110101001000010111
100101011001111000000110111010001011000111010110111011011010001001000101101100110101010100110101
100101111100001010111010111111111011011011110100111111101101100110101011100111111000000100010101
011110111000011010111011000101101111000010000001101001101000100101110001001010111010010101110100
101001011011010110100011100000010010001010110011101100101011101110010100100110101010011110011111
001010100001010001000100010010100101100111110110010010010111010111100101001100010001101110111111
100101101001010100000001011100011011011100111000001001011110011100011101001010110001011111001001
001000110111010100000100011000100001110100101111110010101100111100101110010000110101111000101111
001001010100001111011111101011111111000001010100111001000010001100001100011011100110110110001101
100000011110001010011000010111110010011110101010100101010111011101100001110111011110111010111111
101100111111000101001000111000011101110100101011011010000010111010110000101110111001010011101111
111011010001010011111110100101011111000011000011001011110000100000100110111100011010000010000110
011010000011100000111110000101110100111010110110110010110001011000100010011011110111000010011011
011100010001100010101011101101001010000011100000010011000110000101100010101110011111111100100101
001001101100010000001011111101001101001101111111111110010011011010000110111101001101111000001000
101110100100111111000110011010100000010010011001101000011001001010111101001011111010000010011010
100000000010010110011111011100110100100111000101110010000111111110101011110000010101010101110011
010111100001100101001010011001111110110110110101000011111101100111001110000110011100001010001001
000101011101001011110111100100010110001101110111100001101010110100101101010010101110100000011100
111000101010110110100101000011101011101000001000101010110110001101110100101111110111101101000001
000110000001000101111000010010111001100011100000101111110001000101110110101011111001110011001001
011110000111000011000000100011010100011111100111110001100000110111111100000110100010100100010111
100000010001010110000100111011101110011110100100000011000111100010011100000111001101010001000100
100010111011011011010010111101010011001000100110100110000000001010110100000001110000111011010101
000001111000011110010011111011011111001100001100001001001011011110000110000001110100101110111011
010100000001001110101101010011010001100101010101101110000100110001110110001010101111110011100111
110011010110010010101111001001001101001110100111011010101101100011010110000110000111000001010001
101100101011010111110100110101000100000100111101111000110111101010000010010000010110000100111001
000011011100000110101101000110111101011100011000010100000010001000110001010000010110100010011001
110010111000001011111100100111100101111111001110110111010000000010010010101110011000110100010001
001101011111001001101100111100111001111000100000000111000100000011000000011101000100110001100001
001000011001100001110000101010110110001101010101100000011000111010010001110101111101011000000110
011011101100001100111001001010100001000100000111100110101011100000000001100000010110101111111100
001000001010000001111010001011100111111101110010010010101110101000010111000110000010010100111111
100110011000001110111101101100100110011110101001101000101111000000110010111111110101100010100001
010101011110100110011010001110111011101001011000010111101010100100011000111100110110000100110011
001001111011010010001110010101010010011010001000001110111010101001011011110011110001101111000111
101100101001001110001110111011010010100111110010010000101010100110111000111100001100101101111110
001101101011000111001101110011111111111111001001111110101110011100110000100010100011101100011101
011001001001011101111011100010110100110110011100001010100110011000000010010001101001011100011110
000100001101110010100010010111110110111001111001111110000011011101101100111100101001110110000000
001101101110011000001111001100001001100010011101111011101101101110001110000100011011001111001000
000110010100001001010110000010010011101110110101110000111000110101011001010010000110110000010100
011110101001110110011110001100111011111110010010110001000110110000001000111111111100011111111010
111100101101110111110000010010100010111111010001000010111000100110010101111101100111111011101000
111010000110011001111000111011100000011111100000011001011101010010100001111000000111010010110011
010001010111111000001010101011010011011000011111001000100001100100010101101010000100100110111100
101010010011000100101100101100101110100010110110011011110010000111010100011100001111101010111100
000100010100011101111110100011111011010010000100000111101010011100110100000010111000011100000011
010100100111110101011100100011001100101001010011001111101001000010011100001001101111011110010111
101100010110010100110100110111101010010000111001000011110001101110101101111011000001111111101001
111101001100011001000100101111110011000000011010000110110100000000110001111011011011001011001100
111010001110011011011000000101100001000010000000100001011000101101000101001101110010001101000111
010100000101011111111111011101011111001010010001001100100001010101011110110101110101010101101011
001111110000000100101011001110100010101110101011000001000111001011110001011111010110110001001111
100011110110011010000000011011000111000010111101001010111100010000100101101100110000100101110110
001001100000011100011000110011001000110010011010000000101001101111111101000111110001011101010001
011111010101011100000001111001100011000000110010010100111101010001001110111101000011000101101100
001000000101110011111000101110010101100001001001000101000000101000010010101010000110000110000011
111111110100101110010000111100110000111100001110011011111111101110011001001100011011101011101100
100100101011010000000010000100110011000100001111011000001111001011000101000111001101110111110011
111001100110110110110111111100000000001111010011000110111011011111111110111111010011001001000111
111010011001011001100010010001101111010001011010000010001001111011010011111010100100110001110000
111001100010110001101101100111011111000010100111110010010000000101011111101011001000000001011000
001000101100000101101100111011010010001101101001111110001010110001111001111010011100000101100001
110101011011101010101011100000111111110111000010110101000100101101011001010010011000110000011110
101110000011110001010111110001111110101010011111011110110010101000011110010001110010111111000100
011100000101010010111101000010001110101000111000011010100110010011000111001000011000001000100001
111100010000000110010001011001011011101110001111010001110001011110111110011000100010010110111011
111101011100001110100001110101110101010001111011110011011000010110001110011111101000010010010001
110111100011100101101000111111111000011011111000111100011111100011101101110000110000111000100000
110100001101011011001110000000100011011000010010010001010111110100011111110001111110101100000111
110100010000100001000000001010100111111101111011110010000001011000000110000010110011100000101001
101011000110000110011010110111010010101101000011101010000001100000100110110011001100010011011100
000111000111011100001110011010101010001101101001111100010001101001000010101111011001000100010110
111000011010100000011111100001011011001100010010111111101001100101101011100110110011100000010011
010101011000101011110001010000011011110111010000000100000010101010010110110110110011111000011001
011100010111111011001101100110001110000001011111011001001111111010010001010101100000010000100100
100010001110011110010110110101011111001101000000011101100101101101110000100011111010000011010111
100111010111011010011001000100101001110000100100000101001010100110010000010001000000101000111000
100111010110001000111010000010000010000000100010111010111010011111011101111001101100011000101001
000011001111011010100101000010011101001111110100010101001111010111110010101011011101110101001011
001001111010100000111001110111011010110011011001010010010100000100111000001011111000111001001111
100111000100100100000000111010110100000101011111010001110101110110010011110011100010000100101010
111100110000100100000010001110100001011000100100010111100000111010000101011011001100011101000000
111101000010010000110111100101110010101011010011000001011110001010110011111111000100001101001100
101101100010011110000100011000100101101010110110001000001010100010110111010110010100000000000001
000011111100001001011111111100011001010110101111100010101110100101100000000110110111001111001110
011000100110101010001110111111010111101101010001110010001110101000100011101110111000010000011101
100100100100101000111011110000101010000101110001000000110100011000011011101000010000000111011010
001000001001100101000010000010100110000101101000111010100111000001010111010011100100011110110010
010101000011000100001101101001000110011101001110010100010101101000000011100101011010011111111010
110111000011100011111101111000111011111100011100111110100111110100000001001111011110100011110100
111101111001100010010010100010001001001011000101110011111001111111100101011001100000011000000011
001101101001111101000010001101100010101111100111001011010101011111101100001110101011000101010111
110110001111011100011000010101110100111111011100011101010010101100101100011110101100111001010111
110100011111001011000111011010101110001101100010001110011100001011111100000110011101000100111100
110001011111000101101010110101001000100010000001010001100001000011000001011111111000001010010110
010110001111001011001101111010000101001010011010010110001010101101110101111011100110011011001001
010000010000000001111011000010001101011001010110010011001000000111111001111110110011111010101101
101000000001110110110000100101000000100100100011101000000111000101100110010110111011010010111110
100011100000011001111011100101000010101101111001010010101000000010000101010110011000111111010100
101010110011001011101010100011000000011000111010100010100111011101001011100000110100100110110111
001100110001101111100100110010011101110010000010110111001101100010001100111010001111001111111000
111000111100000001000000011001111111001101010111010001101001011110010011011000100000010011111011
010010000100000011111000001100101010000111010110110010110001000010111000111100001011001000110001
000101110100000000010111011000000011100110001110010000011110000101101000011010010000011110000100
111010111010011011011100000100000101011000110100001101000111000110001001111110011100110001100011
010110111100111000100000110010101001010000110111000111001101101110011001011110000111010101001100
111011111110010100100000000100101000000000111001000101000111111111010011110100111001100111001000
101001110011001100011010001010111110011000111011010101011011000111010101111101001100100000000001
100010101100110000011001111101001001110100011111111010101101101010101001101000001001000110000110
111011011001001001100100000100010101110110000100101001110110000111010101011101001110010101100010
011100111111011010000100001101001010011000011100111101101101110010110100000101110001110111001110
111001001011100001000011000000011100001111010101101011011100010101001101100001000010010100000110
110001101110110100001010110110000110010011001001101001000010001111100001100010101000001100001100
010010010011011111011100001001101100001010000011111100100010000110010001011100001001000001010000
000100010111010101010110000100001011001010111001100000001000011001111011110001010010000011111110
010000110001011111011011000100100111110101000000111000011110100000111111000110010110110001001000
000000011111011011101100110000000110010100110111110111011010111000110110111011101000000110000011
101101001110010010010101010110011101011110110000001100100001110011001110000000011110101011000001
001000001111111011111011010111111011100011010011000001100011010100101111011001000011100101111101
110101110000000010001001111000111011101010010111110111111110101111011101001110011111110000111011
000011100111101001100111010100101100000001011101111100000101010110111110101000110000001011100100
110001011101001010001000000111000011000000001001100000100110001000010110000011100000000100011110
011000000111111010111011101010010000111011101101000000100101111110100010000010011000011110000101
010111101111110101101111111111011100010110011010001001101101001000111000111110101011011100101001
100011010011010100010110110000101011100011101001000111011011001110001011001011101111101001110000
010110000000101110011111100100000000101011011000110111101101111000110101000000111101110101111110
111101001110001011001000010001011000111101101101101111000011011111011011010100011001110011101111
001010111010111000010100001101010101101010110011010111011001100001101100000011110100110011101110
011001001000101110001101110100101001001010011101010000111110000010110000100111110001111110010010
001111000111111011111111011111101000000110100100111100001010111110110010010010000010000010101100
101110110100001001000000001000110010001010010000111000010100001110010111011001010101010001011101
001110001111110001010001000010101100011111000100111100101101101111000010010000010101010011011100
111010110110010000100100010000010001100100101010101011101001011010110101000011000001011100011001
010111001100001001110000101011110010010100010011111111011000101111100010110001111101001110011101
001000100010001111101000001011100111010010001001110011111000001110011100011011110100100001001011
001110011011010010110100111100100000110100001010001101001011011010101101010110100000011000101101
101101100001000111010110100110000000111101101011011100111111011111000000101001001100011010010111
001011100110110001010111011000011011011010100010001010000101101110101001010100000101111001001110
011010101001111100100101101011000101100011111111100110000010000111100001111101100000111010010010
001111110001011010101110000111011010111000101011001000001100000100011101111101111011100010100011
001011100100001110001001010001010001101010001010110110011100000010011110110010011000010000110000
000010011000101011111010010001111010010110010110010001001111000110000101110111010111010010010110
101011111111101101100010110101101110000100100000001001011101011110010010100010111010101010010100
100110110011000011001011111111000011000010101100001100010100100011111100000111111011111110101001
111110110001101110111110001010001010111100101010111000011100110000010110100011001111100111011111
110101110011010001111101100000101010110010111110001010110011011001101001100101111011000100111011
100100101101101101010010100000010110011111001001100111011001000010010101100001010101001100000010
000011100011101011001100101100010100111111110011011010110011001110110011111000100011010101100010
011010101101111101011010010111111001011100110100111001000100011001001000111001111111100000111001
011010100111001111110110010111010010010101111100100010100100100010110101010001011010111100101011
001111101010000001110101001111011111000001001110000011110101101011011011010011100011111110110101
010110111011110001010011111111010001000000101111001001110000001011111011000001001100000010111011
001011001100100011010001011011110110100110010001111010100011101011100101011111100100101010011001
010000010100111100100100110110000011110011101010101000101100111110100010011010111100101000000001
110010110000011011110111011111111000110010110011001000110011011110110111011100110101101101100100
001001000010101010101010001011110001100110010110000000111110001010011101110111001000101000001111
010110001100010010111101000000010111110101111010101110111100111000100001111010110001010000001101
001001001101010101011110010101001010001110001010000011100000110111111000110011001111101011000001
000000100011101111111010100011111111100001001101011001100001010110110101001001111111000101010001
011111100011001101010000001010010111011010100010100000101100010000011011100011100111010010011010
011000001010011111100001010000000010101110110000001100111000010111100001011010011011100000000011
001010011110001000011110001011101011101011000100110101101000111001101011011100011110101111101001
110110000001100010011000000011000000100000111000111000000011111111100101101001001001011111010010
100000100111010101000101111010000000101110000101001001100001001111001011010101011011001001011111
011000010111111110100001000101000011100111010100111011000100110000110110001111001010011111110000
000100000100101010100100010100010010101101011011000111101101001000110010110111000001111110011011
110111011101101100010100111111011101110111100100001111111100010010110010110011111110111001100110
001110011001101110001111010111101110111000001000010110101100001011110100010111110001111100001001
111010101000111100100000111111110000010010010010101011010110110010000101110000101001000101011000
010000000010100000010111001111011111100100001001010101101101011011101110001001100101011000001001
010111101000100111110100111011001001000001111100001001001111110001110101001010010000100010110010
010011111111111010010001001010010100011111011000000110001010101010111110010001010010100111010100
001101010001101100100010001001011101110000111111100001100011001111000000101110001110011010001100
011001111111101101011000001110110000111110000100111110001111100011011111101100010010000101011100
