000101100001101101111010110101000110111010111010100100101001101100101111101000010000101101011101
001100100111001000001111001111100010111011010111000001011001001100110001011110010110001101111101
011110100100110001010100010001011110100100110011101010110100010000100001101100010000110101110110
000100010000001001001001001001000000000001010000000111110110010101010101100000111110000100011011
110000101101011101001110101011001011011100101100111001011101000010010100010000100001010011100110
001011100001011011011110010100000011011001010010010001101010000110011001101011011010010001000001
000000101101010001010101111101001001100010011110101010100100000100011000001111010001101010101000
000111010000000000100010110011111000111001011111101001111111010101100100000110111100110100001011
000010110110000011011100100101110011011010010110011101010101001111000011111010110011110001010101
001100110111101101101011100110001110111110010011010011111101101110010111100011100010011011001010
100001101111110111110011011101001001110011110001111101001100010011011010011011110101001001101001
111010001011001000111010100011011101100001000100111010010010110010110100011011011011100011100111
001000100111010010010111111110000010110001000100100011000101010011100010110100110111101000101001
111011010101100011011100111110101010100011001111111100011100000100111000011010000010011111111100
110011110101110011011001001100011000111101100100011010101110110001100100001010001111001001000001
111111101000001101011100001010110101101011000101111010100000011111111001111101010000001110100101
010111101111011110111111001111011100000111100100000011110101111000100001011101110000011110010011
100010001101110100111111111100000011011101011011111111111100010011010001100001001101000110001110
010100001001011110011010110111010001000101001010011111010000110100101000110110010101100100001001
101001001001101010001000011101100011111110110110001010001111001011010101001101001111001010001001
101001101000000110110001010101011001110011000000100111101000101111110001010011111110000001000101
111001110010101100101001001111111100101010110010111010101110000000110001110101111111111011100000
111100001000010111011111101100010110110111100101001011010011110100110011110111111100000011001001
010011010011100011010101101100011011111100010101001101100110010001001011101111001110111001110101
011000010001100010000110111011001100100011110110101001011100110101100100110100000111101111101110
010011000110000101010000111011100001000000011100110101010100010100001111000000010111011000111000
111101001010111000011101000111111011110010101110000101100010001010111010011100011011000110100110
001101110000000110100110101010111101011010101011110010110110111011010011101000100101101101110000
001011101100000100011011010000101111111110101111010000110111001110110101000110111101011010110000
010010010101001110000010010111101100010101111010001111010000110000011001011100011100101110110110
001011111110001100100011001011111110101011100000010111010010111001111001010001100010100111001001
001001011110111111111010101110111110101110010111011100011101011010110011011100101111101110001101
111111011100011001101000101001000111011111111011000100001110000011110010110110000100111101010101
111001100100011100001011011110001011010110001011110110101001111100001111000110011111000101011110
111010101011111010101111101100100111111111101111100101010100010110001000010010100001001111000000
001001010000101101010011100001001000001011111101110100001101010110010000010110110010011110010110
110011111111100000101100111101000010011100100001110000110000110011110111011010111110101111011101
101111101000001101000010101001101011001000010000110111111110010110100010000101110101101001000000
110010110110110111101101101000010010000010001100110111111000010101010010111010100101101101011001
010100000000101011000001011001101101101011010010011000110110000010110111110110111100100001111011
111000101111000111101011010100100010001000001001100110011011100011100011011000111101100101111110
010101110000101111010110101110001111110100001010001010100100001001110011111101001100111010000110
111011001010101010111101011101110111100100100011100110100010010111110101011110010110011011110001
110000100010110001110001111000000011111100000111100101101100000101000011110110010100100111100111
101110000110111010011101001111110101010110001111101000111010000111101100001110010111111000110110
000001110100011101100000101110001001010101111010100110010111001000101011111011110100110011000010
010101100011011101111010110110000011010111100101011111111001101110101011001111101000010010000101
001101000111011010000001100010101110100011010011011000110111000000111111001111101011101001000010
111001011101010101011100011110110111010011101111101010001001011101100110110101100111110100000011
111000100001100100111000010010011110111010010100010111011000011001110001100010000111011001011110
111101101001110101100010101001110011000010011101101100001010011010011111100001011111000101100110
110011100000000000000111101110101010001001010010010111110001100111110011101111011111000001010110
011011011000100100000100100011111110011111011000101110001100110010111100111100111001011101101001
011001000000111000100100010100110111001001011001001100110000111010001010110011010001010011000011
110001001010010101100011000001100000110000101100011111110110011010011111101010000001011100011010
010000011100101100110110001100011101101100100011111010010000011001010101110111100110010100110001
001010111100111000110111110111100100111011011100100101100011110110110100100000001011101101101011
101101110000000001011011001001010100111100010001000000101100100011111101111001001010111000010000
010010000011111000110000000110010001011111111000011101000010111100100101011111111101001000000000
100110001100111000011010011010110001111100110010100111110100100011010111111001110000000011011110
111001111000000111110100110101100001111101011011010010110110100011101110001010000000110000001010
111101011100001001000010110101111110010011101010101111110000000100010100000101010011101110001111
011101010110101001101111110001000001001001000011011001100110101101011101100101101101011110010110
100111000110000101000100111111011100001011111011010100111011111111100000001011100010001111001001
110010011001101000011111110111111010011000010101011110001010001110110001011100100101010001001110
110011000110101100001101100101011010000001100000101000000011111101110011101010101110110110110010
010110101001000111100001101111010111000001011101001010111011011001000011110101100001011101110111
000111011001011001011110101000111101100000000011001011110101100001010011011110110010110001101111
101100110000101100010000101110100101001001100111000010000001111011101010001101011100100110001000
111001010110100110110001111101000011010011100100001101010000011011001111010000011111000110010010
101011100111100000111001000011010001010110010110100010110111100001001111100101101001110000110101
000011111101100101001100111100000000101101000001101000101011100101011111100010010110001101100101
100110111011011100110100100101111011001011100101100000010111110111111010000000001110111000110011
000101111110100110101001101010011000010110101010010100101110000000000110000110011011010101111011
111101000010000001101011111111110000100011101010110000110111110011011110010011101111111001100010
010000011110111101010001110100101110010001011101110110010100000101000011110110011011001101101111
101000000111110001000101100100110101000101011000111101110110000011010100100010011010000101111110
110011111011001110101110111010010011100000111001000000001011011000101010100111100001011110010001
110010101110000010110100110000111101111111110111001001000000101001010001011011011001111100110000
000001111001011110011001010111111011101010101000010110001011010100110101011111100111100100001101
011100110100101001010000100011111111000010111011111000101111011001100010010010011011011010011101
001011110010110001111000111010011010011000000110001110101100000001101001101111001001110101011001
101101001111100111011011111101101110000010101001101110011010110100110000001101011011101011010010
101000000100110101001010011111000101000111010111011001011001101000000111111101011111100010110110
110010101110010001011011111000110100000111101011000100111001101010011110000101101010001101001100
100000100110000111100001010010000101111101110011010000101000010110001010101101000000010000110100
001000111100010000010010100010000110000000010010011111000011000101011011101110100010110111000110
011100001001111011101001001000111011111100010110110110010100011111001100001011000011001001110001
010011110110010011101100010010111001001001101011111010101010011100000010111001110011010111011001
010111010100100000011110000010011101010011101100000110011000011011110010011101101101000110111110
010110000001110100001010010101101100100101010100001101000110110111000010110100110010111011110110
100101100110010010001011000111110100101100100101001101110110111100010000110101000110001001111111
100100110111101000100011010100010010001101101101101010011111001110000101100010001100110001100011
110001111000110000100100011111010011111100001011011111101111100000110000001110111101001011100111
111010101111110000100110011110011110101011111000001101111101101000100010011110011001010010101100
101010111011010011011011001100011110000000000101000111111111111100111001010110011100101100011000
000100000101000011000111111000111111011101001001111101000010010111111111111100100011000000100011
001110100110100011101100001111011000010100100110001100101110110100001000000010000110011000111110
101100010100101100111000100001010011000011001110010000011001001100110011011110001110111010101111
010110100010101100100111110000110001011010010111100110100001001011011010100000110011110111011001
011101100001110011111001011110110100000000001001110001111101011110000101001101011000001110100110
011011110100001101001001011101011101111010110101010101110010111100100100001001101110111011111000
101101100001100111001111100100100101001111001110011011011010100110011000010101111111110101010111
000111000111110101101100101011111000110101100001010111010101000011000110111010101100000010001110
011001001001000111101110010110010111111100111000011101111110101010011011100100011001011101000001
110010000011011101111111111001001001011101010011011101001000001100011101101111100100010000010011
010101010111101000111111001111111111000010010110010011011000010000010100111100001011010100100110
001110000000010101000010010000011110001100101110111001111100000101010001011011111011100111010010
010111011001111100010001000100101001000010011011011001111110101010100101100010000000101101000011
000001110110100110001101010110100100000110010111110001000101000110011101111001010110111111000110
100011101111011110011110010000101001011111001100110111011010110010110011011010001011001111110100
010010110110101110111000111011001111111011000111011111010110001010000001010011110010000110010100
101111100010101100100001110110111100100100100110011100110001010111000110100110001001000100101101
000101000010010101111110011001011110101011010011001011100011100100011110110100001110101011101101
101111011111111000100100010100000100000000101100110101000101110010001101110101000100010000111110
000100100001110011001011111001011001010100110001010101100110000110101011101101001001100111101111
111100100110100000011100111011000101101011001000100110110001110100001000111010011011001001010101
111110000000010101111100010101100011000001101111011011101011101111010011010010001000111011100100
101001100101001001101101011011001010111111111000100110101111000001010111111010000100011110011101
111011101001011111100010101011010001110000010110100110011000101000010111011110100110110110000011
111001001100101010110100111001110101011101001011011101111100001001111000111001001000110111011110
111011001001000110001110111010010101010100111110010101000110100001100100110100010100110101110001
111100100111101011000011100001110011101100001010110001011111110110100100110001010010000110100001
110001110010100110100100000011001110010000110010111001000101001100100100100010001011000110001010
000100101001010010100010010111010000110001111101111101100010010010001010001111101010110110010100
010000000000101000110100011010111110011110010010111000101101011111101011001111010011100111110000
101000111111010001001011110110001011001010101001001110001110011010100100011111111110110110001110
101110111100110011010111010000010001101001100001101111100101111100110011100010000000100010110011
011101011000001000110000010100101011010100110110011011101011110100111100100100101111101010100001
000001111011011001001100011100000101011010101000011011011100010100100000111001010100101101000101
101110010110111111000111110011000000100001011110101000110010111001110111100100000101101111100111
000010001100010110101100010110011101010010011100000011000100000010110110111111110010100001100001
111101110010010010011000010111000010110101101011010000010011110000010011101100100010000111101010
111010001101110111010011100101010101011101011001010101000110011100110001101111100111111001001101
110101100111111011101111010011101010110000011010100000111111000010010111100000010101000101101000
111011111000001010111010001011001100111110111101110000111101010101011111000001001010011101001110
111110011111010001111010101111111100110010011101100010001100100100011101101111100111100100010110
101000100001001101000000100110000010010101001001000100111100110011100011110010010001110100010000
010110101001000111011010011001101110101111111100110011011100111001001110000011000100111111010100
100011001100100111000001101100101000100000110100111101110101011000100001010000011100000110101101
110110100101011000111011010111100100101011100111010011101011111010000011010011001111101101110001
101010110111111001001010011000011000000010011110111111101110001110110101111001110110001011110010
101100111100101011010111100110001111010011001111010101011010011111010111011101011001011000011010
010110101111000110000101010011001110010111010100110001001101010100011101111100101011001101101110
111010100110111111110111100100111110000111110100111101110111010111000000001111100010000000110000
101000101011101000001111110001000000101101011110100101110101010100001101110000100111110000000010
001000011011111110101000110110100111110101110000110001011001000111111010000101101101100100100011
011001000101100110000111001111010101010100010000110000100100110000010010111111011111011011011000
010001101010000101000101010001111011111010001110110000101110011101111010010011011110011000101110
010000000011100100101101011000001000110110000101101110001101101010100100111100010001110011111011
110110100000000100100010011100101000101110111100011001101010110110111110101001000011000100110001
110111000010000011101000010010100011101000001001110110011010000111011011101001011011011100001101
000001101011000110101101001001100110011000001000010010011011111101101110010101011010101111000001
010001000010010011101110001100100101011011011100001110101001000011001110110011001100000011101001
101110100001000101001111100010000010000111010001010011101011000011101011101011101110000011110100
101111000000111100010000101110011000101110010111100001111001111000011110010001110000101001000110
011011110011110000001111001101000110100100100111110100100100011011111010111010000000111001101010
101100001000011010101000111101000000001000100011001010110110101111010000111001001110001011010110
010100011000011000011001001001011100010000010110101001011110010011110011010000000100100100001011
000001010010111101001011111110010101100001111010101110010111000100010110001010000110010110010001
100001100101111011100111000011001110010010011101001011010001111100011101000001101110110000110000
011101001011010100000010011100100010001011011010100100011110011100000110000101101100011100010000
101101100000011001001011011100110001011000000110100111001011000001011101110010110000111001111110
001111111010000110100110101001111011011111111110110111000110100010100010010000010110111100011001
001100110011100101011100001001100011100000000111011010000111011100101011011101110110000111111100
101100011110110111101011010011100011011001111001001000010100001000011100011011001110110111011110
111100111100010010001001110010001111000101101101000110001110110001000001111100001101100101001010
110101001101001001111111000000111000001100100101010011001111100011110111100001001101100000101000
111111000001011000000000101111001000000110101000110001100110110111111000001000110100010111001110
011010011010100010001000100110111011101010101010010111110110101101010011001100100111010101101110
010101000000100100110101000001111010101011101010101110101011101001101101111100111010101111101111
111001111101010110010000010000001110100101100011110001011001010101111111000011001111111010001101
110111101100011010110101110010100010000101011110010101011111101101000110110000100101000100010100
111110010001101101100101001100001010001100010111000110000000111011000000010101001110000001000100
010001110100100010000001000000001100001101101110010010000111110111101010010011101011000100111101
000011100101100111011011100111100000100011001001000110010001001101000010101010001100000010110100
011110111100010101110110110101000100010100000101110101101110101011101100101111001100100111000111
101111111111101110011101011100100010000011011100001011110110101011001101110111001000101100111111
011011010111100100010100111100011100010000000000011001101101001110100010101100111011110010011111
111001100111000100100000101010101001010010111010100100011110110010111000111001000101111111111010
101101011110001101110000100001110111110010101101001100011001110011100001111101110101011010011100
100010001010010011101000011101000100110111100111011011000110001110111000011110001101100011110000
011010010000001011111010100101111101100111001000000111101001100100110001010001100110001110011010
010010101010001101101001001010001111001000001111000010101100111010110000001001110111010110010011
110101000001001001000011101000010011111111010011101100001101010101110001001011101111101100110100
001000101011111101101111111001000001010000110101110101111111100000111000000111110110110100000000
011100011110111100100110010100001110010111100001001111001101001000101010010100111111010001111100
011101010110010000100010001111011000010010111100010101000100100101001011010011111100010001100110
111010001000110011111110001011110001110101111111101000001100010001110011010011000100010011101100
111000110011011010001110110110111110110011000110001100000010100111011110000010011001100111100111
111110011101101010001011101100001010011010010110111010100000011000101000010111000100101100100001
100001011100100001010010101100011010001011100101000111000000011111000101111111101001110001010001
001100101111010010000010010101010100110110110100100000111010011101011011100101101100001111110011
101111100111001101110011010010011001110110000111111000000111010001111011001111011100010001011100
110001101001111010001000011010100000010101000110010011111011100001001010110001010101000110111101
011000010010011111111001100011110101001000101111110110001000001101100110001011001110000001011010
110101111100100010000100111110111001110110101100110001001100011111100011011111111100001111010110
010010000011001010111111101010101001101011011000101110010001001110001110100101100101110011100000
100110001110100110001100011100011010101111101101010010100011101000011001011110100001000010101000
110010000001101011010111001111000010100111000110111100100110010011110001101010101101000001001000
101101011111000111001110000011001110110100100100110010101011010101101011001001101100001010100001
010011110101101001110010100000000011111000111000101111100111111111101110010110010001101001011101
010010011010000101001011111001111110111001011000100000110111100010111011001111000111010010001001
011011001101100100011101011101010001011100001100111001101010100011101010110100000001000101001101
001111100111111100101100000010000011110011111000000100010010000100111001101101010000101110011111
010000101100100110111000011011001000011111111010000111111100100111000010101000001101011101001100
011100101011101111111100001011101001100111001110001100111101010110100000010101001111011000101000
001101111110011010001000100010100100100011000011010110100100110000000010000000011010010100010011
101010011001010111110000000001001110010101110001101110101110100100110001011101101011110011001101
001001100010100011011101000110010001110001010000100101100000110111000011100010101100010001000001
100100111000010001001100000000010100101011101010000101111110111011011100101111111111101101100100
110000111010111101001100111001010000011100100101010101111010100100001101011111100101110100101010
010011011000100010011010100010010101011010010010110100100110101010011100011100101010100111100011
001111100100010011000101110100000001001001100100011111000010001110011000011111101010101100100000
011110010011000111010101000000000000001111000011001101100011110001000011000010011010101001111001
010001111100000101101011010110100100001011000111011100001011111011011100100100110010011111101111
111001011001110000000100100010101101100111011001011000010111100100001100011010110011011111010101
100101100101011101010101101110111000111000010110111010010100100111111101100110010100101111001001
101110101011010111101010010110001111111011101111001110001100010010010100011101010110010010001000
001101000101110011011011100111000001000011011110110010001111111101001010101011000100011011100011
111000000011111110010101000110010000111000110000010000000001101111010110010010011010001010011001
000100010011111100011001100110011001010101100100011100101101101010111011110011010001101100010110
010100101111100011010101111101010001000100001011111001011101011110011010001011000001111010110011
111011101000111101100010000001000001111001001011011001010111100000111000011101010001110101110100
100010100101011110111000000010010000110000100111110010000010011100000010000001111011101100111100
011111100000110010010011001011010101001110100111100001011000010110010011000010000111110101100101
111001100000110101001001000011001000100011111100101111101011100011001110010101110110100001100010
000011110011111110111011000000100010100101011001101110000100000000111101010001000111111100001011
111101101000010010111111101110000101011101111101110110110101001011111000111111110000100111010010
101100011000101011100010110100001111111101010011100110100001000000111111100000000010000001110011
111001000000001011001001110010100010000011101001000101111010101111100111100011111101101110000101
000010001101111011011001101010010010100000110011111111101100100010100010110101100111110110010001
101101011100010101101011100000001110011010010111011010110110001011010010000011101011111101110110
001101111001110111100100110111010111110111011000110101101011000111101010011001111010001111101100
010111100111110100111010100010101100100000000110011110100000110010100010100011010011001100110100
001011100010000100001010101111000001100100110100010001010100111110101110011110100101111011101110
110001101000110111010010001110010000010110010110100100111101111000010011111101001001110001110011
111111000000000000011110111111111001110010110111000111101110111000011011010000101011011100011001
010111011101100111100110111011001100111110111001010111101100110000010011100111101000101111000001
011100110011001101111110111011100101000101110101010000001011000010110111000001111011100000011001
011001010001110111111100110111010111011001110001111000010101011101001111100100010001011000101010
100110000111011100011111110110100011001001001111001110100111010100111110001011011100001000011100
101101000110101101101101001000101111011101001001000111001110101010001100011011000101000100011101
110001110110100100000011000111001000110110100011101000001111110010100011100101010010010011110100
110110110010000000010111010000101001000111011010000101100010100110111001010010000011110010110110
111100010001100100110110100110001101101010101110101001011010100111011001000000100100111000111111
101000101110100101110100111011101000100111101000111100111010101011001100111110100110000000111001
010001111101001011110011000011010010101010010101000100000000101000000110001100111010001111111010
100000001010110000000111011101110010010100110010101101110110101100100101010011111111100011100111
011100101100011100111010101101001010011101010011100111111010011100010001001011110100110000100111
110101000000110110111010011010101000000100011010011100000101101101010010100111111011111100110000
001001100100001110011110010110000011110000010101000011101111101101101000101110101100101000101001
101011001101011110110100110000110010011011001011001001011110101010010001001110111101111011111010
100110010001000110100111011000000101111111011000001000111110111010001111101111001000110111100100
000011001011010010010101111100000011101001110111111101100001101011111101110111110110110010000110
110010111001100001111011111011100110110110100001001100110000110101101101000011101111100000100001
001001110011101010110110011001110101111011110110010011011011000011110011101100101010010000101111
111100001000100000010111001110000010010101101100111100101011011110000110000010001011010100101101
111101000000011100011101011111100110100000110110101100000010001101001000100110010101011001110101
000100100100011001010111111011011011000110000101011110101010010110010001011111100111001101001011
010010010110110100110011010111011001000101101101111110111010101100110010100010111100101000110011
101010110100100101110111000110111101000011100110011011001011001101001111011010111000110010110010
101011011110001000111101010001001001010000001101101111010001100010111100011000111000100010100100
001001000101110001101010011001100010101110111010010110000101110011111110111100101110011000010000
011000001101000110001001111011001000010011000111100000100010101101100100010101011011011011100100
100001110010011001111000001001010100111000100000101100101100100010000000100101010110000011000011
000000101000001011001110000011000001100010100010100001010001000101001100011011010001111111010100
011010111010101111000011000110100000010011001001111010011110101000001101000000111000001100001101
111010111111110110000011111100000110110101101010010111110010000101001100100101011101100001001010
110111001101001101101100100001011110100011011111011000010100001101011000000110100101101001101101
010001110011000000000001011100111011000011011111010000100000000101010100111100101010110100011010
101001100110101110110000001001111110101100110110111100100000101100010000001011101100011010110101
011110100100110101100101010110111001011010101010100110101001000100110101000101100001000000010101
001011001010100100101010111010000111001110001100100100111110101011000001000111001000001010101001
001101011101010011011010011100110010011101001100100001110000110101100010101110001110010010010011
100100001000101001100110100100010100101001010010010011000101011001100001100100110100011110011011
000101101011010011001000011010000100000010111111111000101000110010000111010011010010100101000000
100111010110011001010111111101000001010110011111010011010111100101110000111010110100000100100101
101001011110001001101101100010010000101010001000001000100101100011110101101100111111101101101110
000111111100001001010101001111111111101100110111010001000110001010110101011010001101001111011100
001000100001101001101111101110100001000100101011101011010001100100111011100001101110000111110100
011011100111000111100110001001001110110000101000110100111001011001111011100011000101101011011011
111100000111110111100110010010111110000101111010101011010111110101001101110000001100110111011001
001111101101001111111010001010101110100110101110001010101010111000000011101111101100010011111000
000010010110101100000111001000010001100100111110001001001110100101011100000110100101110001001010
111010110101100011000001100101111101100100000101000101010110101010001011000001000101111001100000
010011011011000000001101101101011110100100110001100000011010100101000101110001111110001101011100
111110010011110001011101100001110110111000001111101000011111011111000100000110100000010100011000
011010010001010101001010010111000001101101100000111011010111101010000101010101000101011100111111
100100110111011111010111010100000100011100100110110000010110000011011010100010100111001110010010
010001110010101010101010101111011110100000011000010101010011101101011000110101011100000110011001
011110110010111001100101100101100101101100111101100010010101011111010101100101100110110110001011
110010011111011010001011111110010101100011000001010010011110111100001111001101101111101111010011
110111011111110011000100010100111000111011100100100011011101011111010101001110101011011101110001
011000100111100101101100110010111111101001001101000101011010000000011111011010000011011111011000
001001001000110001100110101001010010110010100011010000001001111111010001010111000000000101110000
001110100000100110100110001010100010110011011100111101000001010011011110101011001000110101100010
100000110011011001011011011000001101100101111110111100000001111001000100111100101000110110010111
000001010000111011101111000001000101001010111101110011100010001011110011110001111101000100101011
001100000000111100110001001110110101100100100111111001101111100101000110111101010101010100000101
010100000001101011001101111001101110010110001001111111111111001101011100110110101000101011100101
100110011111011011101011010001000000101111011010110001011100111100110100110010001011000111100110
100101001001001101011011010001010100010110001111101110011000011111000011101010101110010110110110
100001100101100110101111110011111001100100111100110111010110001001110001001001011101111011100001
010001011000000111010000000000001000000110010011100101101110011110110001011010000001111000001101
100000001111100100110101101111001101110000010010100000010011001000001100000001100110001111101000
001100110110000100011110000010000011011101111001001010110101011111100011011010000000100010110110
010111111011000111101011110010100100000000000001110010001101001101101111110110111001011100011111
001100001001100110111011110001011000100111011011010111100010001010100001111100101111011010011000
011100110001100001011010011010101111011111010100010111110100101100001101010110101000011100111001
101100011010100110100000100000011000100011111000010111101000101100110111001110010111001010100000
011011001100000101100110001111000110111101110101101111011001100110000001111101110111011001010111
000110010011001101000011111011001110011001101000010001111001000011010100110111010011000011110111
001111001100000010010001011110101111110100100110011011011001111111100000010110001011011110000100
111100001111111111011111100000100111100001110100001010101000001100101011110110011010000010100010
100011011000110110000001111101110010000011001000110000101101010100010111000010100111010011100100
010001100100011110100110011010100000101011100110110011000000100100000111111001101011111001010110
110101000100110011100001000111100011100111110100101001001100010010000101010000011111110101111010
110001101001011001111001111001010111001011011101111100000110110000101010111110110001100110101101
001101011110011010100110101111111100000110011100100100011001000111000010100110001010000111001101
011110110000110110100000011000011100001000101110010010111101010011011011110011100011010110100101
011101110110110010100110110111001101000111010101110101011111001010110000010001001011111100001100
001101001010111001101110111010110111001011011100110001011000001001010000111000000011111101001110
110100011110001100110000101011010001100100010011100000101011100011010010011011110111001101000100
011010100010000001101011111111110001011101001111011111100100010010010011000010000010000110001011
101111111101011100101001001110011011100000100001111011111010110111101000001110111110011101011011
111011010000000101110010010101111100101101100100001001101101100001101100011111100010010011011100
001010010111111101111100001010111001000110101000001001001011011000110011110010001000000001001010
100000100011111110010011001101101101111010011101010110110100110100000110100111011011001011010011
001111010111001100110110110011101110100101011111111100100000101111101011101101101010010110011000
011001010100001100010010110001001111111010100001010110000111010110000111010001001110001000110001
101001101110100001111100100110100111100010001000100000101000111101000101001100101100110110110111
100111110100111101100111001101100010001111011000011010111000001001010110110010010101110101110001
111011101010011110010011101001000011010110000101000100010101000110010101100010011001111000111111
001001001001010000101111000100111001000000101100010010101101111011010111001100001110011110001100
000000101001001011010110011100111110111100010100010111101011110001100111010100100010110111101000
001111011110100011100000011101010010010101111111101111010110010111111000010100100111011011101010
110100000101011010111001000001011011010000110011110111001000011010001100101000011101110000101010
110010110010111100000110011001011001100001010000100010000011011001111010110111101111001011101100
010011101000110000010011010101010000010010010000010110000100101010000010101010010011000100101001
100110100110101100011111011100000011111111000000011111011001110111110010011110010101100010000011
111100100111101111011100101100110001110110011111101100001000110001110100000111010111110110101011
110101010101000111101111101101110000010110110001010111110110000000100000101000011000010011010100
000100010100110111111111110101000001101101010001010011110111011001101101110011110000111000101011
001011001010010110100110110001000110111111001011001101001011011000000011110111110101000011011001
010011001011001011100101111110101100011001110001110011111101011010101011001001100101111111111100
000111000001011111100110100011100000000110110101011001010110100011010110010111011111010011000010
101100110010001110100100000101000111010000111101010100000110110000010011001001011101101110001010
011011011101101000101000010111100001010100101011010111100000110010100110110111110100111111000001
111110010010111011110111101011001011011000100111101100000110110011111011101101011011010110011000
000100011000101100110101100010001000111010110110111100010110000011001111000001011011101111000001
000110011111001001100110011100111000101000100100000001110001011101111010010111010011101001001000
100011101001100100100101100110100010010101111111011101101011101010110011011111001100100100100010
100101010011111011000001110000011110000000100100001111011000010110111100010010010000101000110111
001110010001001100100110000110100101000101000110011101110011001000000101100111110101010110001010
000001100111011100111101110010001100000010010010000011101101001111100111100101011100011001100010
111111001001011110111001100100111010111010000011010011001000001001001100110001001111001110001110
011110110001100000100011111101001101011001101111100000100111010010110100110000000100001011110101
111010001100101101110011110001111111010001111010011000100011000010111010100011110000011101101011
011001000010000110100101000000010100100111011101100010001001110100001001110001110001100100001101
001110101100100000111100000010100101100011111100101001100101101111001000000101101110100110010001
111000111110010011111011110010011011100111111011101010110111001010011011101000111011001011110110
010100000101001000011101010011000011010011111000001111100110011000111011100110111010110110000100
101010100010101111110110101110010101100000001101000100100011001110000001101000100001001110101101
111000110000010101001010111010010100010000110001010101011000100111000111111011010101011001001110
111111001110010001111110110010011110011100101010101010011110010000010001110011011000000110111001
011001100011001011100111000100101100111100011110010011100001110011111111000110101101111011001010
000111010000101111011011011011011001001101000100011101100010111000011010100011101100001111010010
001010100010011100000110011111011100111101001011110010100000111011110010001111100110010001001001
011001101101010101110000000011011001010101000001101101011011000010011100000110101010011010110110
001101010110110011011100100101010100101110110111010010101101011010000101000010101100100100010101
100101000100011001110011000010011111000000111100001010100000010101011011110101001011111101001011
100001100111000000110101111001100010100101000110110001011110101010111010101111011100000001110001
101001010001001101101110000110100100001110010010101011000110101001001101110000101000111111111100
110001100110000100010111001111101001010001011100000110101011100100011010001010011001010111010111
111001001110001011010101111101111011101101001001010010111010011110011110000101101010011101011110
010101010000111111100000110100101111001111101000100000101110110010010001101101101010010101111001
110000000000001100110101000101101011111010101111010000001110111111001010110011110001111100011010
001111101101110101110010011111101010000001110100111100111100000000010110010100010000000110111110
011000100110110011011010100001110100100110011111111010011100111101100001010110100101110000101010
000101011000011111110010111000000110100100010011111001101001101110110010011110110100011111111111
100011001010000000110110011100111111001100111100111000000011101100000010010110110101101010011111
000000011100100010101001000001110101011101000111000100010101010101000111000101110000011000001110
100110000111001000011010101010101100011110111101011101111000001101111010000100110101001111000100
010101100001110111111111001111011001010010111111001011101000111011010000000000111010110011101101
010001001101110101101110110100110010110001110010100110010010100000011111011000101111100011010000
010100101010000111110110110111100101010001110000110100001000001000110100111001001011000110101000
010000101110001111010101010001010010011001001101010010001101111110101110011011100100100101100010
100011101111111000101001101010000010000111110010111110100001001001001001101011100010011011111110
111011000001000110100001111000010100001100111010001011111000011000001010110010100001110001011001
010010110011010111101111110001100100011100011011011110001101000111001000011010000101101001000010
010111101000110000010010010111110000111100110010001110001101110110011110101100110111110101100101
110010001001111011011101011010001101111010000011111100011110100101011010100110110111111000111110
101101110100000110010101011100111101100100001111110111011011000101111100011101010111110111100110
111110011110110101001111001110000101000100010011110110011101111110001100101001111010110010111100
001100111100000111111010101100101110000100100011101111000001110100101011111101101110111111001111
011000001011010011100111101010001110101010001111011101001001111110111010101101100000110010110111
001010010100110111101010111010110111101000110110101000001100010110110100100001011100010001000011
000111001100101010000111100111011101110110010000010000100111001011011001100000000010001001000101
101101001010000100011111011110000000111100011100101011010010100001110000110010011100001000111010
