010001011111101100000000000000000000000000000000000000000000000010011110101000101101010011010110
100000101111101010000000000000000000000000000000000000000000000010011110101000101101010011010110
100100110011001101000000000000000000000000000000000000000000000010011110101000101101010011010110
000011010101000011000000000000000000000000000000000000000000000010011110101000101101010011010110
101011111011101110000000000000000000000000000000000000000000000010011110101000101101010011010110
010111010001010001000000000000000000000000000000000000000000000010011110101000101101010011010110
001010110010100110000000000000000000000000000000000000000000000010011110101000101101010011010110
111001010011001010000000000000000000000000000000000000000000000010011110101000101101010011010110
111011011100100101000000000000000000000000000000000000000000000010011110101000101101010011010110
010111100110010010000000000000000000000000000000000000000000000010011110101000101101010011010110
011101011010100101000000000000000000000000000000000000000000000010011110101000101101010011010110
111001010001000101000000000000000000000000000000000000000000000010011110101000101101010011010110
011101000000110010000000000000000000000000000000000000000000000010011110101000101101010011010110
101001110001011010000000000000000000000000000000000000000000000010011110101000101101010011010110
000001101000101000100000000000000000000000000000000000000000000010011110101000101101010011010110
101100111110011010000000000000000000000000000000000000000000000010011110101000101101010011010110
000101011110110110000000000000000000000000000000000000000000000010011110101000101101010011010110
001000000110101000000000000000000000000000000000000000000000000010011110101000101101010011010110
101110001111100010000000000000000000000000000000000000000000000010011110101000101101010011010110
001100010011001111000000000000000000000000000000000000000000000010011110101000101101010011010110
100101101001100110000000000000000000000000000000000000000000000010011110101000101101010011010110
011001111110100000000000000000000000000000000000000000000000000010011110101000101101010011010110
001110010111111100000000000000000000000000000000000000000000000010011110101000101101010011010110
010000101100001001000000000000000000000000000000000000000000000010011110101000101101010011010110
010010110101100111000000000000000000000000000000000000000000000010011110101000101101010011010110
110001011011001110000000000000000000000000000000000000000000000010011110101000101101010011010110
101001000010101101000000000000000000000000000000000000000000000010011110101000101101010011010110
100000010100001011000000000000000000000000000000000000000000000010011110101000101101010011010110
000000011000110000000000000000000000000000000000000000000000000010011110101000101101010011010110
101100010000000000000000000000000000000000000000000000000000000010011110101000101101010011010110
100000000111101001000000000000000000000000000000000000000000000010011110101000101101010011010110
000001010000000100000000000000000000000000000000000000000000000010011110101000101101010011010110
000011011111101101000000000000000000000000000000000000000000000010011110101000101101010011010110
101010101010110001000000000000000000000000000000000000000000000010011110101000101101010011010110
000011101011101010000000000000000000000000000000000000000000000010011110101000101101010011010110
100011101111000010000000000000000000000000000000000000000000000010011110101000101101010011010110
001110110101000111000000000000000000000000000000000000000000000010011110101000101101010011010110
100001111001000011000000000000000000000000000000000000000000000010011110101000101101010011010110
010010000000100000000000000000000000000000000000000000000000000010011110101000101101010011010110
100100101010110100000000000000000000000000000000000000000000000010011110101000101101010011010110
000001111000100001000000000000000000000000000000000000000000000010011110101000101101010011010110
110111111101110011000000000000000000000000000000000000000000000010011110101000101101010011010110
000100110111011111000000000000000000000000000000000000000000000010011110101000101101010011010110
110000100101101000100000000000000000000000000000000000000000000010011110101000101101010011010110
000111011011100110000000000000000000000000000000000000000000000010011110101000101101010011010110
010110100011000111000000000000000000000000000000000000000000000010011110101000101101010011010110
001001000101010010000000000000000000000000000000000000000000000010011110101000101101010011010110
100000011011000110000000000000000000000000000000000000000000000010011110101000101101010011010110
010100001011001111000000000000000000000000000000000000000000000010011110101000101101010011010110
011100010000000111000000000000000000000000000000000000000000000010011110101000101101010011010110
111110001001100111000000000000000000000000000000000000000000000010011110101000101101010011010110
100110101011000100100000000000000000000000000000000000000000000010011110101000101101010011010110
110010100011110001000000000000000000000000000000000000000000000010011110101000101101010011010110
000110110101100001000000000000000000000000000000000000000000000010011110101000101101010011010110
111101100111001010000000000000000000000000000000000000000000000010011110101000101101010011010110
101001001100000000100000000000000000000000000000000000000000000010011110101000101101010011010110
000110000010100001000000000000000000000000000000000000000000000010011110101000101101010011010110
111001000111000110000000000000000000000000000000000000000000000010011110101000101101010011010110
110100011110000000000000000000000000000000000000000000000000000010011110101000101101010011010110
010100010100111010000000000000000000000000000000000000000000000010011110101000101101010011010110
010100010000100100000000000000000000000000000000000000000000000010011110101000101101010011010110
000110100001011111000000000000000000000000000000000000000000000010011110101000101101010011010110
001011101011101010000000000000000000000000000000000000000000000010011110101000101101010011010110
110011111010100111000000000000000000000000000000000000000000000010011110101000101101010011010110
000110010100010001000000000000000000000000000000000000000000000010011110101000101101010011010110
101000100001000101000000000000000000000000000000000000000000000010011110101000101101010011010110
011010101101001010000000000000000000000000000000000000000000000010011110101000101101010011010110
100101111110001010000000000000000000000000000000000000000000000010011110101000101101010011010110
001010110010110101000000000000000000000000000000000000000000000010011110101000101101010011010110
100000110001000001000000000000000000000000000000000000000000000010011110101000101101010011010110
101010011011001111000000000000000000000000000000000000000000000010011110101000101101010011010110
011110110001010011000000000000000000000000000000000000000000000010011110101000101101010011010110
100010001001110001000000000000000000000000000000000000000000000010011110101000101101010011010110
001001010000100000000000000000000000000000000000000000000000000010011110101000101101010011010110
000100001010011000100000000000000000000000000000000000000000000010011110101000101101010011010110
000000011000011101000000000000000000000000000000000000000000000010011110101000101101010011010110
110001110011011101000000000000000000000000000000000000000000000010011110101000101101010011010110
011101011011010000100000000000000000000000000000000000000000000010011110101000101101010011010110
010100011011011101000000000000000000000000000000000000000000000010011110101000101101010011010110
100000101110000011000000000000000000000000000000000000000000000010011110101000101101010011010110
001110001111111110000000000000000000000000000000000000000000000010011110101000101101010011010110
010100001011010000000000000000000000000000000000000000000000000010011110101000101101010011010110
101110111111000110000000000000000000000000000000000000000000000010011110101000101101010011010110
000010001101010000000000000000000000000000000000000000000000000010011110101000101101010011010110
000011110110001101000000000000000000000000000000000000000000000010011110101000101101010011010110
100000000010010001000000000000000000000000000000000000000000000010011110101000101101010011010110
011011100100011111000000000000000000000000000000000000000000000010011110101000101101010011010110
000010100110111100000000000000000000000000000000000000000000000010011110101000101101010011010110
000011110111100111000000000000000000000000000000000000000000000010011110101000101101010011010110
001010011101110011000000000000000000000000000000000000000000000010011110101000101101010011010110
110001110000000110000000000000000000000000000000000000000000000010011110101000101101010011010110
111100110011100011000000000000000000000000000000000000000000000010011110101000101101010011010110
110001010101110100000000000000000000000000000000000000000000000010011110101000101101010011010110
001101110100100111000000000000000000000000000000000000000000000010011110101000101101010011010110
111001011000001011000000000000000000000000000000000000000000000010011110101000101101010011010110
111111000010010000000000000000000000000000000000000000000000000010011110101000101101010011010110
010000000001001000100000000000000000000000000000000000000000000010011110101000101101010011010110
101001000110100000000000000000000000000000000000000000000000000010011110101000101101010011010110
110101110011100011000000000000000000000000000000000000000000000010011110101000101101010011010110
101101010101001000100000000000000000000000000000000000000000000010011110101000101101010011010110
100001100001000111000000000000000000000000000000000000000000000010011110101000101101010011010110
111000111000100001000000000000000000000000000000000000000000000010011110101000101101010011010110
101001101101110000100000000000000000000000000000000000000000000010011110101000101101010011010110
110001111100001001000000000000000000000000000000000000000000000010011110101000101101010011010110
111110001111010100000000000000000000000000000000000000000000000010011110101000101101010011010110
101110010011111000000000000000000000000000000000000000000000000010011110101000101101010011010110
110001111110000100100000000000000000000000000000000000000000000010011110101000101101010011010110
101110000100011110000000000000000000000000000000000000000000000010011110101000101101010011010110
011001100001000010000000000000000000000000000000000000000000000010011110101000101101010011010110
010110000011000001000000000000000000000000000000000000000000000010011110101000101101010011010110
010100101101111110000000000000000000000000000000000000000000000010011110101000101101010011010110
001011001001100000000000000000000000000000000000000000000000000010011110101000101101010011010110
010010011111110000100000000000000000000000000000000000000000000010011110101000101101010011010110
011100001101110010000000000000000000000000000000000000000000000010011110101000101101010011010110
101100101001110011000000000000000000000000000000000000000000000010011110101000101101010011010110
000100111000011101000000000000000000000000000000000000000000000010011110101000101101010011010110
010001101111000011000000000000000000000000000000000000000000000010011110101000101101010011010110
101010100101111110000000000000000000000000000000000000000000000010011110101000101101010011010110
011100010101001110000000000000000000000000000000000000000000000010011110101000101101010011010110
101000011001110100000000000000000000000000000000000000000000000010011110101000101101010011010110
011100100100111010000000000000000000000000000000000000000000000010011110101000101101010011010110
100000011101100011000000000000000000000000000000000000000000000010011110101000101101010011010110
111110000110000111000000000000000000000000000000000000000000000010011110101000101101010011010110
001010010111000111000000000000000000000000000000000000000000000010011110101000101101010011010110
100100011011011000000000000000000000000000000000000000000000000010011110101000101101010011010110
110110000101101100000000000000000000000000000000000000000000000010011110101000101101010011010110
100010100111000111000000000000000000000000000000000000000000000010011110101000101101010011010110
111100110100000000100000000000000000000000000000000000000000000010011110101000101101010011010110
111100111011001010000000000000000000000000000000000000000000000010011110101000101101010011010110
001111000001100000100000000000000000000000000000000000000000000010011110101000101101010011010110
110011001011011110000000000000000000000000000000000000000000000010011110101000101101010011010110
001111100001110001000000000000000000000000000000000000000000000010011110101000101101010011010110
000101001111110101000000000000000000000000000000000000000000000010011110101000101101010011010110
010010100111101001000000000000000000000000000000000000000000000010011110101000101101010011010110
110111101001011101000000000000000000000000000000000000000000000010011110101000101101010011010110
101110011000100111000000000000000000000000000000000000000000000010011110101000101101010011010110
101110110000111111000000000000000000000000000000000000000000000010011110101000101101010011010110
010010000011111100000000000000000000000000000000000000000000000010011110101000101101010011010110
100110000000000101000000000000000000000000000000000000000000000010011110101000101101010011010110
110110100111010110000000000000000000000000000000000000000000000010011110101000101101010011010110
101110111010010000100000000000000000000000000000000000000000000010011110101000101101010011010110
011010100001110011000000000000000000000000000000000000000000000010011110101000101101010011010110
011101100011010101000000000000000000000000000000000000000000000010011110101000101101010011010110
110001110100000010000000000000000000000000000000000000000000000010011110101000101101010011010110
010111101011010000000000000000000000000000000000000000000000000010011110101000101101010011010110
111010110110101000000000000000000000000000000000000000000000000010011110101000101101010011010110
010000100111010001000000000000000000000000000000000000000000000010011110101000101101010011010110
100110101011001101000000000000000000000000000000000000000000000010011110101000101101010011010110
101010100001101111000000000000000000000000000000000000000000000010011110101000101101010011010110
101001001011001101000000000000000000000000000000000000000000000010011110101000101101010011010110
100011101111000100000000000000000000000000000000000000000000000010011110101000101101010011010110
010000101011010111000000000000000000000000000000000000000000000010011110101000101101010011010110
110010010101111101000000000000000000000000000000000000000000000010011110101000101101010011010110
101100011110001000000000000000000000000000000000000000000000000010011110101000101101010011010110
100010111110100101000000000000000000000000000000000000000000000010011110101000101101010011010110
011010010111111100000000000000000000000000000000000000000000000010011110101000101101010011010110
111001110011110000000000000000000000000000000000000000000000000010011110101000101101010011010110
101111011000001111000000000000000000000000000000000000000000000010011110101000101101010011010110
100100100010011000000000000000000000000000000000000000000000000010011110101000101101010011010110
101101111011010010000000000000000000000000000000000000000000000010011110101000101101010011010110
010101010111011100000000000000000000000000000000000000000000000010011110101000101101010011010110
011011011101010011000000000000000000000000000000000000000000000010011110101000101101010011010110
001001100000010110000000000000000000000000000000000000000000000010011110101000101101010011010110
111111111010000010000000000000000000000000000000000000000000000010011110101000101101010011010110
010110010100100100000000000000000000000000000000000000000000000010011110101000101101010011010110
101101100011010110000000000000000000000000000000000000000000000010011110101000101101010011010110
010100011110011110000000000000000000000000000000000000000000000010011110101000101101010011010110
111111110111110001000000000000000000000000000000000000000000000010011110101000101101010011010110
101001010011000111000000000000000000000000000000000000000000000010011110101000101101010011010110
011011100110001101000000000000000000000000000000000000000000000010011110101000101101010011010110
010101111110111111000000000000000000000000000000000000000000000010011110101000101101010011010110
001110000110000110000000000000000000000000000000000000000000000010011110101000101101010011010110
100010100011010010000000000000000000000000000000000000000000000010011110101000101101010011010110
001110010101001000100000000000000000000000000000000000000000000010011110101000101101010011010110
101111001011010101000000000000000000000000000000000000000000000010011110101000101101010011010110
010011000101001110000000000000000000000000000000000000000000000010011110101000101101010011010110
010100000001110111000000000000000000000000000000000000000000000010011110101000101101010011010110
111010011010110100000000000000000000000000000000000000000000000010011110101000101101010011010110
101000010011010010000000000000000000000000000000000000000000000010011110101000101101010011010110
010100010011000100000000000000000000000000000000000000000000000010011110101000101101010011010110
000111010110011000100000000000000000000000000000000000000000000010011110101000101101010011010110
011010101100011110000000000000000000000000000000000000000000000010011110101000101101010011010110
010010010111010000000000000000000000000000000000000000000000000010011110101000101101010011010110
000010001110000100000000000000000000000000000000000000000000000010011110101000101101010011010110
011101011110101101000000000000000000000000000000000000000000000010011110101000101101010011010110
110000100011100000000000000000000000000000000000000000000000000010011110101000101101010011010110
110101010111110000100000000000000000000000000000000000000000000010011110101000101101010011010110
111001110111111000100000000000000000000000000000000000000000000010011110101000101101010011010110
011000100101001001000000000000000000000000000000000000000000000010011110101000101101010011010110
011110101010110011000000000000000000000000000000000000000000000010011110101000101101010011010110
101111010001011011000000000000000000000000000000000000000000000010011110101000101101010011010110
111111110111000011000000000000000000000000000000000000000000000010011110101000101101010011010110
010110000010100101000000000000000000000000000000000000000000000010011110101000101101010011010110
010101011100011101000000000000000000000000000000000000000000000010011110101000101101010011010110
000101011001101011000000000000000000000000000000000000000000000010011110101000101101010011010110
100011111111010011000000000000000000000000000000000000000000000010011110101000101101010011010110
000011001101001111000000000000000000000000000000000000000000000010011110101000101101010011010110
010000001001100011000000000000000000000000000000000000000000000010011110101000101101010011010110
000001101011100100000000000000000000000000000000000000000000000010011110101000101101010011010110
000110110010101010000000000000000000000000000000000000000000000010011110101000101101010011010110
101100111101000101000000000000000000000000000000000000000000000010011110101000101101010011010110
010110101110010001000000000000000000000000000000000000000000000010011110101000101101010011010110
011010000000110101000000000000000000000000000000000000000000000010011110101000101101010011010110
001000011000101011000000000000000000000000000000000000000000000010011110101000101101010011010110
000100100110010111000000000000000000000000000000000000000000000010011110101000101101010011010110
101101011000101100000000000000000000000000000000000000000000000010011110101000101101010011010110
010000111101011000000000000000000000000000000000000000000000000010011110101000101101010011010110
011110000100000110000000000000000000000000000000000000000000000010011110101000101101010011010110
101011001000011010000000000000000000000000000000000000000000000010011110101000101101010011010110
101100101100111101000000000000000000000000000000000000000000000010011110101000101101010011010110
111111000000110001000000000000000000000000000000000000000000000010011110101000101101010011010110
101100110100000001000000000000000000000000000000000000000000000010011110101000101101010011010110
100100110011101001000000000000000000000000000000000000000000000010011110101000101101010011010110
110010101110010010000000000000000000000000000000000000000000000010011110101000101101010011010110
100111100011010011000000000000000000000000000000000000000000000010011110101000101101010011010110
011111011000000100100000000000000000000000000000000000000000000010011110101000101101010011010110
110111001110110001000000000000000000000000000000000000000000000010011110101000101101010011010110
010110001011101101000000000000000000000000000000000000000000000010011110101000101101010011010110
100101111010111001000000000000000000000000000000000000000000000010011110101000101101010011010110
000100111100000101000000000000000000000000000000000000000000000010011110101000101101010011010110
000011001111100100000000000000000000000000000000000000000000000010011110101000101101010011010110
101010100100010011000000000000000000000000000000000000000000000010011110101000101101010011010110
101000000100101010000000000000000000000000000000000000000000000010011110101000101101010011010110
111110111111100010000000000000000000000000000000000000000000000010011110101000101101010011010110
110101110100100101000000000000000000000000000000000000000000000010011110101000101101010011010110
111010101011011010000000000000000000000000000000000000000000000010011110101000101101010011010110
100110011111101110000000000000000000000000000000000000000000000010011110101000101101010011010110
000100001000101000000000000000000000000000000000000000000000000010011110101000101101010011010110
111101101111010100000000000000000000000000000000000000000000000010011110101000101101010011010110
010000011101111000100000000000000000000000000000000000000000000010011110101000101101010011010110
000011111110001011000000000000000000000000000000000000000000000010011110101000101101010011010110
101100001001101110000000000000000000000000000000000000000000000010011110101000101101010011010110
001000101001100110000000000000000000000000000000000000000000000010011110101000101101010011010110
110011011111000100100000000000000000000000000000000000000000000010011110101000101101010011010110
101111100000010101000000000000000000000000000000000000000000000010011110101000101101010011010110
100101011010000100000000000000000000000000000000000000000000000010011110101000101101010011010110
000010010100111100000000000000000000000000000000000000000000000010011110101000101101010011010110
000101011001110000000000000000000000000000000000000000000000000010011110101000101101010011010110
000110001110100110000000000000000000000000000000000000000000000010011110101000101101010011010110
011110100010000011000000000000000000000000000000000000000000000010011110101000101101010011010110
010100110001000100100000000000000000000000000000000000000000000010011110101000101101010011010110
100101110001011010000000000000000000000000000000000000000000000010011110101000101101010011010110
011101000011000011000000000000000000000000000000000000000000000010011110101000101101010011010110
101100101101011100000000000000000000000000000000000000000000000010011110101000101101010011010110
100001001101101010000000000000000000000000000000000000000000000010011110101000101101010011010110
111110010011000011000000000000000000000000000000000000000000000010011110101000101101010011010110
100010010100110000000000000000000000000000000000000000000000000010011110101000101101010011010110
100010000011011010000000000000000000000000000000000000000000000010011110101000101101010011010110
011111111000000111000000000000000000000000000000000000000000000010011110101000101101010011010110
110111000111001010000000000000000000000000000000000000000000000010011110101000101101010011010110
010111111001001110000000000000000000000000000000000000000000000010011110101000101101010011010110
000110111100111110000000000000000000000000000000000000000000000010011110101000101101010011010110
010001100011011000100000000000000000000000000000000000000000000010011110101000101101010011010110
001010100010011010000000000000000000000000000000000000000000000010011110101000101101010011010110
000101110100001000100000000000000000000000000000000000000000000010011110101000101101010011010110
101001011001001001000000000000000000000000000000000000000000000010011110101000101101010011010110
001100101000000100100000000000000000000000000000000000000000000010011110101000101101010011010110
101110010000101101000000000000000000000000000000000000000000000010011110101000101101010011010110
100110100000000010000000000000000000000000000000000000000000000010011110101000101101010011010110
100101111110111110000000000000000000000000000000000000000000000010011110101000101101010011010110
001010110111100011000000000000000000000000000000000000000000000010011110101000101101010011010110
110010101101011000100000000000000000000000000000000000000000000010011110101000101101010011010110
110000011001011000000000000000000000000000000000000000000000000010011110101000101101010011010110
011110000100100111000000000000000000000000000000000000000000000010011110101000101101010011010110
100001010000011110000000000000000000000000000000000000000000000010011110101000101101010011010110
111011001011001101000000000000000000000000000000000000000000000010011110101000101101010011010110
110000110100100011000000000000000000000000000000000000000000000010011110101000101101010011010110
101010100110111010000000000000000000000000000000000000000000000010011110101000101101010011010110
101100010011111100000000000000000000000000000000000000000000000010011110101000101101010011010110
101011000111010000100000000000000000000000000000000000000000000010011110101000101101010011010110
110110001010101011000000000000000000000000000000000000000000000010011110101000101101010011010110
011100001110110101000000000000000000000000000000000000000000000010011110101000101101010011010110
011110100001111111000000000000000000000000000000000000000000000010011110101000101101010011010110
000100001111000110000000000000000000000000000000000000000000000010011110101000101101010011010110
101011011100111100000000000000000000000000000000000000000000000010011110101000101101010011010110
110011011111100001000000000000000000000000000000000000000000000010011110101000101101010011010110
100101000101000000100000000000000000000000000000000000000000000010011110101000101101010011010110
000011111101110000000000000000000000000000000000000000000000000010011110101000101101010011010110
100111011000011000100000000000000000000000000000000000000000000010011110101000101101010011010110
100100011111000100000000000000000000000000000000000000000000000010011110101000101101010011010110
001010101000100000100000000000000000000000000000000000000000000010011110101000101101010011010110
101110011110110000000000000000000000000000000000000000000000000010011110101000101101010011010110
011111101000011101000000000000000000000000000000000000000000000010011110101000101101010011010110
010000111010110011000000000000000000000000000000000000000000000010011110101000101101010011010110
010111010001011100000000000000000000000000000000000000000000000010011110101000101101010011010110
001010010001111010000000000000000000000000000000000000000000000010011110101000101101010011010110
100110001111100101000000000000000000000000000000000000000000000010011110101000101101010011010110
000101001100010010000000000000000000000000000000000000000000000010011110101000101101010011010110
001010101010111100000000000000000000000000000000000000000000000010011110101000101101010011010110
001100110010011100000000000000000000000000000000000000000000000010011110101000101101010011010110
101000001010011000000000000000000000000000000000000000000000000010011110101000101101010011010110
100010111111100010000000000000000000000000000000000000000000000010011110101000101101010011010110
111000110001100100000000000000000000000000000000000000000000000010011110101000101101010011010110
111011010010010100000000000000000000000000000000000000000000000010011110101000101101010011010110
001011110101111000000000000000000000000000000000000000000000000010011110101000101101010011010110
111010010000000111000000000000000000000000000000000000000000000010011110101000101101010011010110
011000100111101110000000000000000000000000000000000000000000000010011110101000101101010011010110
100110011010110011000000000000000000000000000000000000000000000010011110101000101101010011010110
011100011110001111000000000000000000000000000000000000000000000010011110101000101101010011010110
100010001100000100000000000000000000000000000000000000000000000010011110101000101101010011010110
010110000100110000100000000000000000000000000000000000000000000010011110101000101101010011010110
000010111110011101000000000000000000000000000000000000000000000010011110101000101101010011010110
000100111111100011000000000000000000000000000000000000000000000010011110101000101101010011010110
011010000111001010000000000000000000000000000000000000000000000010011110101000101101010011010110
111000001110011100000000000000000000000000000000000000000000000010011110101000101101010011010110
101110010001100100000000000000000000000000000000000000000000000010011110101000101101010011010110
101100110101100111000000000000000000000000000000000000000000000010011110101000101101010011010110
010100111111010001000000000000000000000000000000000000000000000010011110101000101101010011010110
010001101111010000100000000000000000000000000000000000000000000010011110101000101101010011010110
111101110000101011000000000000000000000000000000000000000000000010011110101000101101010011010110
001100000100000110000000000000000000000000000000000000000000000010011110101000101101010011010110
101111011101001000100000000000000000000000000000000000000000000010011110101000101101010011010110
110011111100000011000000000000000000000000000000000000000000000010011110101000101101010011010110
101000110000110000000000000000000000000000000000000000000000000010011110101000101101010011010110
011010101000100001000000000000000000000000000000000000000000000010011110101000101101010011010110
000110100000010000000000000000000000000000000000000000000000000010011110101000101101010011010110
110111100111100100000000000000000000000000000000000000000000000010011110101000101101010011010110
110001101011111101000000000000000000000000000000000000000000000010011110101000101101010011010110
000101100001010000000000000000000000000000000000000000000000000010011110101000101101010011010110
111100011001010100000000000000000000000000000000000000000000000010011110101000101101010011010110
110000101111111100000000000000000000000000000000000000000000000010011110101000101101010011010110
101111111000001001000000000000000000000000000000000000000000000010011110101000101101010011010110
100011101101010011000000000000000000000000000000000000000000000010011110101000101101010011010110
000001000001010101000000000000000000000000000000000000000000000010011110101000101101010011010110
011100010000001010000000000000000000000000000000000000000000000010011110101000101101010011010110
001101000100110101000000000000000000000000000000000000000000000010011110101000101101010011010110
100010110100000000100000000000000000000000000000000000000000000010011110101000101101010011010110
110100101011110110000000000000000000000000000000000000000000000010011110101000101101010011010110
000010011101100100000000000000000000000000000000000000000000000010011110101000101101010011010110
001111101011001011000000000000000000000000000000000000000000000010011110101000101101010011010110
110110010110001000100000000000000000000000000000000000000000000010011110101000101101010011010110
100111000100011001000000000000000000000000000000000000000000000010011110101000101101010011010110
101110100001110001000000000000000000000000000000000000000000000010011110101000101101010011010110
010100111001110101000000000000000000000000000000000000000000000010011110101000101101010011010110
110001001011010110000000000000000000000000000000000000000000000010011110101000101101010011010110
100101000110001111000000000000000000000000000000000000000000000010011110101000101101010011010110
001101111000010010000000000000000000000000000000000000000000000010011110101000101101010011010110
011010111100110001000000000000000000000000000000000000000000000010011110101000101101010011010110
100000000011101001000000000000000000000000000000000000000000000010011110101000101101010011010110
110000001111001011000000000000000000000000000000000000000000000010011110101000101101010011010110
000010110110010101000000000000000000000000000000000000000000000010011110101000101101010011010110
000011000100100010000000000000000000000000000000000000000000000010011110101000101101010011010110
101000100010101101000000000000000000000000000000000000000000000010011110101000101101010011010110
111010100010110110000000000000000000000000000000000000000000000010011110101000101101010011010110
000101100000001001000000000000000000000000000000000000000000000010011110101000101101010011010110
011110111011010111000000000000000000000000000000000000000000000010011110101000101101010011010110
110101000110000011000000000000000000000000000000000000000000000010011110101000101101010011010110
110101000011000110000000000000000000000000000000000000000000000010011110101000101101010011010110
010010000001011000100000000000000000000000000000000000000000000010011110101000101101010011010110
010011011101000001000000000000000000000000000000000000000000000010011110101000101101010011010110
010000101000000011000000000000000000000000000000000000000000000010011110101000101101010011010110
000111111001101001000000000000000000000000000000000000000000000010011110101000101101010011010110
000001001101011110000000000000000000000000000000000000000000000010011110101000101101010011010110
011111001111110001000000000000000000000000000000000000000000000010011110101000101101010011010110
001010111011110010000000000000000000000000000000000000000000000010011110101000101101010011010110
001101011000101111000000000000000000000000000000000000000000000010011110101000101101010011010110
011110000011000010000000000000000000000000000000000000000000000010011110101000101101010011010110
100010111101000000100000000000000000000000000000000000000000000010011110101000101101010011010110
101001011010010100000000000000000000000000000000000000000000000010011110101000101101010011010110
010101100000111110000000000000000000000000000000000000000000000010011110101000101101010011010110
001001101011100101000000000000000000000000000000000000000000000010011110101000101101010011010110
111101100000000011000000000000000000000000000000000000000000000010011110101000101101010011010110
010110000010100110000000000000000000000000000000000000000000000010011110101000101101010011010110
011001010111111011000000000000000000000000000000000000000000000010011110101000101101010011010110
111010011011111010000000000000000000000000000000000000000000000010011110101000101101010011010110
011010101110010010000000000000000000000000000000000000000000000010011110101000101101010011010110
011100001001101010000000000000000000000000000000000000000000000010011110101000101101010011010110
011100111001001000100000000000000000000000000000000000000000000010011110101000101101010011010110
110011100101110001000000000000000000000000000000000000000000000010011110101000101101010011010110
010001011001111011000000000000000000000000000000000000000000000010011110101000101101010011010110
010100110100100100000000000000000000000000000000000000000000000010011110101000101101010011010110
010001100010010001000000000000000000000000000000000000000000000010011110101000101101010011010110
011000001011111001000000000000000000000000000000000000000000000010011110101000101101010011010110
110010000011100001000000000000000000000000000000000000000000000010011110101000101101010011010110
010100100001011110000000000000000000000000000000000000000000000010011110101000101101010011010110
110110110111000010000000000000000000000000000000000000000000000010011110101000101101010011010110
011000000100100101000000000000000000000000000000000000000000000010011110101000101101010011010110
010000001110111000000000000000000000000000000000000000000000000010011110101000101101010011010110
111101100101010100000000000000000000000000000000000000000000000010011110101000101101010011010110
001111011000000110000000000000000000000000000000000000000000000010011110101000101101010011010110
111001000110001101000000000000000000000000000000000000000000000010011110101000101101010011010110
101100011101000101000000000000000000000000000000000000000000000010011110101000101101010011010110
111011110101001101000000000000000000000000000000000000000000000010011110101000101101010011010110
110101100010011100000000000000000000000000000000000000000000000010011110101000101101010011010110
101000001110111000100000000000000000000000000000000000000000000010011110101000101101010011010110
010110111101111011000000000000000000000000000000000000000000000010011110101000101101010011010110
111100000101101000100000000000000000000000000000000000000000000010011110101000101101010011010110
000111101100010111000000000000000000000000000000000000000000000010011110101000101101010011010110
010011101101101100000000000000000000000000000000000000000000000010011110101000101101010011010110
111100000110001100000000000000000000000000000000000000000000000010011110101000101101010011010110
001111010111010011000000000000000000000000000000000000000000000010011110101000101101010011010110
010100011011100010000000000000000000000000000000000000000000000010011110101000101101010011010110
111010110010011010000000000000000000000000000000000000000000000010011110101000101101010011010110
101101010111101111000000000000000000000000000000000000000000000010011110101000101101010011010110
010001001001110001000000000000000000000000000000000000000000000010011110101000101101010011010110
101111001000010000000000000000000000000000000000000000000000000010011110101000101101010011010110
110110101101100000100000000000000000000000000000000000000000000010011110101000101101010011010110
110001010011100000100000000000000000000000000000000000000000000010011110101000101101010011010110
000111110110010110000000000000000000000000000000000000000000000010011110101000101101010011010110
000000001111111000000000000000000000000000000000000000000000000010011110101000101101010011010110
111110111011000101000000000000000000000000000000000000000000000010011110101000101101010011010110
101101001011011011000000000000000000000000000000000000000000000010011110101000101101010011010110
000000100010011001000000000000000000000000000000000000000000000010011110101000101101010011010110
101001101010011001000000000000000000000000000000000000000000000010011110101000101101010011010110
100100010110001110000000000000000000000000000000000000000000000010011110101000101101010011010110
000001101101101001000000000000000000000000000000000000000000000010011110101000101101010011010110
111011111010001110000000000000000000000000000000000000000000000010011110101000101101010011010110
101111101001101000100000000000000000000000000000000000000000000010011110101000101101010011010110
000100101000101001000000000000000000000000000000000000000000000010011110101000101101010011010110
000101110101101110000000000000000000000000000000000000000000000010011110101000101101010011010110
011011001011001110000000000000000000000000000000000000000000000010011110101000101101010011010110
111101000111001011000000000000000000000000000000000000000000000010011110101000101101010011010110
100111111011011111000000000000000000000000000000000000000000000010011110101000101101010011010110
010110011100011011000000000000000000000000000000000000000000000010011110101000101101010011010110
010001011011011110000000000000000000000000000000000000000000000010011110101000101101010011010110
101101100101101001000000000000000000000000000000000000000000000010011110101000101101010011010110
000101111111110110000000000000000000000000000000000000000000000010011110101000101101010011010110
100010001111011000100000000000000000000000000000000000000000000010011110101000101101010011010110
110110100111111011000000000000000000000000000000000000000000000010011110101000101101010011010110
010100110001011010000000000000000000000000000000000000000000000010011110101000101101010011010110
111010001011110000100000000000000000000000000000000000000000000010011110101000101101010011010110
101001001101000100000000000000000000000000000000000000000000000010011110101000101101010011010110
001111110011100110000000000000000000000000000000000000000000000010011110101000101101010011010110
111111010110100111000000000000000000000000000000000000000000000010011110101000101101010011010110
110011011110000011000000000000000000000000000000000000000000000010011110101000101101010011010110
101001100011001001000000000000000000000000000000000000000000000010011110101000101101010011010110
110101101011011111000000000000000000000000000000000000000000000010011110101000101101010011010110
100100000010111010000000000000000000000000000000000000000000000010011110101000101101010011010110
100001001111000000100000000000000000000000000000000000000000000010011110101000101101010011010110
111001010011111100000000000000000000000000000000000000000000000010011110101000101101010011010110
011111110011100010000000000000000000000000000000000000000000000010011110101000101101010011010110
001010100010111101000000000000000000000000000000000000000000000010011110101000101101010011010110
101001110100110010000000000000000000000000000000000000000000000010011110101000101101010011010110
111100000110010001000000000000000000000000000000000000000000000010011110101000101101010011010110
111101000101111000000000000000000000000000000000000000000000000010011110101000101101010011010110
010001001101001000000000000000000000000000000000000000000000000010011110101000101101010011010110
010000110100011101000000000000000000000000000000000000000000000010011110101000101101010011010110
110111000011110101000000000000000000000000000000000000000000000010011110101000101101010011010110
110111110001101100000000000000000000000000000000000000000000000010011110101000101101010011010110
000010001111000111000000000000000000000000000000000000000000000010011110101000101101010011010110
011111011111110010000000000000000000000000000000000000000000000010011110101000101101010011010110
111100010000100111000000000000000000000000000000000000000000000010011110101000101101010011010110
100000110001111000100000000000000000000000000000000000000000000010011110101000101101010011010110
000101110010100111000000000000000000000000000000000000000000000010011110101000101101010011010110
111001100011110011000000000000000000000000000000000000000000000010011110101000101101010011010110
011111000010111111000000000000000000000000000000000000000000000010011110101000101101010011010110
000010010000101101000000000000000000000000000000000000000000000010011110101000101101010011010110
100011100101010011000000000000000000000000000000000000000000000010011110101000101101010011010110
001100010110010101000000000000000000000000000000000000000000000010011110101000101101010011010110
001010001000111001000000000000000000000000000000000000000000000010011110101000101101010011010110
000000100110000101000000000000000000000000000000000000000000000010011110101000101101010011010110
010001011101010111000000000000000000000000000000000000000000000010011110101000101101010011010110
111010101101110001000000000000000000000000000000000000000000000010011110101000101101010011010110
000001101100000100000000000000000000000000000000000000000000000010011110101000101101010011010110
011101101101111001000000000000000000000000000000000000000000000010011110101000101101010011010110
001011010001110000100000000000000000000000000000000000000000000010011110101000101101010011010110
110010001110111110000000000000000000000000000000000000000000000010011110101000101101010011010110
001001100011000010000000000000000000000000000000000000000000000010011110101000101101010011010110
001110110001101110000000000000000000000000000000000000000000000010011110101000101101010011010110
011100011111010110000000000000000000000000000000000000000000000010011110101000101101010011010110
010110011101010111000000000000000000000000000000000000000000000010011110101000101101010011010110
000110001000101000100000000000000000000000000000000000000000000010011110101000101101010011010110
111100110000010100000000000000000000000000000000000000000000000010011110101000101101010011010110
010111100110001011000000000000000000000000000000000000000000000010011110101000101101010011010110
101110011110101100000000000000000000000000000000000000000000000010011110101000101101010011010110
111011001101110000000000000000000000000000000000000000000000000010011110101000101101010011010110
111000011010010000100000000000000000000000000000000000000000000010011110101000101101010011010110
110111101010010001000000000000000000000000000000000000000000000010011110101000101101010011010110
000110001110110000000000000000000000000000000000000000000000000010011110101000101101010011010110
011101000001010000100000000000000000000000000000000000000000000010011110101000101101010011010110
011110100000101101000000000000000000000000000000000000000000000010011110101000101101010011010110
011010000110010110000000000000000000000000000000000000000000000010011110101000101101010011010110
110110111101010010000000000000000000000000000000000000000000000010011110101000101101010011010110
110101111111011000000000000000000000000000000000000000000000000010011110101000101101010011010110
100110110110111111000000000000000000000000000000000000000000000010011110101000101101010011010110
010001010001100000000000000000000000000000000000000000000000000010011110101000101101010011010110
101110100011111110000000000000000000000000000000000000000000000010011110101000101101010011010110
001001011001110001000000000000000000000000000000000000000000000010011110101000101101010011010110
001001010100110001000000000000000000000000000000000000000000000010011110101000101101010011010110
100110100111001110000000000000000000000000000000000000000000000010011110101000101101010011010110
011100101011101100000000000000000000000000000000000000000000000010011110101000101101010011010110
010011100000010001000000000000000000000000000000000000000000000010011110101000101101010011010110
110000100011011101000000000000000000000000000000000000000000000010011110101000101101010011010110
111101010111110110000000000000000000000000000000000000000000000010011110101000101101010011010110
010101000101110100000000000000000000000000000000000000000000000010011110101000101101010011010110
011101110110110000100000000000000000000000000000000000000000000010011110101000101101010011010110
110110100011111001000000000000000000000000000000000000000000000010011110101000101101010011010110
011011100011101000000000000000000000000000000000000000000000000010011110101000101101010011010110
010110101001001010000000000000000000000000000000000000000000000010011110101000101101010011010110
000000011010001011000000000000000000000000000000000000000000000010011110101000101101010011010110
011000011000010010000000000000000000000000000000000000000000000010011110101000101101010011010110
101110000100001011000000000000000000000000000000000000000000000010011110101000101101010011010110
001111111110010000100000000000000000000000000000000000000000000010011110101000101101010011010110
001000001100101111000000000000000000000000000000000000000000000010011110101000101101010011010110
000111110100110110000000000000000000000000000000000000000000000010011110101000101101010011010110
111101111111100000100000000000000000000000000000000000000000000010011110101000101101010011010110
010011111000111010000000000000000000000000000000000000000000000010011110101000101101010011010110
100001101101001110000000000000000000000000000000000000000000000010011110101000101101010011010110
001000011111101101000000000000000000000000000000000000000000000010011110101000101101010011010110
010011001000011010000000000000000000000000000000000000000000000010011110101000101101010011010110
100110011001111110000000000000000000000000000000000000000000000010011110101000101101010011010110
101001001110001001000000000000000000000000000000000000000000000010011110101000101101010011010110
100110111101110100000000000000000000000000000000000000000000000010011110101000101101010011010110
110000111101011111000000000000000000000000000000000000000000000010011110101000101101010011010110
101100000000001110000000000000000000000000000000000000000000000010011110101000101101010011010110
010010110101011000100000000000000000000000000000000000000000000010011110101000101101010011010110
001010110001010101000000000000000000000000000000000000000000000010011110101000101101010011010110
110110110100110111000000000000000000000000000000000000000000000010011110101000101101010011010110
001110000111110100000000000000000000000000000000000000000000000010011110101000101101010011010110
001010011000010011000000000000000000000000000000000000000000000010011110101000101101010011010110
111110111100011101000000000000000000000000000000000000000000000010011110101000101101010011010110
011100000011001000100000000000000000000000000000000000000000000010011110101000101101010011010110
001110101101111101000000000000000000000000000000000000000000000010011110101000101101010011010110
011100100110100010000000000000000000000000000000000000000000000010011110101000101101010011010110
010000111100111010000000000000000000000000000000000000000000000010011110101000101101010011010110
010000010111111001000000000000000000000000000000000000000000000010011110101000101101010011010110
000110000000011010000000000000000000000000000000000000000000000010011110101000101101010011010110
110110101110010101000000000000000000000000000000000000000000000010011110101000101101010011010110
100011001100010000000000000000000000000000000000000000000000000010011110101000101101010011010110
001011000101010110000000000000000000000000000000000000000000000010011110101000101101010011010110
010111001001010100000000000000000000000000000000000000000000000010011110101000101101010011010110
100101100100001001000000000000000000000000000000000000000000000010011110101000101101010011010110
110101011000000101000000000000000000000000000000000000000000000010011110101000101101010011010110
000000001001100110000000000000000000000000000000000000000000000010011110101000101101010011010110
110111000000110101000000000000000000000000000000000000000000000010011110101000101101010011010110
010111001001111001000000000000000000000000000000000000000000000010011110101000101101010011010110
000010011001011111000000000000000000000000000000000000000000000010011110101000101101010011010110
111110011110110101000000000000000000000000000000000000000000000010011110101000101101010011010110
000111010101011110000000000000000000000000000000000000000000000010011110101000101101010011010110
110000010111100011000000000000000000000000000000000000000000000010011110101000101101010011010110
100101001101000011000000000000000000000000000000000000000000000010011110101000101101010011010110
111001101011001010000000000000000000000000000000000000000000000010011110101000101101010011010110
111011000011101000000000000000000000000000000000000000000000000010011110101000101101010011010110
101110001101000011000000000000000000000000000000000000000000000010011110101000101101010011010110
101011101110100000100000000000000000000000000000000000000000000010011110101000101101010011010110
101010110001011100000000000000000000000000000000000000000000000010011110101000101101010011010110
010111010110001000100000000000000000000000000000000000000000000010011110101000101101010011010110
100000110110110111000000000000000000000000000000000000000000000010011110101000101101010011010110
101110001000000101000000000000000000000000000000000000000000000010011110101000101101010011010110
001111011011010000000000000000000000000000000000000000000000000010011110101000101101010011010110
011111011100110011000000000000000000000000000000000000000000000010011110101000101101010011010110
100011010000110110000000000000000000000000000000000000000000000010011110101000101101010011010110
100010011001000010000000000000000000000000000000000000000000000010011110101000101101010011010110
001000000011111101000000000000000000000000000000000000000000000010011110101000101101010011010110
110101010000111101000000000000000000000000000000000000000000000010011110101000101101010011010110
100101101111110011000000000000000000000000000000000000000000000010011110101000101101010011010110
101110010011111000100000000000000000000000000000000000000000000010011110101000101101010011010110
001101011011101011000000000000000000000000000000000000000000000010011110101000101101010011010110
111101101111100101000000000000000000000000000000000000000000000010011110101000101101010011010110
111100001011000100100000000000000000000000000000000000000000000010011110101000101101010011010110
001100101011000000100000000000000000000000000000000000000000000010011110101000101101010011010110
001111101001001111000000000000000000000000000000000000000000000010011110101000101101010011010110
000001001101111100000000000000000000000000000000000000000000000010011110101000101101010011010110
000000011110001000000000000000000000000000000000000000000000000010011110101000101101010011010110
110110111101011000000000000000000000000000000000000000000000000010011110101000101101010011010110
101000010010001101000000000000000000000000000000000000000000000010011110101000101101010011010110
100101010011011111000000000000000000000000000000000000000000000010011110101000101101010011010110
001000100110000000000000000000000000000000000000000000000000000010011110101000101101010011010110
100001111001011000100000000000000000000000000000000000000000000010011110101000101101010011010110
000010101110101101000000000000000000000000000000000000000000000010011110101000101101010011010110
000001000001011010000000000000000000000000000000000000000000000010011110101000101101010011010110
000101101000101000100000000000000000000000000000000000000000000010011110101000101101010011010110
010111111001001000100000000000000000000000000000000000000000000010011110101000101101010011010110
000100111000001010000000000000000000000000000000000000000000000010011110101000101101010011010110
000110111011100000000000000000000000000000000000000000000000000010011110101000101101010011010110
110111001000011110000000000000000000000000000000000000000000000010011110101000101101010011010110
000010000100011001000000000000000000000000000000000000000000000010011110101000101101010011010110
110011000010000101000000000000000000000000000000000000000000000010011110101000101101010011010110
111000101101100000000000000000000000000000000000000000000000000010011110101000101101010011010110
000100111010010000100000000000000000000000000000000000000000000010011110101000101101010011010110
011101110100000100100000000000000000000000000000000000000000000010011110101000101101010011010110
101011111101100000100000000000000000000000000000000000000000000010011110101000101101010011010110
000011110110000100000000000000000000000000000000000000000000000010011110101000101101010011010110
111101000101101011000000000000000000000000000000000000000000000010011110101000101101010011010110
100100000001000000100000000000000000000000000000000000000000000010011110101000101101010011010110
110100110101111110000000000000000000000000000000000000000000000010011110101000101101010011010110
100100110001011000100000000000000000000000000000000000000000000010011110101000101101010011010110
011010110111111111000000000000000000000000000000000000000000000010011110101000101101010011010110
110100101011101011000000000000000000000000000000000000000000000010011110101000101101010011010110
001011010001101001000000000000000000000000000000000000000000000010011110101000101101010011010110
000001110011100111000000000000000000000000000000000000000000000010011110101000101101010011010110
011101101000010000100000000000000000000000000000000000000000000010011110101000101101010011010110
000010110001010001000000000000000000000000000000000000000000000010011110101000101101010011010110
110100110000110110000000000000000000000000000000000000000000000010011110101000101101010011010110
011110010001000010000000000000000000000000000000000000000000000010011110101000101101010011010110
110111011111001011000000000000000000000000000000000000000000000010011110101000101101010011010110
000100100011001111000000000000000000000000000000000000000000000010011110101000101101010011010110
100100000000011101000000000000000000000000000000000000000000000010011110101000101101010011010110
000001011011111111000000000000000000000000000000000000000000000010011110101000101101010011010110
101000000110111101000000000000000000000000000000000000000000000010011110101000101101010011010110
101110111100010010000000000000000000000000000000000000000000000010011110101000101101010011010110
000010111110101000000000000000000000000000000000000000000000000010011110101000101101010011010110
001011000001001101000000000000000000000000000000000000000000000010011110101000101101010011010110
010010011010100011000000000000000000000000000000000000000000000010011110101000101101010011010110
101110000100101101000000000000000000000000000000000000000000000010011110101000101101010011010110
111100011101101111000000000000000000000000000000000000000000000010011110101000101101010011010110
100001000011110000100000000000000000000000000000000000000000000010011110101000101101010011010110
110101101110111001000000000000000000000000000000000000000000000010011110101000101101010011010110
011000101110101001000000000000000000000000000000000000000000000010011110101000101101010011010110
001011000100100111000000000000000000000000000000000000000000000010011110101000101101010011010110
011000111111111000100000000000000000000000000000000000000000000010011110101000101101010011010110
010010110110011011000000000000000000000000000000000000000000000010011110101000101101010011010110
101100110100110101000000000000000000000000000000000000000000000010011110101000101101010011010110
100000111111110111000000000000000000000000000000000000000000000010011110101000101101010011010110
010110100100111100000000000000000000000000000000000000000000000010011110101000101101010011010110
001001111001001000100000000000000000000000000000000000000000000010011110101000101101010011010110
110001111100011000100000000000000000000000000000000000000000000010011110101000101101010011010110
101111101001001001000000000000000000000000000000000000000000000010011110101000101101010011010110
100101101101010010000000000000000000000000000000000000000000000010011110101000101101010011010110
100001000010000100000000000000000000000000000000000000000000000010011110101000101101010011010110
110010001011011110000000000000000000000000000000000000000000000010011110101000101101010011010110
000010101011001100000000000000000000000000000000000000000000000010011110101000101101010011010110
110010110001010010000000000000000000000000000000000000000000000010011110101000101101010011010110
001010010110010011000000000000000000000000000000000000000000000010011110101000101101010011010110
100111011110011101000000000000000000000000000000000000000000000010011110101000101101010011010110
110101001001111010000000000000000000000000000000000000000000000010011110101000101101010011010110
101000011110001000100000000000000000000000000000000000000000000010011110101000101101010011010110
000100011010001000100000000000000000000000000000000000000000000010011110101000101101010011010110
011110011100110000100000000000000000000000000000000000000000000010011110101000101101010011010110
010101111100101000000000000000000000000000000000000000000000000010011110101000101101010011010110
001110010011011000000000000000000000000000000000000000000000000010011110101000101101010011010110
001101011011110111000000000000000000000000000000000000000000000010011110101000101101010011010110
000111010001110010000000000000000000000000000000000000000000000010011110101000101101010011010110
011000001011010101000000000000000000000000000000000000000000000010011110101000101101010011010110
001111001001111110000000000000000000000000000000000000000000000010011110101000101101010011010110
001110010111000000000000000000000000000000000000000000000000000010011110101000101101010011010110
000111010100000100000000000000000000000000000000000000000000000010011110101000101101010011010110
101111101100001000000000000000000000000000000000000000000000000010011110101000101101010011010110
001011111000110101000000000000000000000000000000000000000000000010011110101000101101010011010110
111100110000011001000000000000000000000000000000000000000000000010011110101000101101010011010110
100000011000111011000000000000000000000000000000000000000000000010011110101000101101010011010110
010001101001010000000000000000000000000000000000000000000000000010011110101000101101010011010110
001110000101000010000000000000000000000000000000000000000000000010011110101000101101010011010110
011110000111110110000000000000000000000000000000000000000000000010011110101000101101010011010110
110011101000110100000000000000000000000000000000000000000000000010011110101000101101010011010110
110110000001100000000000000000000000000000000000000000000000000010011110101000101101010011010110
101011100101100101000000000000000000000000000000000000000000000010011110101000101101010011010110
001001000111011001000000000000000000000000000000000000000000000010011110101000101101010011010110
101010100110000111000000000000000000000000000000000000000000000010011110101000101101010011010110
111100010111000111000000000000000000000000000000000000000000000010011110101000101101010011010110
101101110000101101000000000000000000000000000000000000000000000010011110101000101101010011010110
110010111100011110000000000000000000000000000000000000000000000010011110101000101101010011010110
111010101001000101000000000000000000000000000000000000000000000010011110101000101101010011010110
100000010111011000100000000000000000000000000000000000000000000010011110101000101101010011010110
000111000100110111000000000000000000000000000000000000000000000010011110101000101101010011010110
100110111010100110000000000000000000000000000000000000000000000010011110101000101101010011010110
010011111010000100100000000000000000000000000000000000000000000010011110101000101101010011010110
110101011001010001000000000000000000000000000000000000000000000010011110101000101101010011010110
010010011101000101000000000000000000000000000000000000000000000010011110101000101101010011010110
110101101001111101000000000000000000000000000000000000000000000010011110101000101101010011010110
000110010001001100000000000000000000000000000000000000000000000010011110101000101101010011010110
100110110001101000100000000000000000000000000000000000000000000010011110101000101101010011010110
111100100101100000100000000000000000000000000000000000000000000010011110101000101101010011010110
101100101100011100000000000000000000000000000000000000000000000010011110101000101101010011010110
011111011011011110000000000000000000000000000000000000000000000010011110101000101101010011010110
111000110011100000100000000000000000000000000000000000000000000010011110101000101101010011010110
110010000010100011000000000000000000000000000000000000000000000010011110101000101101010011010110
000110101010101110000000000000000000000000000000000000000000000010011110101000101101010011010110
000000111001010110000000000000000000000000000000000000000000000010011110101000101101010011010110
001100100011000100100000000000000000000000000000000000000000000010011110101000101101010011010110
001111111011110011000000000000000000000000000000000000000000000010011110101000101101010011010110
110100100100110101000000000000000000000000000000000000000000000010011110101000101101010011010110
100111000110011100000000000000000000000000000000000000000000000010011110101000101101010011010110
000111101001001100000000000000000000000000000000000000000000000010011110101000101101010011010110
000111101101111010000000000000000000000000000000000000000000000010011110101000101101010011010110
110110011011100011000000000000000000000000000000000000000000000010011110101000101101010011010110
100001011111001001000000000000000000000000000000000000000000000010011110101000101101010011010110
101011101011011100000000000000000000000000000000000000000000000010011110101000101101010011010110
100000100010001010000000000000000000000000000000000000000000000010011110101000101101010011010110
011101110100111110000000000000000000000000000000000000000000000010011110101000101101010011010110
011111000010010100000000000000000000000000000000000000000000000010011110101000101101010011010110
111110001001011110000000000000000000000000000000000000000000000010011110101000101101010011010110
011100000100110010000000000000000000000000000000000000000000000010011110101000101101010011010110
000010111101111001000000000000000000000000000000000000000000000010011110101000101101010011010110
000010011001110011000000000000000000000000000000000000000000000010011110101000101101010011010110
100001011100011100000000000000000000000000000000000000000000000010011110101000101101010011010110
011100111110100110000000000000000000000000000000000000000000000010011110101000101101010011010110
000111110010011111000000000000000000000000000000000000000000000010011110101000101101010011010110
001001001010101110000000000000000000000000000000000000000000000010011110101000101101010011010110
110101111000111000000000000000000000000000000000000000000000000010011110101000101101010011010110
010111001100111100000000000000000000000000000000000000000000000010011110101000101101010011010110
110000001101100111000000000000000000000000000000000000000000000010011110101000101101010011010110
000111010001111001000000000000000000000000000000000000000000000010011110101000101101010011010110
010010001011010100000000000000000000000000000000000000000000000010011110101000101101010011010110
011010010011011010000000000000000000000000000000000000000000000010011110101000101101010011010110
010011000000101010000000000000000000000000000000000000000000000010011110101000101101010011010110
010011001101001000100000000000000000000000000000000000000000000010011110101000101101010011010110
110010010100000100000000000000000000000000000000000000000000000010011110101000101101010011010110
011100000011100010000000000000000000000000000000000000000000000010011110101000101101010011010110
001101000010100011000000000000000000000000000000000000000000000010011110101000101101010011010110
111101111101001000000000000000000000000000000000000000000000000010011110101000101101010011010110
011100011011001000000000000000000000000000000000000000000000000010011110101000101101010011010110
101010001110110100000000000000000000000000000000000000000000000010011110101000101101010011010110
001000110111001000100000000000000000000000000000000000000000000010011110101000101101010011010110
100110101101110110000000000000000000000000000000000000000000000010011110101000101101010011010110
001110111011111101000000000000000000000000000000000000000000000010011110101000101101010011010110
011000001101010011000000000000000000000000000000000000000000000010011110101000101101010011010110
001101110100111000100000000000000000000000000000000000000000000010011110101000101101010011010110
000011110010000100000000000000000000000000000000000000000000000010011110101000101101010011010110
001110100000100111000000000000000000000000000000000000000000000010011110101000101101010011010110
