010011000111011010000110111011011100100101000010110111001111100111001001101110101100000111010101
011010011000011001111101011011110011011011000010110011110110100110100000000010001101011001000001
100010100100001010100110010010011101001001100110010011101101100101010001010111110011011100110110
111101010011100101100010100000010000110110110010100011000000111011000001110001100101111001100010
100101111010100100111011101101000010101001010010110110001100001010111010111010010001100011000100
101011110110000010100010011011001000000011010111101100100110011010010001100111011010110111111001
110010000000100000001101100111110011110000011110100011110110111000010110001110100010011001100011
101110101001000100011010010110100011011100010000100011100101001000011110111110000011110001011110
100110001100011011101000001010010000011111000000100001101000110101011110000101110100111100110001
101011101010101001111010010011110100010010111101101010101110011000101010101111011000000011011011
001101111011010010011111001001011111000110001100110010001010011001000101100001101001000011110010
000110011101110000101110010101011011001100100000011001011001000110010011110111000000110001001001
010000011101000110000100001101111111010100111111111010011100111111110110100110101101010000001011
010100010110110101110010001010011011010100010101111001000101111000000100110110011001000110111100
001101110000101100101100001010000001100100100101000100001011000111001100010110100000011110010011
011101101101010010011111001010011110011001111111001100100011001100011011000010101111101010100001
111010100011010110001100100101101001001111100110101111011110101000001011011110011111101000001011
001110010000001111111101111111110100011110001011011110000111100101010001110110101011011111111000
101101000001101101100010010011010011000100001011000101001011111110111110100110111000011101000101
111101100010000001100100001000110111010110011010000100010010011101001000010000100010110000000000
001001101100011100001101100011010010001010011101111110000010000010101100011000001000011000110000
011001101110101111110000111010101111110011110011110111100010011101111011000000100111110101101010
001100011111011101000100010011010111101100111111011010011001100100011000010000110111100101111110
011001101101101011111110110001111010001101110100110111110110001100000001011001100100100011101111
010010111001010001111001101000011011000011101111010011101001101111110111010011101110010100000100
101100000111101011010111111011100110011010100110000001001010100100000001010000011001111111010010
001001001101011100110010110101110101101000001001001000110010011110000010000101101001100011111000
111101101100000011101010101111111011100100010001000100111001111010111101100111000000100110000011
011001110100000101010001111000110000101111111101000000000110100100011000000000111110100110110000
100101101100010000000001000100110011101100001101000000100001001100101101111011110011111011100011
100100100000110101100100001000111000100100001001011100110000110011111100101000010110001110100011
001001010010110000010101001011101001100111101010000110010001010100110111001101011000111111110000
100000100000001000000101111011110000001001101100111111010111010100100111010100011000111101011101
000100101001100101000100010101100101101110011100000111000101111011000000111010000111110101001010
010011100110101100010100010110000011010100010001111110001101100011110100100000101100110001011110
001110111101001010101001000101010001100110110110010001000000011010111110100011010111111111000011
011101000110110000001111110100011101111010110010100100010100101010111011000100001111000110110110
101110001000111100010011101101110100011111011110110001011000011011000111100111100101101110011100
001010010000100100111100001101110110101011111010001111001010111100000011011101011010011101010101
000011110011011111111011010011000011111100111000010111000001101000011101100101101011111101111100
010111011001001110101101100100000000111011101100001011010110111100111110110011111110111000000111
100111011100110011011000000110001010110001101010100111110001001010011100010100101100000010100111
101001111111011000111100001000100001000011110010010110110111100011100001101111111010111010111110
101011001110001011101110101000100001100001100000000010100110011001100001001010100001010101000011
011000001010010011101101001011100100000011111000001011100001110111110001101001100101101011011111
000010100101110110110100110111000000011011101110000000110001101100010000111010001101011100111010
000101110110111011111111101011111110001101111001001110101111110000101000110000111110101011110010
000001101000100010011011100000000101010001001101001111100100011000010101100101100000001101000100
100100110001011100101011110111011100111101110100101001010110010110011011001000000001110000001011
100001111000001001000001001010111100100111101000001100110101010101011000001000011000001110010001
011101010110001011011011001100000100000111101100101101001011101010000011101111111001000110111011
011001001011011110101010000011000110010001100011001000111110000100010011111111001111011011000101
011111011010000000111010011111011101011011011000100111001010101001110001101010100010000100000110
110010001111010001100110101001010110001000110100101001010110111101110111010011011010100100001000
100000101101000001001000001001100000000100101111110110010110110010010100101010111000011110010001
110100000111111011101111111001110110010001100010011101110010000100001000000010111010110110110011
011110010101100000100010100101111110001101101010110011100110110000101000000000001101100001001001
001001000011000101010110010011010110000000011001111001101100010010100000000101010010111010001011
010011011011111010010100010001001101011010101010011010010101001011001101000001110101010100010010
110110100001011101101001011100001100100011000001000001000001111101111110111011100010001100111011
000010101000000001110001001111101011110000110101111100100001110101101000011010000000100000110011
001111001011000111011000101101111010100100001001011000011111110101001111010110110100100011110100
111001100010011111010111011010010001111011110101010101100110011001011110110010010101100010110110
100110101110110110010110101101010001100010001011000011101000000101000111111110010100000011111100
101100100010001111101000101100100100001001011111000101101000110011000111101000100000110010011111
111010100011101000001011100111010000100011011101000110000100101110110101110110101011000010001011
111010010101110010110110100111011000100010110011000000100101011011101010111000101010011100100111
011011001111100001110010000011011101011101101011100010010001101001010101101111011001100110101011
001011000110011110111000111101001111011011000110100100001100101110000100111010100000011101100100
100010000100001000010000000000100011011101000110001101111111010000100111101110000001000000110101
011100111011110100010001001011111001111010000110000011011111001000100010010011110010011101011000
000011111011101001100010110010100101011111010101101011111111010110011001100111001011110101101010
000101011110110111010011110010101110110110110110011111010110001111111111011000010000110000110011
110100101111001101010111001101100011000011000011001001000111000100101001011110011110110001001010
011010010110100011100000010110000000100010001100101100000110111101010100101001111011111101010001
100101011000110000111111111101011011101100000100111010011000011110011100011010011101101000011101
001111000100111110100000111110111101001100010011111101110000100000001011111000000010000110000010
100000000000001110110011011001000010001000000101110111000010100000011110111111110010110101110010
011100101011100101101111101010010100010101001001100101001011011101110000000001011001101101100101
100100100001101100100110001010110111110001010100011011100110001010101100110000001101011001100110
011110011001011101000110000011010000001101001010010101111111001111111001101111001111000110001010
001111101100010011101010000111101010110000000010100101111010100010010101011000010110000000011101
001111111010000111101111010000001110011000010001110100100000011111101011111000000001001010001101
000111000010000100010000101010000101000110010110011000101100100000000001101110100110010110111000
111010110001010110101101111011000100011010001000111000011100101110000000001100100110001100111000
111111000010011111000101000001101101001010001001111101110111010111101011100100100011110110001010
001111010100011000111010111100101000111010111110101100101011111111000011110101111010100101001000
001101010101011010101110000110011101010000111011101000100100111101101000000111110101101100001101
110001001001101100110100111001000111101101110101110011100110000011000101110011111001010101001011
101100000101111011111000101110011100010110011010111111101110010110100011111011110100101111111011
010111110001011100000001110100110001001100000110111011000110000011011001010011000011110111110010
101001100001111110010101010011111111001010010001101101001111010101001100111101011110101000111010
111100111000010100001100000011100100100001011110101100111110110001011010110111010101101100010111
010010101111111111100010110001010010100101100101111001111111100110111000110111101101011111001101
100100001000011100101110010011001001110110010010101010001011101001000111101000110010001111101101
011001010111111010110101101000100110101011011001111011101100101111011111000101001111010001100100
011010011111010000111011111000110101010000110001011000111011110111111011010100001010101100001111
101101010111101101010111110110000010000010000011011101100001011001011000000001001111011100101000
110011110011101110100010001011000010000000001100101101110100011111000010101010001110010101000000
111010110111101111110010110010110010000100010110100010011101001010101101110001011111110101011000
000011000010100010011000110100101011000100101111001010011111001111111100101110111100110111001100
100001011101011001000101001100101111011111101001010110100101110001011000011110000111000101100010
100011000100111101101001000010000101111100011101011111110110010001101001100100011010100000011001
000000000101011000011111000010001111001011110110110110000101110010010110110000010101100000100111
110011010110110101011101010100101000100011001111101110001110111100001110010000010000110101010110
010001111100101110110011110011010000111110011011010101111100101001101000000101011001110100010000
000001111010001110000100100101000001001011001110111101110110000000111011001111101011111101101110
011010011100001111110011010101001010101001110011000100111000011010101100000001110000000001000101
011011011010111110100001001110000001010010001011000111001100111110010110100111010110010101011010
010110111101100111110101100101101111000100001111110000010011111111100101100000101011001011010000
100111110011010010110111111110010010010101110101000011001110011000111010111100110010110001010001
110111111010010000000010100111010110110000110000001001111110100001101100100010111010001101000101
000011111011001100111111000111111001011010001100011100010100110101010100100001001110000111110100
001010000100011110010111110100001110101011011100011101010000111100111000110101010001101110010011
110010011101011110100000101011011011011100110011111001001101000000000011111100101110111010100100
010001101100000100011101010101100101010010110001111010111100101010001010100111010101011010110011
001111110010110101111010010101101111011111111010011011010000101100010100100000101000010111001110
011101000110110100011100110011011000010111111000001011001000000000010111010111010100010110000100
111011101000110010010011100111101100111110001100110001001110010110000110111100010011010101101101
111111101011110100110001101101100101000010101011000000000011011101101110011101111101001011110111
001010101010001100111001100010110111000001000110110101010011111011101010010010111011100001111100
101010111111001000100001111010110110111110101011010011110100011101001101010001011000110001000101
101111011010000000100110100101101001110011110001100110001001101111101001001001110100010001001101
010100000111110111011101010001111001101001001110000000000101101011001111011110101010110100000100
101000001010011011110000110011011001000010010010001100100011010000110010000101001001010010000101
110110110100111011001010011100100100101101100100100010110100100010000000011110010100100001010100
011111000110010111010110001101110111001100010111100101111010101011000001000111010010001111011101
000001001101010110110111100100010100001100000001010111000101001010001001100001100011011100101001
110000110010101000010010011001000101101000110011010111010011001100010100110110011001111000011110
111110011010010111010101110111111011101111111101011100100010010001000110110111110010111110001110
100100101100000011111110101110010001001011110110011010111011101000011101111011111110010101100010
100000000111101000011010111011100111110010011011010000101110001001100000101001111001011001100010
100000010001100000100110111101000110000010010100100000001001110100011111011001110110000101010111
100100001011000011001010010010110100100100000101011000011010000101011110110100100101011100011001
100101000010001110110100110000101010011000111001010110000000001010101001000100010110100000000001
100100100001110101000100001101011100010000010111011111101000100000100101011111101111100000111101
011001110111110011100000000011000010101000001101111010110000010111010011011000110110110110000010
100110001100110011110010000011100111010110010010111011111101000010101001011001000001011011110010
000000010110001011010001010010110010010001100011001011111000000110110100110000010101001111110011
111111101000101000111000010011101001110011001101111101100100000101000101110100101010001100000110
110111101101001011111111111001110110000010000000001001100101101111101001111110010100010001011100
010000101001111000100100010011000110100111111101101110111010110001001101100111111000100010100001
101111011110100111110101111100101000011101001100001000101010100110000110100000101011001001001111
110100001001100001011111001000010010001111100111000110101011010000010001111111011000100011111011
101010110000111011001011110110101101000111101001111001110110110101010110010111100011011100001111
001111101011100110110111111110110111001010101011000100001001001101111100111011000101010001101001
110010010010000111110011101000101011110101001110111101110011111111010111110110110011110100001101
101101110101100110001011111100011001010110111010111010011100011011100100111011011000000110111101
000010000101010010101111100111110111100001001100000010001111000001000011101000001111010101010000
111010101100001001111101010101111001011111101010111110100010100100011110100110101110001010101000
000110010011000111010000011110101001010110010111011101000110000011110111000000101001010010100100
111011010000001111111000000000000111011111000011101010001000010110100111111110010111111110011110
111000011010101111101011010000100000100001111110101001010101000100101001110000000011000000101001
110100111001101100110001001010011011100110101011011110111011110111001010101110111000101000010000
000101000101110000000011100110010101000110011010100101110010001011010011010110101010110011001111
000001010010001001000101110011001000011110010001000000110100000011101001010101111000000010000000
111111011000111010001100011010110001111101001001100101111000000010011101100111011010111111110001
010111100111100010010011101000011010001010101000010001000110010110010101000110101111001011110101
010001010001101110001010011001101111110011001010100110001001110100011100000010010110110111110000
111010111110100101110110100111110011010111011111011110111001110100111010010101100011111100111110
100011101111000101011011101111110101011100000110101011000100111101001111101110110111101110001010
111101011110100001101000010010001001111101100111110100001111110110010001110010010001101000101100
101100011010111011110010111001000000110101011110010001100110010010001010110001000110010101011101
100101011011001100100001000101001010101001100010001000110010000101111010010011011010011111010111
010001010010110000010100111001011101001101011001101010100110011110011010000101011000000010010111
100010010101000111100111011001101111101100111100000010010110000000111011111101010101011111101111
110110001101111101101010111111101111011000010010100110110100110110000001001110001101101111100101
010001010001101010000111101000111110011110000101111101100101110000011010101111100100001111110001
111000111110010100010000100100010101110110110000101110001100011011010101001111001110110010111011
001100110010110100010000011100111010101111001100110001011101001010010011010101010000111000010001
000110010001111110011101110010111001110011110110110110011100101010011010101100100001001000110010
110010000100000010011101011000010010000000000101000010010000001001100000000110000010100001001111
001100100011111000000101100000111111101111001110100001101001001100011100101001100111011001111110
011001100010111001100100010110010101100010100100010110101101011010000111000000010111001110101110
110100101100001101001101011001101011001110001001000001000011110100001011101001110011101111100000
101101111111010000111110111111110010101010000110110111010111001100101011110000010111010001001001
011110101111111001010111001110000001000010010101101110110011110010000001101010111110001110110111
000011110000100101000110100010010111110100111011010101011101010100010000101110101001111010100110
101001011111110100000101010100110110010010101101110100101111111111010010110111001001010100010011
101001101111010011101100000101001011110011101010111110111111010100101100001010001111100001010010
001101111001001000011011101011100100100110011110100101010111100001011111100101101010001110010110
001010111010010001111011101011001111001110110100000111110110001001000110001001101101011001101000
100011101111100001000100101000101001101000111100001111110000011011110101011111101001100000000001
101101101111101000010110110110010011000101110101011110000011000110000111001011000000000001000110
011110001010000001111100011010100101001110011011011001111101000110010001100000100010110010001010
011111000111100111101011010111101111000010111001010001010111000010000010110101010101000011001001
110010100011001010100101101011110011011101011100011111000100101000101101110100010100100101011000
101000110110111010000111001011101001101001110110010001101010010001010001011111011001010000110010
010110011010101011000110000101011110001001101000110111111101110110110101101110111011011101000111
001000011001100110100110010011101010000100110111001011100111100110001010110101010110010000000000
110011000000111000110110011011111000001111111101101011000100000100111111110001001001010010111000
010000110111010101110001011010101101010001100110011000111011100010001101110000101001100111100000
010111110100101010011001010010001111111000001011111100101000111101000001000001001101111101011010
100001100101101100000111011000010111000000110010000011101001111101101001101011010100000001000001
011100101001111101001001010111110101000101100101000101001110011010100000001000101111111001010011
111101100101010010011011000111011110111100110110001110100010011010101001000111101111101010000100
010110100011000010011001111000001101101100110101001111110100000011011011101110011010100001100111
011111000011010000110111000100101111100100000110010100010011101011101000011111111011000010000110
101100011111000100011000100001010111111011000110111000101001001110110001000100010111000001001110
011111111010010010010100001100010111111010101011110010100111100111001010010011000000101111010111
001010001101110000111111000000101000001000100011111010001111001010010110011101001100011101000000
111100000001000001100100000010101110000010110011001001001010000100010001011010010101100111101111
100111000111100111011001111110001011010000111110101011010101111100110100100000001011010000110000
011111000011001010010011111111101110101000010001111111111100101000111011110010100000100011000100
101010100010010110100111011100000110100100101001100100111000000111011110011000111010001001101000
100111100001101010101101110000010101110001111010001100000101011011110001101000010100011101011111
100111110101110011001110110111000000010011010101001000011110110011000001010111010110011101001001
110001110000100010011110001010100110011011110110001110100110011110111001010110110110001100000000
001110100111110100011110000101000000100011001010000100011111001010010011010001001011101101001011
100011011000111101111000011000100000000110001100001101111010101000000101100101100110100100011011
010101101110001101111001000011110010000001001101010100001011101000010000010110100010100001000010
011100010100011010001010011111110101110100101111110100001110100100001011100111101000101111011000
010100111010100111101000110101001110010000101010110111111101000100010000001110101100000101010001
110111110110110010010110101010110011001111001100101111100100110110010000011101011000011010011010
010000110110011100100100000001010110101110100101111010010011010111000010001111101011001011100010
110001100111010100011100010101100001111011001000011101110000101100100100111010110011011011011100
001010000110101101010110000000010110101010101001001011011110110000111100110101111101110010011001
100011100010100110000000011111010100110011110110110101011101100111110100111101110111110001010101
000010001001011010010100011101100010101100101011110110100001001000100010111110010111010101111100
000010011101111110100010100110001001101111010100110100010001110111000000101100010000111101110100
100100011100101111101101011100001101100110010111000110010100101101010110010100011001110111011010
000110111100011101101011111000101100111101110000101000000100110010000111011000100101100101101100
110001110001010000101000000001010010101001001010000010110101010000011100001011010111101111110001
111011011000001101010100100001011110111000010101010011011110111010101111000100101100001010010011
011110001100100000110011011000111111100011010001011100100000111010110011011011111001111110000000
010001110001110000010010000010011111111100001011111100110111001000000011110100100110110111101111
011011100111000010011000101111110110010000100111000110011000001011111111101111000101101111100100
100100010110101100011011001010101111110101100111100110011110100010000111010101100011101100110110
010011001010000001001101001110100101011101110001010101110010110111101000110110100001111011011111
111101000011110111101110000111010100000100000101001101001000000010100011010011010010110000001001
000111110011011110010100100111010100101011111010011100011000100011101011111001001101010111111011
010001101111010100100110100000001111000001100010010010011101100110001011100011011011010011000100
101111111001010100101111011110000101101101010101011010111111101101010000110011101111000101010111
010000011110011101011100101110011101010010110111010011100110000000111000000111110011111100111000
011101010100000110100001111111110101000001010100011011011100100010100001111100010110011000001110
000111001000011011001110111011100000000000010100010101001100001000110110001010101100011110001010
011010101111010011011010011101000000001101101101101011100001111010001010011101100101011101001000
110100011011011110110101011111010011101010011011101011100110111011000100000110010110001110101001
100110001001101101011010111100010001000001111011111001110111011000001110011101100011100001111111
111100011101101101010010100111111110001101100100101100011011010001010111010101100101111000111110
001100100011000110000001101110111000100000101111100000100000001101110010111110001100010111111101
000101101110001100101110010110001100010101110101110101111100101100011011011101011111100111100011
101111111000110000010110001111110111111010001101101001001000011011010110001000101000100011011101
001101001011101000010111011100000010011100110001000000010111111111000011000100110010010110011100
010100101110111100011010000001111011001110111010010110001000001100000111111001001101101100111111
011001010010000101101011111011011001000110110101111000000100110011010100111001111110010111110110
111101111011011111010101000010010001010101011000101101010001100010001100011011111000101010011011
111110101110000101000001011100011100011001000101010111011100011011011100010100010010011111001110
001011110011010011100010011100001001000001001100001001010001001010001010000100000111111101010101
011010000011001010101111010011001010011101110101001110100000010001010111010111110100011111011111
111111110011100100000111101010000001011111111000111011010101110001010011011111000000011110100001
001111011101010111100010101111111011101111011111010001101110101111100111111100001011000001110100
110010100010100101011110011101101010101010111100011101100101001001101011100100100110101010001001
111100111110001100101001110000001110000110001101001110000110111000110100001101110100011111101101
010110011110101111000001101011101001110110001111000010100010011000001110011011000011100101111101
101111011010011111001111110101000000110101011011111100111111111100000110100000010001110010000111
100010101011001001110110010001100111110101000111000011101111101111101010010001011100110000001011
010010111111101000110011100100010101111101101001111110110111000110010111011011101001000101101111
101110111011111100111100010001010000100010001011110100111100111010111111110100111001111101110010
001011101011101101110100000110010011010010101010010110100111001110000100001101100001100110001110
011110011000011010010101100011001100011100001001010111011001010001100100111101011010010000010001
110011111001000110101010010100001110101010001000000001111000110101100011100101000100101000100010
100010111000001111010010001111000110001111110011111111111000001001001101101101001100000001111101
000011111010100101011101000111001001111101011001011001010101111100110011100111110101101100001110
000010000100011010110011011000101001001011101100000100000011111111011111001100011101001001100100
101111001010101110110010111000111001111110000111010011000111011011110001011111001000101101001011
110110100010100010000101011111010101011010010011110110011110010010111111010000100001101110010100
101101001111011111100101101100110010001100001110000101000111111111110110001001010001111101111010
001101010111110111011101101001101001011101001101101000111000000100101011100001001110011011001111
000010110000010111000011010011110111010110010101001010101001010001000010010101100110100000001111
110110001001111111011101101111101111000101111001001001010000000001111000110111010101101100000110
100100100000000010111011100010100110111101010110000000001110001110100111101101100001100011101100
010000110000011000011101010001101010111000001100101111110111101001001101010100111101001010111100
100010001001011110000110011100000111111000101101000110011110011100010111000100001101100100011101
010110001001101010101110000111001100110000011001101011110010010001000010111111111010111110010101
011011010111010010001011101000010111110110111101010011000000100000010110110110101100001001011010
001011111111111010001100010101100111001100001000111001110111010100010100011110011110010001010000
000111100001100000001111111001110001000100011001000010011010110110011001011101111110101110101001
101000100000000100010000110010100011111011000001100110110000001101100101000001111011000010100100
100111110111000111110111011110111001100001000011001101010000101001011011011111100100101101111000
010001011101110000100111111001011000101011110100111010001110101111011111001010011001011111100110
010110010000111101101111111111010011011001001011111101000010000010000011011101011110011101011011
000110010110001101101001110111100000111000101011011000101101011101110010100010111000110101100100
011010010001111011000001011000111111000100101001010111111000100010110110111000101100001100001110
000000000101100101111100000010101000011010111011100110110101011011001010001010010111011100011110
110100101110110100010000000111001111010111100000110010111010000100001001100010010001111010110011
110110011000011011011000011010001010001011000100111100111010101010001011101010110110011001011100
100101111111110010101011001010010100100000001010111001101100001100000010000101010011010001010011
000000001110101100110111101111000001100000001100010101100000111101000100000011111111010110101000
001101000110001001110100011011000010011011000101011010101100111101110110111010111111000100111110
110111000101001101100110011100001111011011011101111001011001101100000011111101100101011000011011
000111111100100100100100000011101000010010010100011111000110101000010111010001001000001001000001
010100010000001001000001010100100000011101010010000010001110100010100111101101100010100011101101
111101101000010010111011010001100011101000011110101000011010110111111111010100000100111101011011
001010010000110111111010010101001001001011000101110011001101001010011110010101010010100100111111
101011000101111101010100101010000111110100010000111001101011011001111110100001000001110100110100
101010000011010010101001001011110100100000111100101000100110000010101001011000011100101111000001
100111101001000000011010110101101111111000010011010000111100001101100011000010101111100010110110
111000111111001100010000001100101101000011010110000001110111001111000110011010000001001110011110
001111010011011011011100001111100101000011100010010110011011001111110011110010111001001011001100
011011111010011111011010111111101000101111010110010111100111001011010000111010110010011000011101
111100011001010000010111101000011110001010010101001001000110110001000101000001101100000010001100
000110010101100011111011111100100111111101111100010111011101101000110100100111101101010011010100
101101111010100100101100101110111110001110011101001000110111101011110001001001011000001011000011
011110010110010111110101011010110000110001001101110101010101101011011110000010011110011010111011
110010110010010100011011110001110011111111100010111010100001000000001101101011011111010001010100
111011001101100010101100000010100010011110010110101101100100011000010101110010111011111110111000
010000101010000101001000101111100101100001100101110011110001100001101011001101100011001110110100
111101010110110010100111010001111011111010111100111000011001000011001111110111010100000011010100
010000111011110010110101101011101010100001010011110100001001000001111001011000001111110111111100
010100011101000110000011010000110110010100010111101010001010101000000011000100011110100101011000
100111001110111101001011001101100000101011001010001010111011100011100001110100010011001010011101
010000100111000010111110100100111110101101001110010000000010010001001101101000111011011001010011
001110110101111000001011010000001001110001011000101011111001100101111000111110010000111111000001
011110100000011110100010110011011000010100010111111101011100011010111010011110011110000010000101
111011110001010011000011111100111111100110011001000101100000001111111101101011000110001101010110
010111000001101100000101101010000010100010001010101000110110100010110010000111110101101000100110
100011101000110001100010001010010010010110001100011000001010000100001001110001001110111111001101
001011111001011011001000001001010111000011001011000110101101101010101010110111100111001100001000
101110010010110110110111110110011111101001000011111001101111110111000100001100110011100111110100
001011010110111100011101101010001001100011000110010001000011111010111111001111110100011101000100
100010001101111011001101111001011100111011010110001000011000111100010000110110001001001010110110
001011101000001101010011110010001100011010010011000110110110100010101011110011011101000100101000
110001000100101100010110001111011001100111010011111100001001110001100110000011001101111110011110
000100001111001001001100100101100010101101111010000011101011001110101110101111100011011000010110
100101011110101001011011101000100010100101101100111010110010000110110011001100011111100101110101
111111001010100110111011011001111011001111011101101010101011110111101101110011101100111111010100
100010011101001000111111001011000000101100100101010010010011101101101111110111110111101001001100
001101010111101011010100000000110111011110100101001011011111101111001001111011011101010111110011
100111100111100110001100100001010101100011110010001001110101100100111111111111101110001001110011
011110010101001100111111111010011010010101110010110111011011111110000001000001110011011100110101
111000010011001000101111101100101111000101010101001110101100001111101110101010010101100001001110
101100011101011111110010110101001111110000010001110100111001110100011000110111100100100100010101
101011000001011010011010101011011010010010000111101000001110010111111011110000100010010010010011
010011001100010100101010000000000010011010100011001101101010011101110111011111011101010111000110
110101011011100010000101011001001100110010001101100110000000110000111010101110001011110100001000
000111001001110001011010011100101101011111100011101101111001111101101100000000001001110110011001
101111011001100100110000001010111111000011011101001010001100000111001001100011101001001110000000
101010011100001110011110011100010111100100011000011000001110000011000100010001010100000001011110
100011011010000101000111111011111101010011011100001011010101100101011111010100100011110011100010
111001111010101110110001111000111001011000111101111000011100111100110000110100100100010000010000
111010100011000000111000000000100100010111010001001011111001110111000111001001101110101101111111
111100101011000001010100100110010101101101010010001001010011001000011101010111010000101001010001
000011011000000111000111010001000001001100110100101001011010000011010000110011001011100001000000
001010011011110101011101010110011100011001011001100011111101110001100000101100111111011100110011
001011011100000000100001001100010110010011010110101011111001110111010011011101100000000111110011
100011010010001111110011110111101110101101000101000000101011100000110011111011000010110100100110
100101010001001111000101101001111001101111001010011111011100101010100001101111010010011011111110
000011000101110011100110001110110111111000010110000101010111010100100111101011111111011111110100
101010001010001001001010011000000011000011101101010110010111000111001011001011000110000000000110
101010000101011010000110110111110110111100101110101011101011110011001111000101000010100111011101
100001110111011100110000101001100011010110011001111001111001001111001010001011001010011100000011
100000000000011100111101101101010100101101111100100000011010110011111011011110100101111111000001
101111101001110100111000101110010110101111100010110000001101110110100011110100010010001100000000
001000001110001000111110111001010111011001001101110000110000100110111101111011100000101111111101
101011010100010010100011001001111000010101111001111101010101110000110111110111100101010101110000
100011101010110010111001001110110100001010110000001110110001011000001111101001110001110101001000
000001110000000111001000010111001001011101001110011101010010101001100010000011011101101111001111
000110110001111011101001000010011011010011100100111100011100101111111111000111111010011010111011
110110001100010101011101100011110001101110101110001011111010101001111001111011000101011100101101
101010001100100100101000011110100010111010000010100001000011111011010111010011101100010011101000
010000100000011001111100101101011110001101100110100111110100010101011000010010011011101011111010
111000101011110100001101110110000111000100101011101111000110100111110110111110101111011000010111
100101101000111010111110101011000101111100110000011101111000010000011100101000011111001101111100
100101110001100010010101110110111000100110110110011011000010000111001010001110111011111101000011
000100001101010000101101010001010000111001110100011000101110110000110011100011001001010011100111
101101010000110111101010010100101101111001101111110011000111000000100011111101001100100110011001
010100111111101101001101011111000000111101010000100101000100111010110111010000000000001010110011
011111111101111010110011110101111011000111100111000001001100001010010101011110111110110110111011
110001100101001010010010100011100000100110101100100110010110011011110110000101001001001010010010
111010000000011010101100101101110000110100110011101100110011111101101000101000010011110100000000
010110101011010110000101001001000001010011100100000100001000000101011110001001000000101000000110
001000000010100101101101011111010011000110010011010010010000101101011110110001011101110000010110
100101001010010011010010111000011001001000101111010011010100000001110000100100110000000110001100
001010011010110101001001100110100101110010101010100111001000001111101001011001111000011010001001
110000111000000101111101011100011010001010110110001110010001000001100010101010001101010000111010
000111110100101110110011101100100110010011111000100001011100111110001010101011110110101000111000
101100100010011100011110011100101101101001101100010100011101000010110011100101111010101111010010
000010001010100000000011111001001001001101001100001010001001101110011000101110110100001100000011
100111110001001100101100000011011100111001100101000011011100001101100110000101010000001110100100
001010000001011001010101101011101101111011100101000100011110010000110111010010111101101011110010
110100011000100100000110010000010001110110100010111001101100001110011111100100011000011110001001
110010101111110100110110110011111011101100111111110001111000101011000011000101111000001100010111
001000010101000101101010011001000000010011000011110110011111001101100110110010001011001001110111
000100011101011111001000101110010111010100010011110101111001000010110100001101101011000000111101
110111110110110000010100010010010100010100101101100011011001010110000010101111011001001111101110
110101111100011010101100011011001110011100110000100101001100111100101110000011010110000011100010
000010100000101100111101010001011010001101011101111000100001001011011110110110101111110100101001
101100000110110000101111000000001001101110001000001001111001011110101010011100110001000101000110
100100111001110001011001010111001001011101100100101011011110011001100010111011000001110011000010
000001010010100000001100011011010000111010111001010111010001011000000010101100011101111101100111
000011100011011001101111010011010000000011111100010010001111110110011011001101000110000000001100
101101111111100101000101011011000000010011000110011011000001011001111110111011111010001000101101
001001101001110011001100000010011000010011100000100111110110001101011001011111101010000101101101
011101011100101100011010010111000100000001101000110100000000000101111100001100111010011000101110
011101010101110001111111011010111011111101000100111110010010100101100100111110110100000110111010
111011010100110000010011110110101000101001010000000001000011101100101000110001011001110111100000
001010011001101010000100000100011010010001110100010101100100101000101111101101110000001100011110
100011001010001100000111001100001110010001110010100100001011110100111111101110001010010111111011
000000101101011001110000001000011111011101100101011000110010011101111111110000001000011010111001
010010101111111000010100000110111100011100010010111100111011011100011000000001010111111011000110
000110101010010101010100110110011000001110101000111110001101110001011000100100001011001101100011
000001110011101011100001101100100010111101001001000100100111110110111111001001011111110101011110
101011111110101111110101011010011101110101000000100001100100101001100010101111100011000001000101
101010111101011001011100100000010000110011111101111001111110101010100100000010101000011000000011
000010101101110100101101110111000100010101101110100001001010010000000000011101111111000101001111
100000101111010001010101111011100110101100110011101110000101101001100111100111100110110000101101
111011000110110100001110010001111110101110101101010100101000011111111110001110000001101100011011
111000010111011100001010001100010010110110011111001001010011110100000110111111011110010000111110
101101010100011010100100100010100000110111110001000110010110110010111010010011100010101011001010
001111111001110000100111101011011110110010111111110011110010011110111011101011000101101010100101
111100010110011001000100011110111110110010000000000001111000101110110001010110111100100111010000
111110110110101100011110011110011001000001101000011011110000000000011011110000110001101011110010
001110010000100011101100101001101010011100001101110000101111001000001110100010100011001010011010
101011010000110110001110101001100101111100000111000011000110000111110111011001000011111111100001
110011001000001010001010100001101010101000011100111111010001100011011110000010010110011110001100
110100100001110101010111010000000111101000110010010010100100100110011000111001000011010101101000
100001010101110000001100011101111100001001001011000110001000100110010011011111111110100011011000
010101000000010110010011001110111011010111001101010010111101000100111011010011111110010110011100
010100111010100100010010111010000101010000000110101010110100110000100111110110100110001011011110
010000001011010111011000111111011001011001110100101100001011100010101011111110101010001001101111
001010111000000100010100010101001110110000000000001111011101011110100101010001100100110010100010
111110010011001110100010010101111101101001100100010110010011101100011111100000101110001011000010
100011010101000101000101001010101101011000110111111010110100010000101101110110001000110001101100
101000001100001010011110110011110101101110111101010100011110100111100110110100001001111100011101
110111011110010001100010110100111000110000010110001011010110100100001100111110011111011001010100
010011000110111011001011110010101111000101101100001100010001000110011011100000001000110100001101
000110000001011100010100101101100000100010000001001000011100011011011111011000100011111011001001
100011111100011001001100100000110001111000111100100011101011011100100000111000100110101111000110
101000111011010000001010000011101010000001010010110010001111010011000110001001110101110100011111
010000100010110111000001101110010000100000001100011010110101000000111111110101111110001100001110
111100001011111010110100011010011010101001010101001011100011101001000101000010110101111100000000
011011100010111000100011001110101001000100111011111110000110100100000110111000110111111111000010
101000011011111111100111110100010111011101010101010011000001100101010010000010111100011001111110
010110011101101101000011010010111111111000000101001101000011001000111101111000100101010001010100
011010011011001101100000000011100100000001111001101100101011011000000001010100101011111001100100
001100010011001100101011010011100110001001011110011111111101101010001111001100100001010010111101
100111000110100001101111001010000110001000100110111100010000101100011110001000010001100000100111
100101101010100101110111111100010101000001010000011011110011111010101100001010100101100110100001
010000000001101010000011100101000101001101110101001011100011100001011010000000101001001100111111
100010001110100101000011010010000111000000100111111100111011010010110001101110011111111111011001
100110001000010011010000000110011100110010110100100011000000000101000010011000001010100111110111
010101100011101100101000110000101000101001100111001100111000010000110111011000011010100110110110
100011100111111011010100011111001001110010100010110101101101010011101111110010010000111100010100
100100001100101010010110101010111000111101001011110010110101011011100100000101111000110111111001
110100001110000101011010100110010001110101100010100100100000001110101110000110110111111001010001
110110010111011110001101111011101100000000000000000011111011101110001001100101110000001110101011
010001111011110101110010111111111010100011011001111011001111110111011011111001010001001000100111
000010100001010100001001000010110111100001101101100101001010100001010110101101001110110101011011
111001101000111100001010101100001111111110101001100100100100110100011100110011011110001011010001
110100110110010111110101000110010100011011010111000100010100101000011111001001001001001111100011
110011110010111001100101000101010101011001111001011001000011001111100111001110000111100010001100
101111101010100100000111111111101100001110101001000011101100000000001000110110010111011010000010
111101010011011101100001111110110000000111111000011111101011110101100010000011111000111100001111
000001010100110010100101011101100100110010100010001111110111100110011010010000010000100000001101
101011000011110111111110011100111010101001011011100000101100011000000010101010000110001110010001
100001001111000000110110001000011101111110101100111101010010101000100110111101100111111101110001
001000000101000011111101000010001011000110011011001011000011100111100001010000111101011010110011
000001000111000110000001111101111010101110100101111010011100110110100010100001110110101111011110
010000000000001101101001111110110001110110001100011110111101110011110001000101000001011011100000
011101001001111110110110011100001000111011010001100110111010000010100011100110001011101110100010
000111000111111110001001001000100000001001001000000101011101001000001001111111101000100101110011
011100111100001101011001010010111011100110011011010111010011010101100101011110110100000101000101
010100110001100101011010010110001011111110101011011001010100011110101000110000100100010110010000
110101010001010011110000000110001110111110001111100001010101100101101001100000010100010111010100
001101101110010101100101110011110111110001110000110111010010100000001100011010110110001001010101
001111001101000110001101101111010101001011011101111111111111110111100100110110011111100010011100
101000011101101101010010101111011000100011011011010011101000111001100001001010101001010111111000
011010101101110101001101000111101111011111000101100100100100111110111001111110101011010101100100
010111001001010100001010101001111010011101001110000010010010000110010011110100110110000011010101
010110010011011111000001101101011010011010100110101111010011111010110010111111110110111111000100
011010110001100110101100011001001011011000001011101101111100101000000101010000111111101101011111
110011001001111100010000000001110011101101001001100100000110000001000001011101010100001100111110
011111001011011000010111011010010010101101111100101001101011111110101001001101100011001110111011
101011011001011101110101001111111000111101100010010011111000001110110001110111011100011110001110
111101110000110100111000111010110100000100110001011010010010000000111000111000110001101100111100
100000011111010101111111111111101100010010000000001100111011010001110111000101010110101101101110
110110011110000101010011011010100000011011110010001100010100101011101001110100100101010111100000
101111010011010010111001011010110010001000101011000110110100100110100111100001001001111001000101
011001100110110100000100100011010000100011000010100011100000011000010101010000101100110000100101
110100110111000111000000000000111011110101000101111001011010001100000100110001010101011110000110
011000000010111111001010110011010101001000110111110011111000011000110100010010111100000111111111
110010110010111000101110110000001010000100000011101001010101101000010011010000011000110000001111
101011000011011001011010110011100100110100000001110101110010110001100100101010101101111000110100
100101011010010110010001111101010111000110111001110011010110001010000111011110001011011111010001
110100010010001110001101000011110101010110010011010000100001110110111100000001001111110100111011
111101000101101101110011001100011010011010111101110100101010001100000001110001001111011100100011
101111000110111100111011001111100000110001100011111000100010101010010010010001001111111110100001
010001011111011000110100111000001100100101010000111001110100001111101111010101101111000011110001
111011001111111000011100101101001011011001100001100111000111111011111011001110001110100000011100
010101110011010000010011110110001010111100011111011001011101110000101010011110000111110010001011
111100101111101100111100010010110101111100000101100000110000011011101001111000101101001010000100
010111101010111010100101111100101101101100011101111110010001010011100110100011001110011010111011
101110111011000000001110010000010001111010000010011101100101001010111101110010010101110111111001
100100100010101010101000110001101010101111111011100110000101010100010100100111100010110011000110
100011111100010110111001011101101100111101100011011101011010100000001011000010111000011010011000
011001111111111100000010101011111101110011011001001011000101010001110011010110011000101101011010
110010010000000001011000101101000011001111000101011000000011000100111011110000110011100100010001
001010110110110110010101000011111010110111100010000110010011000001010000100110111000100010101011
010101010110010110111000110100010100100100111001010110011100110101010000100000111011101100001011
111110100110000101001010011011000010010110010000001001111100001000111100010010101001011001111001
001001000110010101011110110101111110010011000111111000011001101011001001000110111110000101100110
001100010000010001101011110111101001101101101100100111001101101000010100011111001000101101101100
110100111110000101010100110101000011110011000101110011001001101110001110000000001001101011010101
000000000110010101111011000101111110111101101101000010011000100011111111100001111101010111001010
110011000101111111101110001100101010101010011100010001001101111001111111000110001001011101111010
010110010010100101010000100110000101110001100010101100111000000110001011011011100111110111101001
010011101011101111100101111100110100001101101000100001000111010001001100001000001111111001011111
111011100010000100101100010011000101010111111101111100000010010101100100111110001011100110001000
000011010000010000001001111101110001111000011001100100101010010100110000000010010100101011111001
010100110111110010011110111000110001011011101000100001000100000110001101101111010100000101000001
001010100100100011101101110111010111110101011010100000001110000111001101011110010110110010111110
000110110011111111010110101100011001101010101000000010011110010111001100100110010001110111011111
001100111011111001001010100110000101010001010011001011101000100101100011011101010001010100011100
001010101110011101001001110111010001000111010000000000000111111110101110110001001000110110010111
111111001111010110010001011110010001110100100001011001110100011111100111100011001111000001111011
101011011011110100110111000010111001100111101100110010001001000110111111111111110011111001010110
111010101110011100011100101110111011000011101000101011100000010011111001001010100110001010011011
010010000010000111100101011001101000111001110111111001010110100111010000100001111010100011100111
000101010111011111111011000101001001100000111000011111010100101010001001000110111001000111000111
101011111111111111101000111011010000000101111110110000100011111001011110010011111100111100110100
001100101000101110000100011010011010011101010011111001111101110010000101101000011111011101110001
111110110111000100011011110000101011000110100111100100000101001111000011110111001000001001000010
010110010100101101011011000000101100011101001010111000001011110100110011100110000111111111110100
100100000111100111011010001011100100111010111101001100111111101000101011000001001001110101101000
001000101110110111011101100111111010010101001010001101100111111111100001110010101111111110110101
001100101000000110001100011110110001111000100101000101110000111001100010001111010110111011001111
010101110101110101100101100011000001100110010110101100001100001100001011011110010111011001000010
111000100010010010011001111010110000110011011011000011001111111011000111011101110001110101110100
100110100000111100110111011000001100010110010100000100010011011000101111110000111100000010100100
011111111001011011001001111000011001110110100001100011101111000010100110111110000010111101100011
010001101101011111001100101011011001111101100000001011101100101011000010101000110000000101000011
100100010001101101111000101011101110110100011001011000110001111111110000000101001110110111000100
011111111101011011000111001100011100000101001101001000001000111011100111110110101101010111111111
011101011011101110000111000100101111001010100110111000100011110111100111111000100111001000111010
100111101011011010101000001001101111001001011100101000001001000110100111010011010000111110011001
111001101100101100000011000010001100001001011101100111111111010001110001011110100001101011111011
110101111000111011111100001110111100010010001111011000100011000000000110110100111010100001101100
000100111011100111001100101110001111101000011010101000101101000011010100000011010100101111110010
000100000111110001000011110011010101110011100001110011100111111010000010100011001101100011101101
000101100100111101100100011110011111011100110000001101111000001101001111110110111101011100011100
000001000011101010010000110000001010000010001011000001101101110011010100000000110111110111111000
110100011100011000101100011010001010100111111110011001101011101011001111110001101111100000011110
000000000101110111101110000010101100111100100110100010100110100100001010010101100100010001101010
111000100110011001111100100100100010001110000101100111101010001010101110011100011110100010101101
011111000001110000100111101101100110101000000000000001111111000100111100110011011000011110111010
110000110011000101111000000000100110000011110000110101001101010010110010000011000100111110000100
001010101101100110011100000110101010101000111010010011001110110011100000110111100111011111111101
110000011100110010000110000111000101010011101101101000001010101101111110001010010010000010000010
001011001101101011100111010010111111011010110000100111110000111100000010001101001111101001000001
011111110010000011100001010000110111001010000011110000100001000100110101011011001001010010100110
010100010101000011110000110111011110010101011111111000100011101101000011101000100000010111110010
011101111111100001111011001110111100010010000101100101100110110000111100001001111000111101010101
010110110101011111111011100100100010111110100100110111100111001110100110000011000110101011010101
110111001100010111110000010100000111011100001110000100001000000000011011000110101111000001001001
000010001010101001110111101001110011001010010010101111111000010000110100001111001101011100100101
101001111100011100101011000011111100010111010001000110100010001100000000001110010001011011111010
001101000110000011000001111010010010000110010101010010100110000011100111001011011011001010000001
111001011011111111000101110010100100010011110000001100000010010010010111101111010100111100101000
000101101100101000011110010010000100100101010111000100010101011110101010110010111111111011111100
001100000010000010000011101101101010100100111100110100110111000101101000101110011100110110111011
011000110110000110111000010000011111010000011100101000011000101011100111001010100010011111011011
010001101011011000001000101110011000011100000001111010001001111000111001001001000011101011110110
011010110101001000010100000110001111001010101011011111000111010000001100111100011010000100010111
100010001100101110110011011101111110110000011101000101100010001111101101100000100100010101001101
111111000001111010100110101100111011101001110101010100110010001111011011101100011101111110100000
100101101010110001010000011010111100110010111011100001101010110100010001011001111101101000111100
100101010100011101111101110110101010000111011001001010110000000010101000101111110101000011111000
011110100011111101111111011000010011000010010011101111011011110111111110110110100100011001110011
010001111101000011000100110111101111101100110111111100000111001010100010001110110111011000000111
110110010110111011101110111011011111000001111100101101000111100111100100100101001000100101010001
111101011111110010111111000110000101110101101111001111111100010001100000011001010001100110011110
100101011101100001000011001101000001001001010010010110101101011110001101000110111101111000001000
010011101011000100000000001101001101111011001101010011010101111011110011001110001010110110101100
101000110111000010100000111110000111110110100011111100001010111111000000011001011101111110001010
100100111101111100001001001101111101101000001000100010101111101001100011101001010011110000010100
010010101000110111111000111010000100001110111000000101110000111100101111100101001111111101100111
100000100001010011111000011001111011111100110101010110010110001111001010010011101111101110011111
101111100011000110000001111000001011010011100100100011011011100111110000010001000010100010100001
100010100101001101001010100001000110011001010011110010011101100011011101010001001100110010110001
111101111011011010110111100100001110000010010011011110010101110110110000111001100011100110010010
100001000001100110111001011000111101001000110000011001111011001101111010001100110110111101110000
101010010010101010010011011100100100001001011100110100110000001101010100010011001101111100001010
110011110000101100101011110010000100000101110111100011010111000110100111110111010000111100000011
011110001111010011100000101110011001011100000101001011100000101010101000011111001000111010100111
011001011011001000001001101110010100010111011000100110001110001101011110100111110010101000101010
101111000100001111011001101110010010101111101100000111011000011110010010010111011001101011100110
011111000101010000100111000111110110010101110001101001000001011110010001100010100000010001101011
010001111110111101101010011100010011110111010111011100110111111011110001110101101111011110000000
001011010100001111001100011001111111101000011000011001111110000010101110111111001111001010110011
011111001000110011111111001110001111101001000000011000110001111111110011101100000001100010011100
001011010001001100110001011001000100110001101001100111111111100110000011100011001000111001100010
000100101010011010001010101010011011111011011110111110101101110010010010110101011000110011010010
011011110111100011110100001110101011010001010100100001101100001110100001110001010101011100001100
111010000100111101100111001111000001111111110110000011011111010110111000001010000010011001011011
101000111111101101000110111011101100100111000000000011000010110110011011011000000111110100101000
001000000100110001100011111010000001000101000100010100100100011000101000001001010100100000000101
010100011000110000011001000001101110011000110100011011111000001010000001111101001100010000010111
100111010101100110000000001000000000010001110100110010000101111011011101110101010110010001100010
000011001001110011111111011000110001100101001111011101011101101001110001111001111001110111010011
110010011101011011100110000001111100111110101111010010111010000110011110011101101000000001100101
110100110101011101110001001011100100110010111101010101011111010100011010010100110110010001001110
101111010110011101100111100101010001010111001100000001111111010011100001010110111010101000111110
100010000001110110010001110001101100101110001000001111110010011000100110001010010101010001111110
010110100110000111110001000000000000010000111100101110101111100010100101000100010111011100101111
010100110101100101100000100000011000001101100110100000101100010101001110101100000000000001111100
000111111110011111100001001100010000000111100010000001011011111110110010100011111100001001010011
001101000110111011110100100100111000011100110110000000011110010100001011100111101001111110001011
100101101101010010000001000000110010010110111101000110000001101000111110100110011010000001000000
100101101011010101101010011111010100010001111011110000110001011110011111011100001000011000000001
100111000111011101110010001000011110111111100010001001110001101110101111010011001010111011111000
111111011100110011111110111110101100100001010000011000110000100110110110000100111010111001100110
001001100010001010011001010110100110001110110011010001000000111001100000101011110110101000101101
110011001010111001100000000000000100101110010000010011011001001000110011001000110011101101111000
011001111011100110111100000011100010111111000010011011011100001001011001000110111100110001011001
011001001011111011010110111101101010011000000101100110101101111011100001011010101001000010100101
010001110110100101011111000011011010111001111010000101010100000100110110111101010111011100010011
100111111001001001010100110110001011100010110110011010100011101110100110101001011101110111110111
001101000110001000000101001110010010101001110000100100001001001111110111100110001000011011100110
111011010001111010011101010011100010110110001111111010110110111111000101101111001010001001001110
100011010010000000000101111000010100001011101011111011010101100000011011010101100000011011111100
101000101110110101111100001000011011011101001111101110101100011101100101101111001001010010001000
011100111000001101000111001010010001010100110010010010111000100001000101111100011101101101111011
110011111011010101010110101101110001110010111110110001110110000111110110111100011100010001100011
111111110001110111010111111101110100000111100100101001110101100000100000100100000110000110010111
001100100111001000100100011011000110010001100001001011110000000000001000010000110111001000101111
100110011111111010111101100011001010111101000110000011110010100001000110101001100111111010100001
101010100101000001001011101100101001110111001000010101110001000010001100110111100011000000100111
100000100101111010010011101010010001100011000100010010001100101110110101010111100001101011111000
100100100000100000001000010111010001101001100010011011101001100010001001100110101100010010100011
100100010010110001101000010100000101110001111101100111000001001101111101011110111001111011001110
111100110000000110111000000100001001100010010100100011101111110011101101110011011110101010000110
010010011101001111111011101111011100110010000111001001110010001000001100000011110100011011110111
001011110111010111010111110011011110100110000111000100000000010001011000011111011001000010010001
010111001011100011110000001100111101001101001110100000101110010100111100000010011000100010001101
100000011101011000100111101010011000001011111111110101000111011000001110110101010001110101011101
010100100001000101101101000001110110000000101011001110010001101000000011001100011100000001111111
010101101000011111101101000101001011100001000010010101000010000111011111001101001100000110111110
110101100110001001111100101001110101101101110100001101110111010100111111010111000100110100111110
011010100111000100011111111000010111000011101001010111000001010011111001011010000101011100110011
011100011000110110010011000011011000100011011001010110101000001001001000000111110111110001101010
000000011111001011001011101101001001111001110100111111111010100110000011100111111110001011100011
011101011001110101110001111011010101110110101011101011001001110011110111110001101100101011101111
101011000011011101000100110110111100100010100001010011001010110101100001011111010010111111010100
001101011111110100100000011101011100111101100101000111110011010010100100000101000111101111110100
100000111100000101110000001110011011010010100100100100111000011011010011101000100110001001000010
011010010100011101111100100110011101000101110000000100011110000110010100000100111100110101011001
111110111000110000100100011100111101011110001011110110100111011101010110011100110011011011011101
110011010001010010110110001101010010110101010110001000001001110101001010011001001111000010110110
101001000001110010100001010010000111101111100101011000010000111100011101100000010001110110110110
110001101000001101101100000001000110001011001011101100010110110111010110010001001110101111101010
010000010111101101001101111101011000110100011101101100111101011110111011010100001000001100001000
110101000111100101111000100100111111110100100101101110000001110100101011011100101101111101110011
000110000100010010000010111101111001100000100011100001010100110010101000011010110110100000101011
011100000000001011010100111111110111011101001011010010110011000000011011110000110110111111011101
110001000101000110101101110100000010001100011111011000001100010011001011011000101110000100000111
111101110100100000110101000011110110011110111100011000010110000010100001101001111000100110111001
000010001100001010110001001101110100001011000000010100000000011110111001100000000100010010101111
000011100100100111111011101011000000110000100011101011010000000111111101101000110001000001101100
100001101000101010010011011000101100110000011100000011111111011101010100111111111000110101111000
001110001001011111100001001100001001010100001101101100101000100111100011011001010011001000110100
111111101101000000111000001011111011011000100001100110010101100101000010111111000000011111010011
111101001001000110101010000011110011101110110001111101111101111100100001110100101101111011111111
011010010000000110010011010101010100101101001101011000000010011011111111000001100111001010010011
010100101100100001001111010011110110011011110110111101100101101011101010001100110001101011110001
111100111011011000100110101011010010011011101100100111111101000000001110010101111100011011100001
001110111110011010000111010010100111011110110000100011001011010111111000101110101111011000010110
111100000000101011000110110100110100000111000000011100001100010011101100001111010000001000100001
001101111011000000001111000000110101111100111111100110010100111000101101110101101001101001111100
100010011111011111000001111101000000100000101111100101111000110000111110011010011001101010110100
110110110110011101001100010001111100011110111110010011101100101001010000011100110001111101110101
101011011001110010100001110011010011001011001101101110110001001111001000000011011101100111001110
001011001001011110010001110111100010101110011011101110011101001111000110110001110101101100001000
011001111110001011001000011100011011010100101101000010001010011010110101011110110000101100011111
010011001101100101001001101100001101011110010000101010110011011011101000100010100101000001110100
101001010001001001010001110001001001110100100101001100100000010000010011010000101110001111001000
000000110010100100111010011001000010101011001101100001100000111001001101000111000001010110111101
010110000001010011111000100000001110100001101111101000001010010110100010011111011100111101110000
100111101001101010111011111110001111110110010010110011100010000101111100001011011111001111111010
010101110100111100110110110110110001011001100001001011100001100101110101110111101101111000010011
001011010101000010011011101101000101011000011101101110100110000011100111100010011111101011000110
110010110010010100001111011100010111101001111111111110011010010100000110011101001000000011001011
101000101110000111010011010100101111111011000011010011100010110000111100100010111110110100110011
110101101001100000011100101000010100101001110000010010101011111001001110010001110010011000100111
001101110010000100101111111101101100101000010101001011010101101010111011101001000000000000101110
111101100011110000110111000110000011110001101110101011110111110101011101001011101101001010100010
100100111011111011111100000010011011010101110101010001001000000010011110011001001000100101110101
011001000100101101010111000110101110000100111000111100101001011110001110011000001101111000110110
110010001100111010001111000101001010100001100000000010110110011100100011011001011011111001010101
000111110111100100011000101010100101001101100011110111000010110001010001110001101100110011111110
110111101000001110110111101010100011111010101000101011110111111001000011111001111001110110000001
001001101101000111100111100001100100110101101011010110010111000100010101100101111100101101001101
100010110110000101111011010011010101001000011011110111010100100011010101010001110100101110100001
100010110000000000011000011001001101010000000000101110011010010000011000111111100101010100001111
010101001110000100110010011100111100111011001010101010101101010000111111100001100000010000111110
110101101011011001000101101110110110011100100110011110000101010001111011111000111010011011100001
110100000001001111100111001100111111111001010110011001000111010000110000111011011001110000001001
100011000001011110000001110000000110011100110010011100111110111111110011100110100111001110101101
010101111011001101100110010000100111100111011111111100011110100011011011100100110111101000000010
101110110111101100011010100111110000010100101111010110001101001010010110001011100011000001010000
