110110100111100111010111000001101110001001100011101110111111101011100011100101100100000100000100
000001111101100001011000010011011010100011000110110111110101011110101111110001010001000110001101
000101000111110000001100111011111101101101111001011011100101111111000100101011000011111110000101
010100100101100110001101110111101110011101100000111001111110110111110100101111011001111111100100
101011011000001010100111101010010100101000010000011100010100000010110100110110000011100101101101
001010001011011001010001111111101100101000001101111011110111111000010111101001110111101110001011
101110111000100000000111011011111010000100100110111111010101010110010111001110100011111110110011
001111101111111000001110001110011101001001110100100110100110100100101011000000000001111100001000
010101001001010100001110100011010111000101101111111000111111101111011110010111001100100100101100
100111001111010110010101001111010001101000001101011100011000001001011111001001010011110010000001
111001110111010110100111111101010011010111101100010101110111000100101000111110010000111001101101
011110101001010101001000011011101101101000000000100001011000010001000001101100010100100001111001
111100100111001111001001110010011111010111111010100010001000100111101111111100011110110000111000
111011001101100000101000000000101010101110010100001101000010111101000110100111001110111111110100
010111100011100100100101010110110011000011100110111011011010010011100011110010000001000100101010
110011010111110000110001011010110011110111000100000101010111000011101111101010010000100001001001
010001111001101011110100010101011011101100000100001111011010001011100110000100010111001110001100
000111001111111010000000111100001010111010001110110100000000011100001001110000100000100001101011
110110001101011111010001110100001101001101111000010000000101101001101111110111001101100100111111
011001001010001000010011010100011100100011101111001100001010111111111010000001010000011101101100
101111000110100101011010100110100010000110110010010110000101000100000110101110110000100101110010
110111111000111001110110010001011011110100100011010110010010001110011101010000010000111001110001
001110100010011010001110010111101000101000110111011101110110000010110111001101111110010000100101
101000011000011110011111110101000010111010001011110000011000010011010110110101000111011010000011
100011010011010010100101011001011111100000011000000000101010101011111011000100011111000100001010
110011100101001100000000000000011010000100101001111000001000010010010100010011000011100011110001
111010000110110000011000001001110110000110101011101110100010100011000101110000111010011001001101
000111010011111100010111011101100000111001001111110011111000010010011001111100100001111010011111
010010000011010100001101001000110101110101000011111000111100001110011111101110111000001000010000
110010100000001000101100010001010001001100001011010000001001100011000000011110001110110110100111
001011111011111110011110101111011001010111000011011110100111010101100111101011110011100010001111
000001110010101100010100001110110010100011011000110010001110011100101001000110010001011100011110
111111010111010101101001010100011110110111111110011110011000011000100000101000010101101001110010
001101111000011111000000001010001001100100001111000110011111111001010110011100011011000001100001
010100101111110000111010000010011011011100010000111100001110101000101000001100111010011100000010
100110001011011010111010010100111010001111010001110011000011001000111101000000001111101111011000
100011010000110011011111111011010101011000011000000000011011011101100101101010001011111110011111
101111000101100111001110110110111001011010011011100010111000000000111001100010110111111101100001
111010011000011011011101111001000010011001100110000010011100101011011010000111101101100110110000
001100010101011001101100011000111011100010010000010100011101111011010101000001100000100000011010
000011011100010000110010011100101111110111001000010000001011101001111001100111111011110111011011
010111100100100110001001000011100010011000011010000101010100001110100011010011110101011001100010
011100000110011000100111011111011101101100010011010010001110011110010000011110101101111011111011
010110110010101100110010001000101001111000100101111101100001010000101100010101100101111011100010
100011110110110010000001001011000010111101000110000010100111001011001111010111010111101001110101
001101101100000111101011010010011000111000111101100010111011100001101110011010100101000011110110
010101100110000010010101011101000011000100010000001100000110101011011011011101001010000110010000
001010000010001110001011001000000011111001010110010111011010010100100001110001001100101111010011
000001011100100111000011110100100010001111000011100000101011100000000101001000001011101001101110
001000101001110100001101010100100111101011010011010001011011011110111001101010111010100111001010
010011010011010011100010010001010110011000110111000011000101010101001000001110101111001010010011
111000101100101011100010110110110000010010010011000110010101100101101101010011111001101001100000
110011010010011110101101110111101101110000100110110010000100010111001100111011110011100110001001
011001001011101001100100111111111001000011110100110101111111100101101001011011110010100101011101
000001111110011000100000110100010100111111111000110010000100011001111011001000100000010110110010
110110101011110101010101001110011000100110000001101001011111010001000110100001101110101011000000
101000011010100000000110100110001110110000001110011111001101101111011000100000101000111110110011
011001111110000001010000000111100010111111001111000000111001001101100010010001010110100100011111
110011001001101110001111111010110001110001101011011100110100000011101101011011001101111001111010
110001100001101011111001100100110111101010010000001011000001000101000000100001010110000110011111
000010110010010001111001011111111010011000010111000001001110000101011111111000011111100110000010
011010101001100001100101110000111011101010110111110101101011010101100110110001100001101000100110
101001011000010000001000010010100100110001100010100111100111110100110000100011100101111010100010
001010001011101101100000111011100100110101000111000100101001000110101111100001110111111000001110
110000001110011001010001011100101100110010000011100101000100101101111011100101110001010101110010
010100110100001100011000111010101111100000111101100101000011001000110001111101110101110010101101
001001110011100111010101101101111101111001110000101001011011101111101110000001010010011000101000
101010100110001010100100110111100100110111111001100111101110011000111001110011001111000101010110
010010011110100011101111000010011010110010111000101111101001000100110000100011011000110101000010
110010101011000000010100111000111101010000101111001110001001101011010101011000101100010000000000
011000010111011000011101100110111110110100101111011000111010000010100100110000111010101010110001
010010011001110110101100011011010000100111111101111010000001110110001111111100111001111001010000
011001010101000100010000111101010111000000110111000111100100101101000000101000010110001100011100
010101011111100110101101110001000000100101001100110110011011100111110001101110001111111110011010
100100010101101111011011000100110000010110011010111110011101010111011011011111110011001111100001
011110111101000110011101000010110011011111100110010100101000100110000110110111000101100011010101
000101101110000110001011110100000000011110010010010010001101000111100110100101010100001100011001
110000001011101010000101011111100001010100100001111000100011000111111001000011110010100011010100
001110010000101000000100111110110010010100001110110101001100101011101000110110111100011000000010
011110110010010001110101101110001110111011110111110101010010010110101111110101010101111000000101
100111100111101101101001101001110100111011000101000010101111100101000000000100000111110001100110
000000010010001010101000010000100101101001100001011100011110010111000001101001101101000110100111
100110011101011111100111001010000110001110001000011011001110101001010001101111001100101011110111
100101001011011000010111010100011110001110100001111011110101010111001011000011100111010011000000
101111111111111011101000000011111000010110000001110011100000100110111011101001001111101100010011
101100111110011000110011100001111010101000110110010001011010101001010001010100111110000000011100
111001100011010011001101100110001010101011001000000101100101111100011000010100100101010110010011
101100101001010011011100001100001010011100101101001100001000010100010100101101110011010101010010
001110100111011101000001011001100101101001110101000111011110101010101011000100011010100000110111
001010001001011001001111100110000111100000100000011101100000011001010000110110100010000000100010
000000110010110011111100011111010000000010111100110000011000100000100100110101101110011000010000
111001011000001001110101001101100101000100000011001101111101101011000001111110101000100001000100
011100010001111101011000111111000101111000100111111000010011111101010010010010011111101100110111
101001100100001001110011000110100101011001001110100100110110111011101111000100100100101011111000
100001001000010100111010000010101011010110111010011100011000011010100011011111010001100000011010
011010001010010011101001011101010000011000111000001001001101100000000100110111010100101001110110
010101000100000001010011011010001010101110101100010000001101111110011110011110010010110001110001
100100110011010101011110110010110100001110100000110010100100011011000010000110100101011111010011
101100001101100000001010011110111000010011001000100101110111111111000001011111010010000001100110
101111000011000110000001111000010001111111101101101000001100010011010101101000110100101100000001
011111011110010100111110001110000110001000100000100000001010000101000010010111000111001110010110
111010111001111011011111001001000000101111101000001010101110110010000000100110011110000011000010
000101010001011000000110010111110110110001010010001111000011110110000111011000011010101100111011
111011001101000111101011101001010010111101110110000101110101000100000100010101000110011011001010
110101000010000010001001110010011001101001010000011100000001111000010001000101001101011011011000
111100000100110110100100111111111111000011010101001000110100101110100011001111000101111101001100
001101000000001001111111110111001100100101010011101001011110111100100111011010011101110111110100
000000010010010011110100111011000111010010101111011101000010101000010000010111111101010011011010
011010001101001011100010110011001000000010011010001001000001000011010111110000000111100010010100
100110101010000100000001100111110001010001011101010000100111000011010010101011100011111011101001
101100110101010101010110011100100010001110111001111010110100000100000010100000001001110110001100
101010001110001110101110011011010110000100011001001011101011111000001100010010001101000001010011
001101110011101010001001000111011110110100110110001001011101000011100111000100100111001001111101
010000111101111010001000101100011110111011100100101101111101011011100000111100110101111111100000
011110011111111000011110000110011110000110101001101110111010111010110010110011100111110111110111
110000100001100011001010101011101010100111001010010101011001101010010011000001011110111111001100
100101100000101111011010001011100101110110101001010110001010110010111011101010000010011111001011
011011010001011011101101011100111000001100111100001000100110100100000110000010000100101001100001
011011011010100011111100000111111011110010101110111010111011011110001011111110110001101101010001
010001110001011111001000001011100011010000101011100011000100100101110100111011100111110011101110
110111011110001101100110010011000000110000100010100110110100011101000110101001011111101001010110
001111101100101001001101010011010000110011110001111110101010100101110100111000111011110010001111
110000011111111111110011101010011101010010001110111011101010001011001101001011101001001101100100
111011111111110001001010101111101100101101011000000001111100111101000010111000001011100001110100
011001011110101100111110000011010001010000101010101100101100000110101101000111111010011001011110
101010000101100100000011001101011010010101111000100010111100101100111001000101011101000010111011
000101001111101011011011111001010011011011000000110111001010010101011110101010011010011001011111
011100111110010110001111010101010010001001110010110111111110100010110010100000111110000101000101
001010001110111011110111010111111010011011110000001100001100101100001011001011000110101101010011
011011100010001110111000101001100010101000111101100000111111110110100010100010110001000100011010
101100010100001000101010011011011011101110110100010101100000010110111001010101011000111110101100
001100110000011110110000111011110011100100000001010000001100011010000000101001100110101111100000
000000101001110010010101000110100001111110000001000011100010011110111100000001000001111011101010
001000000001000101101111101101111010100101101110001010011001011100011000110100100010010011011110
011010100010100000101010000001000110011110001000110101100001111011111101011110011101101011011101
000100110000111000101000100100011000100110000111111111100011100111110100111100101001010011000000
101110101011111001111100110011001001011001010011001010100000101100110100001111110011010001111100
011001110100101100010001001110000110111011000110101010011111000101000110110000001010010100011010
111001100111010101111001001101010110011011000110010110110000111001111100111010011010011111000110
011001101000111111101110011101111001001011011110101101110011011000110100101000110101010011110000
001100000001100010111100110100110111110110111011010100011101111100110111010111000001010100101111
011001110101110011011100110100001101011110011110100100000100010111101110111100000000000100011010
100111001110000010010000011011000111001011101111001111101110010000100011010001010110001111110000
100000110010101011001001011110101001001010110011000110010110110101001110011011110101100100001110
010111101110110010111011100001101110001110100001000111000100100010010110110110010111001001110000
100110110110001111000011101010001010100111101001001110000100010111010100011010101000111110001110
101110111001000000111011000110000100100100110010101000011001000110101000100111101101010011111001
000011000001100111100101010000110101011100100011000110010010110011111110010110001011110111101000
001000100001011000010111010001111100111100001100011110111110110001101010000001000010111101000011
111101011000000001101111001010000100001100100110000010000101111011100101001001001001110011010001
010100101011000101001110010111001010011011101110111100100110100000000001011100010110001000001001
000100000000110101101101100111001001100111011110011001101001100111000101100011000110111000001001
000101100010011001101100011000011011010010000000000010110000000100110111110101000100010010101001
111010010111011110011001100110100110001010011010011110100110100100111011100111101110011011011100
100011000110001011010001101001101100010001001101000001110101000101110000110011001010100100000100
001000001101110111100000000011011011100110001000100001010001111010011100101000010110000001011101
010100011101111010111011001010111011011101101001010111010011100110110101111001001011111001110110
101111011010011111101101000101101100110100000000000000000111110110000110101000010010001101110101
000000110001110100000001111001110101001001010010001010111111000001001000000111111111100111110010
110000101001111111110101101001111011000101000101111011100011000010000010100011111101111111110001
011011100010101011011011000000000010100011000010110001011010000011111010011000101110110100001001
011101110110010100010110101101111010001000111101010110000110110100011001000101101100111111100001
101000100101110001000000110111111010011010111101110100110011111011010001111010010101010001011001
000001111010011101010100110110100001101010010000010111100000110110001011010001100101001011110000
011010100001110100101101101000101011011011101111101100111100100010001111001101000000010100111011
111001000010100010101110011000100000010010101111101000110010000001001010101010100110110100110000
010010001101001000100011101110101011111110001000011000010101100100100010010010011101101100010110
110011111111110111101011101110101101000011010011010101011011000001010101110100000111100010111110
111111000011010111110100100000100101110010110111100111110100111100010001011001010000000011101001
101101101100111101101101010010000010100000001010111010100010110101100111101100000011010110010101
001111100011100011010101110111001010100011010111101010101001110110111100100001110101010000010001
100110001111110000110110110001010011111011100111001110001010010111000001000000001010011100001001
100011101111000100110001111011111110100100111111100100100001100010011111001100110101010100010111
101011001010111000101110110100011000111100111101001110001110101101010110011110011101101110101011
001000010011111111101110001010011011110110110000011001010111011111010001011001000100110100000110
010111010111001001101000110100011001110000000101110111010100100010010010000110111000100100111011
000011111001100111000011011010101101110010100000010100100011110100011011001001101001001001011100
010110010100000110101010000000110010010111000101000000101010111011010001111111101000010110111110
001010100110110111011011100101000110101101101111011000010001110100100100010101000111100100011101
111100000001110011010010001101110111011000111111101111101111001111110110110011100100001011010110
111001111110011110100100010010111011010101101110100111100101110010111110010101101111001010101101
101011000101110000001011000000001111100100001001100111011000001111100010101011110101101000111010
111000011110111101110000010000111100101111011100000010110010011111011001001010110110000111000101
111010000001000000100100111011101011001111011101001100101110110011000100000100110101010000111001
001101100100001101010110100100000101001110111000111011001010110101011010110010110011101000001111
110011000011110000010001010111010011001101010001001011101001110011110001000101001101101101110000
010010001000001100101011010010100100000001100101011000000100111011100011100010010111000010101110
000101101011111110011111010011010001100011001011101011111101000100001011101001101010010011101000
001011000001001101101101100111010111100010110100000011000110101111010000111110110000111101000011
111111111010101110100010100010010100101111111111010001101011000110101010010110011110101101001101
000100101101111111111000100001110100011111110100000101111011001101111000111010111110001111011111
011101011110101111010010001100001000100000111011101001100100010101001000000001100001110000001101
101001001110001000101110011100000000011110011010111101110011111101111110011000011000101010000100
010101000000011101001110000001000110111100000110010000101111110010100011111101010100111010100110
011011110010101010010100011110111011101000101110100001000111000111001101100111010100011101101000
110110000101100110101110011010111001011101111100100111010011111101111010101111011110101010101011
110110101001100100000110111000101011000100110011011001101000000000101000010001100111101001101001
110001110011101000110101111111000100111111110010001011001101011011101010010111001111111000110000
100000000001010001101011110000011111111001111000100000010010011000101001011111100110000011011101
001101001000000111011000010100010000111110000001000100001010110100111000011100011110110000110110
110000110000000100101010110011000001110001111010001011010100000001011001000101111100010101101100
001100011111100000100010111101010110100000000011010001100100110111011111010010000000110111111100
111111000001000101101011000101101011011000000001111001111111100010011110100011001100100000000010
100001110101110101100000011011000011011001010100000010010101010010101011100110111010011110110111
111000010110000010110111101001101110001100111101100010110000011011101111100100010001100100000111
000011111000111001010010011101011001001101001100010000111001100011110110110100111001100100000001
001111100001101011000110100001111011100101011011010001101011011110100000111000111010011110001110
001000100001101100100101111010101111001101111011001011100100011000010101010111100000110000001010
100001001011110101011001000100011101010011000111010111001101100010100000111010110010111011110001
001111100111001001110000010000110100010010001101100111110010111101110111011010100111110001100000
101010100111011000000100100001010101101010101101011001000001000001010100110110000100001011001010
000110010000011000010011110011101000011100110010100110001111100110110010111000100000101011011000
011111101111010001100110011011001010001111111111010001011101011011011111101011101100101111011101
001110011011001101011011011110001100000110000010100110101100101110001010011000110000101110110010
011001111001011110000011111011001110111000010010010011110101001101010011110111101010110001111110
010011110001101100011010010000110111100111100110001110100001000111100011001001001111100101100010
111110101110110100111110101001101011110110011100110010001111010101011011000000110010100101000001
001001011000110011010001110100110111001101111000000100011100000010010101000101000011001110101101
100011001011010101001010010011001001011001001010111101110001100100100110001111100111001000011101
101011000100110011010000101110010001111001001001010010001100000000110110100001111110101110000110
110000100000101011111100011110100011111010011110010100110111001011101100101110010111111001101111
111110110110011011111111111010111000110101001011111011000000110101101100101001111100101100101111
101010101111111101001100001011011110101001011011011011001011111001110001010001000110100011001111
001111101100101110000100011101101011010100011011000110100010100111001001010100101101110001110000
100111011110000101000001100010110100001111100011100011110101010011100001110010011110001001101101
001111100111111111110001000000000100010001010001100101001010001110100000011101101000101001110110
000010100000100011000101011111001111011010111011111110111110001001001000010011011010110110001111
010111010000111110110010010001110001011101110010011100010111111111011000100000000010001000100000
100111100010101001111101110000001000001001101000100110001001010100100000011110010110000010001010
100011001011111001100010011101010001010010101100101011001000010001101100100010101100010101001111
011001010000100001100000000101001000111011011100100011100110100100011110010011011000111010110111
011100011111100110111011111111011010000101001101010100000101011101001101011101010010110001000010
100011101100101101000101001011001101011010110010100001001101001011010001111010101100100001110011
001011100110111001101111101010011111101010111001001000110101111101010010011001011000010110010110
010000010001101010000110111011001111000000001000010000011000000010101011010111101101101011010100
110011011110100100100111000101101000000001110111001001001101000101001100011110011001011001101001
100111110101101111001011111100000000001011011011010010110100010100001001000010011110101010111000
001011110011001101111001100010110001001010000000110100001111000100111110111101000000100011000001
011011001000010110110101011101001000011000110101001011111011001010001011001100100001011010101101
001011000101001110110100010110011001101000011001101010110100101111111110100000010000100100011110
011010011100001001010100001011001010011110101100011000001110110011001001000001011010010101011011
000011000000010001100011010000010000111111101101011110011110010000110110010100011001101101010011
110001111110111011010010100111001101000110110111101000100100011011100001100110000101101001101101
000100001000010101001100001110101101100101000110000110001011010101000101100100011000100010110110
000101001111101000101110111011111000001111000101110000110001000011000011000100111001101011101111
011000001010011100000101000011001100001110011100000011001011001011110011101101001001011101110111
110101111100100100010110011101111111101001100110011001001100010000111001011110001010011101011001
000111111100001101011000000011110110000100100001110010011111100110011011000101110010000110001100
011101001100111011111011001101100100000100001011010010110110010111010011111110011110001100010011
111110110010101011101100101001001110110000000011101101010100101011110100101101000100001001010100
100000011100011111010111011111111011011101011001010010000010010111101000001100100101110111110111
000011111011011111011101100011000010100000000110010000001100011101111100111000100000101011101101
000100001011100000010011101101011011101010001110000110100110011110011000010000011110000001001001
110010111100100011111000111010110101011011001101001010101000100111011111111111110001000001000111
011110100100001110011001111001011100010110001101010100100000101000001101000101100011001111010010
011010010111111001011000100011101010100101000001001110111111010010000000101001110010111110110101
101000001000011101101110010100101110100110001000011101100010010110100111010110110000110011001110
110010111111110110011100010111010110010101111111011101101111000011100000101110100000011111010001
101010100100100100000001000010100010110001011010011101100111101011000010010110001110001100011100
111110111111110001101000000110010111001111001110111011010010010011011000011001010010111110010011
010100110101100111101100101101010110011000010100100100011011000101000010101000001110001110001101
110000001111101001000100010111001110010000011011010010100100000101100100101110100111110011011011
101000101011100101110100101001101001001010010101011100110011000011011001011111101110101101001001
001101000110001000110011000111001101110010011111110001010001011111000011100000110100111100110100
111000001000000001010110110011101010010110111100010101000010110001111001111001000101100111011000
111101010110001110000100011001101010110001011101011110111101011101011110100111100010000100110100
111001111010100111111100101011111011101101000110110110001001011000101011000000111011100110111010
111111100110000000001011101100101101010101000110111101101100101111101100110101001010001110011000
100111011000001011001100010101000010100110011010000110110011110111101001011000010101101000001111
110010100011111010110101010110111101111100100001101101011110001010000001110101111100011111001111
110110110001011111010000000101001111110011000100000010010111001011001011001101000001011110010010
111110001111001110101010101000111010010101000101110000000010000100111010010101000011100000011001
100000001100110100100011001001011011110010001100111001001100110001110000010101101001110011000101
011100110001011110010110110110111010001110100010001001010110000011011100001010001110100101001111
100101111011011100111101000111010000001011011010001000000000110111001011011000101000110011001100
101101010111001100110000001000101100000001111101100010101010011011110111110101101000111011110011
111001110110011100011011010001111100110011011001101100010111101110101110100111010110100010011110
010001111101111110100110010001001010110110001111000010100101010111011101110000101001101111101101
001101101011110101000110011001000100100110011100010010101001101011010101001000100010000001111110
011100001101111000101101010000110110111010000110001000001001100001111001001001011011111101100010
110110100111011010001011100111001100011001111111011100100111110011011101101000111100110111110100
110010111011101010010100110011101100110100000101111100111111101111011110101110111110110100000011
001110110000001110011010101001001111101001110011000111011001001110100010000100101010010100000100
101111000110100011000011011011111110001011100110011101011011101110101111100110111010110010000111
101011011101111110110000110100011000100000100100110001001111110101001111101000110011000111010000
001000001101001011100010000001110000110101111000000111000010011011000010000101011110101101011100
110011001110001011101100011101111111111010010101101010111101100110000001010101101101001000011100
111101101011100010111000101100100011010000100010010001010000010111100100010111001000011100010001
010001100000101000110000001101101100011000110000101100100101000111111001101110110001000110000100
001001000000011100111100100011100000110000110011100000111011000101111011001100111011100001011100
011011000000010100010100011001110110110011100101011001110101101001010100100001111010100001001100
111011010100010101010010111011100001010110000101110100110111001111010111100101000111011011000010
001100011111001110010011000100001000101101110000101000111110011100001001001101100100000100101000
110000011000000011001111101111000110100101110110101011101100011111010001111111011100100110000010
111110011101101011000101001001001111111010110010101011000000010110001100110101000010101010011100
010100001011010101110011001111001011111100011111111010000000011010011000100100011111000010010010
111011100110000111010001000101101111010100111000000001110001111000111000001000110000010001011111
100001100111001101100001001000000001010011010000010010100000110101000010000000100111000000110100
110111110101010100011000010101001111100010110101100000011000010000111001110111111110110010010011
110111001001000101001111110010010011100000101111001000000000100100001001110000101100100000011001
000111001010001011010010001000110110001011001001010001100010001011000111110111010000011000101010
100100101001011100010011011100111110111011100011011100000000101110000000010101101110000010101100
100110111100100000000001010010011010010001101000000110000101110001101000101000001101000111110111
000111010111111110110100000001000111010000010001110100011011000101011010100111011011000101011001
111010111000101001010010110000101000101010101001111101100111110111101100011001001101101011111011
111010010101101110110100100111101011011011011001110111010110001010010101100100000101001101100001
010011111111111110100110110110101010110110001101011001000000001111111011111001001010111000101110
010000001110100110000010100001010101110110100000100010011100100110011010000000010011001001000111
110000110111000011010011100000101011011000010111101001111100010000100000101111011100101110001100
100100100010010110111010010100111111101100111100111110110011000011010010101111111101010011000101
101111100100110100110001010000001101111000111101000011101010101011100010001110011010000001001101
011110100101001011101110011001010100111111000110111100101111111100010001101111011100111001000110
001000111010101001100110101110111001101010110011010111010101110000100101111110010100111100001001
110101100110100111111000111111111111101000101000100101101111000010011101100011001111001101110000
111110011011011011110110001111001011001011010110000011011001000111001011111010110000001010000011
000011001000111011100010000101000011010001110000000110100111010110100011100101111010101110010101
011111001011001001000101101010101001101010101111011000101000101011001000011110111001010001000011
000100111101000110111100000011110000011100000010001000110110000000101000110100111110001101010100
000111011001101101010110001010011100101100001111010010111001011011110000110001111011110100111110
010111111110110100001100001010101101111100101110111111010100011110101110100011000101000111001110
111101010101101010011011101011110001001100101000100001110111011101101100110111101010101100011001
011111000111101111000101010010011100000000011100111110010000110010110101111111100110100011111101
100000100101011101001111011010011110100111111000010011110001111110100101110001010010100100001001
001010100111010111101010011001110111010100011001000100111111110000110010010001000000101101011010
100111110101100110001111100001010010111100111000110100011010100010110100001001111011000111000101
011110111011110000011010000011101101001010010000011001011110001110101111100100000010101011100101
001100111000110011001110011101111111110001011000101011101000110010111011101100100110000110001010
111011010011011100111100010011101001111010000010000001000100101101111001001110000100100000110011
110110001000110101100000011001100001001001100010010100010100000101000001010110001000011010100001
101010100010011011010111010010001100000001011001100011101000011111001101001001101101011011110001
101011100111111111011111000111101000101101101101011000011011001001000101101000001100111010011100
110110111000111000011111111101011101101000111010101111111111001000001010101101011101000011100111
001111000011101101011010011111000111010111111101111000110101100001110110111100011001001100110001
000111111001000010000111101100000010001000010100110100100100101101110000011011110000000111110010
100111100010000000011001000000101111100011111110001100000101110010011100011010010011010111010101
011111010001001010001011101001000010100111011111010110100101011000110011000000010111111110011110
101100011110011011110101011010000111111000111110011011100100110010110011010110100000000000000101
111011001101111110011100110010100100011110100101100000001111100010111011010110101111111101011000
100100101100010001000101000011111100100101000001000010000010000000001011010001100010011111011101
111101010110100110011001101001011010011101101100010011010111111000011110101111011010110101010001
010010111100111010100100111000011101000110010110011100011110101011001010110101000101000101000011
101001100001101100100010110010111110110010001110011000001100001011111101111101110110000110000111
001000110101100111011010111010111010110101000100001100001110110001001000111110001110101001101111
110010000100100000111001100000110111011000100101000101101111100101011000001101001011011000000110
000110001100101111001011100001101010101111100010001010111011010100101111110100000111001110111101
110100100101000111001001111011111000011011101000100110100111101011110110001110010000001000010000
110011110001110101011010111100010000000101100001000100110111101100000001000110110110111010000100
110101011100010100111111100010111001111100010111111100100001110000010100100110000100000000101000
101000101010100101111111110011001111001001000101101000110111001011011010110111100001010001110100
011000010110111000101001010110010000110011000100010001111001000100100101110110100000101111000000
110100100100000010000110010110110111001000010110000011000011111111000010111110011110000000010100
110110010110111110101000011001001011000110001111110110110001000001100000110001110101000100111010
110001110110001110001011010111111011111010111110101011011010110100110100000110110000011010111110
011100011101100111010101111100111011010000101010101101000000010110000101000100110110001010100000
001001000100000000101001001000011001110001000011110000000010110100111100110111010000111101011010
000010100101010010011111011111110110110101101110001001100001101100010100010111101011100000010110
001010110101100011111111101011001100010011000110100000111010111100100010010110101011110010111001
010101110011111011000011010011101111111111001100011011010011010110011000101100110111101111000000
101001100111110101001000010001010001010100001011010111110110011000011110111110100000100111100010
100110011010101101010001111001100100000001001110111100100011111010010111010110111000000111000111
000001000011101100101001001101101101101000010111011001011001101111000101001010110101010100011010
010110111010111101110001110010011011001000111010111011010011011100001000101100110101111111000011
001101101000011111101001001001010000101011011101011100100101011010110100101101001001000100100110
011111011000100001001100111011010101010011001111010010000011110000001101000100101100010001001000
111101011100001110101011001101011011010100100000111011010110110100001001011011011100010100100001
011110001101010000011110011011011111011111101100100011101000110111100001001010010010000011101010
010011110110100101100111111110110010111110110110011010111001010101110111110001101001100011100101
110101100111000001011000001110101110101001110100111000101001010001111000110101110111001010011000
010000110011101110111111001110010111110100110000000010010110101110101000011001010100000010100101
011010011000010111000001001100011100101100001001011111011000000110110011110000101101110101111100
001110101001000010101011101110111011100010000011010001101011100011000010000001100000110100111110
011010010010001110100101111100011011011000000001001100101100011001110100111000010001011010000101
000111100110110001111100011011100100010100111101110000010011110001010000100001011011111101101101
100010100101000100001101111011100100110111011111010110101101001001111001001111001111001110100000
011001010010000011111010110001010001001010011010110111010010101101000011100100110110111111100001
110010001000111010101111000011101000100010000101101111111100111110010100111010010011010100100000
101010001010100100000111010101011010111111100100000101110110011100110001001110100111001111000001
111111111100111000010111010001100111000010001010111111011110001101111001100010001101010010110010
111110101000101010010010010011010100111110001000011100101101101000010000001010011101011101101010
111100001000101111001001001011100011001101000000110111100011101001111110101010110101011010110011
000100100011010000001011100110100100110101111011000000010001010001110100101001100011101100001100
011110010001000001101100011001000001010010000101110001001010010111111000010010011101110100110000
111101101101110000010010010110101101110000000100110111101101111001111011000000111111010111111100
011101110111001010000001110101101000000001110101011010001000001011101100110111011011110101000110
010100111001000111100001101101100001101110100111101111111000010011011111001011010101111100000001
110100110001010000010010010011010101111010010101000000111010011111100110111110101010100100001111
001000100110110101001111011010110110001010110000011000111110110100110010110000100100111101001110
010000101111111000011001001110101011110101110100000110001101000001011001010111001100010000100010
110101110101001111111010100010111001100000011110010001010001010000001011010011110100010010110111
001010100110011000110111011001001101100010101101111110000111101101011111010011100001111101111110
100001000001001101101100111000000001011001000001100111111011011110001000000110100000101111101110
100101110100100100110001110100111010011110101110101110110001000010001101110101101110000111101010
101100010001100010100101110010101001011001011011110100110001011101010000100101010101011110001011
000000111100000111111011110011101010101010010101111100001000010011000010000111011011111010000111
010000011001110110000011110110111001101100011100110001111001000110010000101100011100001100101001
110110100100101111001011011101001110100000100100010001000100110101001000000000111111100000110111
001101110000010100111100101010101101110110010001111100110010111001111111101001010001000000101000
000000101101001100000100101111010100000010111100101000000001010111110000110101100100110001101000
101100010111110011100011101001010011011101001101010100111011101101110010111011001100010111110100
010100000110000011000010010001010001101100110010001000001110011110110111010001010011111011010110
011000101100011111110111001011100100111100100010010101110001110011001000001011101110001111001100
000001111010100010001010110010101000011111100011111100001101111110000110010110101110010101000000
000101101100001100001010000101100100000010011101010101101111011000011110000101101101100010110011
111011100010110100111011101011111001111101110011000010111101000011111000110010111000110100101100
111011010111011110011000100101010110100010000010011101111001010010001001111010110110001110100100
011011010001111111110000000001001100000100110000000101100111101100000110101010010110110100101001
010000001011101111100110011110011011001101000110110100001011100001001101000001110111110111011001
010001111011110110011001010111111011110001110000010000110010011110000100100100010100001100101000
010101010111111100000101010100100100110011000110100011111100101101101111001111011001110111010100
011101011101101011110101110111000100100000110111100110011001111111111011010001111101110000111110
110111010100110101011000001110010101101101110000101000101011001100001011100010010000011100101001
101000111011000001010101101001000001111011000001110011001100000110110001001100001000100101100110
000011010011101010011110100111110000101101011001101101001111000001000101110111000011110111010111
000111100001111100011011101100001111011100011001111110110100000011100101111101101101011001001001
001000101001100111100101111110100001111011000000110000001000101011011000111111110010011110010011
100011011110100100100000110000011001110001110000011101100011011001000010100110101111110100111111
111110101100100000110111110011100001001111101001001001110011110001100001110111100011010011101110
010001001110101011001010101010111101010011101101111110100011011100110011000000101110000000010011
011011001101000010110101110000011000011011111001100110010000101101011001101101010010100100101101
110011111010000010000101100110100010101111011101010101110110011011100111110001000110111110001011
011000110101011110111001101101100100101110110101100001010011011110011010100010111010001010000100
010000011000011000011111011100111000111011000110010000001100101010000010101110010101100011110111
101101100101011110000001001110011101010111010000101000111000110010011100000110000100001000010001
000010101110110110011010001110001110100001011101010000011111100101011111011101011101011001010100
011101011101111000101100010100110000110011111100001111110000101111010000001011001010011110101111
111010100111010011000111100011001000011100101010011001010001011011100100111001000100101011000101
100111101101010011010110011000011100101110101101110111100100010101011010011110101010010101010101
000011110000101000111110010001000110100001000010011011111010111111000000001101111111001101010110
111011011011111100111001000011001001000011011101001001011001110010101000111001000000011101111001
010100110000000111111010100001001111100010111101101111101001010010110010110001001110000111011100
111100111001110100000100100011001000111010001011111000000101100001100101011010101101101000111101
011100011111111110111011010011111110000011110000000111000010011001110000010011111111111110001111
101100111110011101101111111110111010011001011011100100001011011101111100000111100110010100100101
110001000111100111001100001110000111001111001011011000110100110011000111101110101101110100011001
111000100110111000011110010011001111100101111010111101101101001101111011110101001110100000011100
011100111100010100001001010011111000100010000000100000000101001101110110111101010010010100011011
010100011011001000010001100100100011110100000000001000100010010101011011101001001100010010011010
001100101111010100010000111111001101110011101101111010100001101011110111001011101101001111111100
000111011111111001100100001001111001011000111000001000010101001000111011010100000000011111010111
001001100010010110010111101001010110100110000001111100101101110011100101010000010110000111101010
010001010011100101101111111001011001011111000010110011011111001011000100111100110100011110100011
110101111100011000000000111000101001101111001000001010100001110001000000110000110100001010000011
000101101110111100011101110110101111101011100111100001100010010000111111011110111100111101101000
011110011111101010101100010000010010010111001010111110000101000111110000101101110111001001100101
111111010101101111100001010010000001001011110000011000110100000001011011111110010010110010011110
111100111011101110001111111110011101010011011010011101101001000110010000110101111110001110100111
100000100000100000111010010010111010110101111000100111100011010110111011101000110011100110001001
010011000110110111000110010011001001000110100100110110101011110111101011000001011101110001010000
011001010001000110110001110010000011010101100111010001010100010101101010100000110101111011001000
011010110110011100010101111001101000010111010111011100101110111011010000010000010101100000001010
011000111001110000111101000000100110010101110110000010101011100000000001000100011101101101110110
101111001101000001010010010010110111110111001010100111110101110001011100000011001111101001011100
100101101001011110100110111110010000011000011100000100000111100100110010101010011010100011111111
111111100111111001100111100101111100100001001000110111100110100110001011110010111011110111111001
110010000011100111110111110110101111100110111111010100011111010000001001001111001000111101011111
101010101011101010011001110110011101101011100111011100100111011010000101111000000001100000000111
111010110010000101111010000110010001011010111111011000000001100110000010001110000010110101101111
111000110101101111010000100110101001011000010001011000100100101101101101000101101010100000110010
100111111100010001001000110110111001111110011100111100011001100110000000000000110111000000110000
110111011100001000111110001110101001010100100011101101010100101000101001000101100011001011010110
111011010001000011100001110100010110110000100100000111101011101001011100001001010001010100111101
110011000100000100100100010111111011110110001110101011011000011100111001100000110110011010110000
111111101010010100011010110111111010001110101101110000101101010011010001000100000000101011001011
111011000001111011010100011011010011001101101001101010100011110010010001010110000110001010010011
010111001100001011110010111000011110001100011001100110001110100101000010110111111011000111000000
011010001001110000011010000011010000111000000110100110100100100100110100000010111100010100011001
010110001111001111100011001000100111010000111001000110010010110010011101001011001101111000101000
100100110100101100110110110011100111011101100010011101000000101100000001001000010100111110110111
111110111100010110011101001100110111010110011000001100010110000110000101000010001010111111001111
000101011101000011011111101010010101111110011110101011111011101010110100010001100010111101011100
110111001001001100101011011100110100100010101110010100110111011011011010110100010000101011001111
111000011001101111011111010110011010110101011111000001011000110111110100111111011011100000001001
001000011101000001011011001011101001010011111111010110001011101110010011001101100101010110011110
101110111101010100000110110110101101000100111100010010001101000001110010011111100111001110010001
000100001110111011100101101011101111000000011010101001001011110001110101001010010111110101010110
110110110100111000101000011101001101010011111010000010000100010111110000101000010010001000001101
001000101110111100011100010110110011010011001110110001001111000000011000110011110100110110110010
110000111111011111001101100101100001011101100011101001001011101001110101111011011001010011101111
001011010011000101011101001000111000001000010110000101111110010110010110100111110100011010000010
110011100111001011101101110000010001111110111011000000110111110100100010110110010111011111010110
001111010011110101100110001011010011100111010101111111010101111011011001010110001100100111110000
000110110101000000100000001010101110011111001001011010000110011000011000101110101011001000010010
111011001001101011111100101100100010011000110001011001000111001000111010011010110001111001111010
100010101111111000001110010000011001110101111011110100001110111001101000010101011000100110100011
111001110000111010101000110011001010010111001111010101000100011010001000000101001010101010011100
000011011101001111111000100011101110011110001011110010001111100000000101101111000010110010000101
010110111001110100100011001011011100000011000101101001011101111111001000111000110101001000010101
101111110001010101000101000001001100000001010100011011110001010111111101000101011010101001100010
001111110000110001110001100001100010000111111001011010000010010001011101001011111110100001011001
011001011011101111010110011100110010011110000001001011101100100110111101100001111101100111011101
101111110110111111010111010101000000010110000101000110111000101101011001100001100000111011110100
111111101000011011001100001100101110000101110001111101001110011111111010011100011110001111100010
101011111011010011100011011010001110000110111101010101011010000010011101100111110101001111110010
000100110101001011001110010001101111100011000010100111101110110010001000001011000100000100010110
010010010110101001110000101101101000110001000010000100100110010100101000111010000001101111111011
010101111000111110100100100000000001101011000001111100000111100111011010010010110100101001010111
000000111011001000011100010101001000111010001100111111011010111101101111011101001011100001011011
010011011101110111111010010100111001100010001010111111001010001001100001110011100111001001100101
010101011111011111010011001111001010010001100001000001110101111001100100010011111100100111011011
011001101001011111010011111010100011100010011100101101101010010101001011111100100001100111100100
