001001110000100011101000001101011101110100000100101000110100101011111110111000111110101001100001
110101011011101011110111101010000001101101111010010011010011010110000010110110110101001001111111
011011100101000010101001001000010110100011011101100100101101110000101000111111000111011101111111
101101011101111010010011011001011011000010001010010111000001100110010001011010010101000100101100
011100010010111010011000010000110010110101101101110000100011111110101001111011110010001011011101
000010001000100110100001100100010000010110010101111010000100000110000111101011001001110110101001
101000111001000101001001101111111000010111010010011110000000010101100001111110011110010111000110
011000010110110100110101010111011110100010001001010010111100011110000110001110110111000111010000
000011100110100100110001110100010000110101011010001001010101111110111101000000011011001100000010
000101101001111111010110011101101110101001100110110010111010001110100111001100010010001011010010
001110010110111110101111111110101101101101110110001100011111111110011001111011000110111011011111
101010000101111101100111001101011010101110111101011000010111011001100110110010001101101100100011
101000000010001110001001011011101001001111110010001011110000111110010011001100110101000110001100
000111100001110001011100100110111001000110110100000011011101110100011011010111111010001011001111
110100111111001010000001100011001100101111100100101111110110010110100110011001101110111000001011
000111100011011101110101011011010000100011111110011000110001111101100010010011111111110000011001
011000110110111010100001111110101101000100010011101101010101010010110011010111111100000110000001
001110000000101000101111101101000010100000101101010000001111101111011101111000111001111000110001
111001010101101000010111110001000110001111001110110011101001010111111011110110100101110110100011
010010001111111101001010111001011110010001110100110011100010110001101010100101101100001010100011
101001010101110111111111011111001011001100001110001010001100011001010000110111100000111101000000
011110101011110001110101010101110001100001101100100011000111011010001111101010100111001010010100
110011111011101111111011101011100101010110111001011110001011101100001101010011101001010010110100
001011111010110100101110011101011000110001010011011010010001111101001100000111100010100000100011
101000001111111101100010011111100111110100110010111001101100000000100110010101010110111010000100
110100101000100100110011111001111011010111000101010010010000101001010110110111100101010000000111
001000110011001000000100000111100011010100111000100011001011011111011011111001111010110010010011
100010111001010000010001011011101101111100111101011001010011101010001101111001010100011100000010
001001110001011100000111100110101010111010100011001011010000010011101100010001000100001010100010
000101011010100011101110111100011111011111111100001010100011000110110101100111101001001101011001
010001101111000101011100110101101100111001101000110011010011011001100101011000010100100001111010
101111000111001111111111100110001011010000100001001010100010001111001110001010011000000100000101
100010110111011111101100101101110001101100010000000111101010000101111000011000100110101101010001
000001000000100111100010110101001111011010100100110001011110100100011010101101100101101010111010
010011000001100110111011101100011000000010000001110100110010101010111111111100101011101010010100
111000110011100111111101011100101011100010111010100000111111010110101000010101000111001001111111
110101110011101010000000111110011110001111100101011111100000111111110100000101111101010110001001
010010010010001011100101110000011100011010100100010101010010001110110011100000111101110100010000
110000010110010000101110001100110011001101010101010101111101000001000111011010001001110000100110
001100001001110000101000100101001111011000101010111101100111010110010000110001000111011001010111
000110010110011110100110101010111000101011010001010101101001100000011001010110000110010010001001
101000111001111000011011110000110110100110000001100101000000111001100110111000010101111101100101
011010101001011111011110101001111001101100101101001110101010000100011110011110001101110110010111
101011001000111010000111001011001001110100111011101111100011101011111111101001100111101011110101
101100000111101010100111110101111011110011100000101101001010111111001110001001111000000000111100
101000100101010000001001110110101110100010000110101111110011110110010001101011000110011010000011
011011011100101000110010111101101001001111111010100011001010101111001111101011111100000011110111
110001010000100010101000010110111010111010111110001001100100111110110111100111111011111001001101
010011011011001010111001110000001101100101010000111001101011000101000110011101111010100000111101
011001001001000000101101111000111011111100011111111001100011100111101101110110010111110111110100
001100000101101101110100110010101001101111101001110000101011011111111100010001100011100110111011
111101010101110001011010011000100111110111111110001111000100011010111011110101010001100011001110
000100101010101111011110110011111101111101110010100110111110101011000111101101111001111000100000
110110111110110110110101001110111110011011110011100110010001000010100110101001111000111110011000
010101101100100101010001001011111001101101001101100110111001101001110011100111100001111001111100
011101011001111111000000110100110000010000011110001100100110010000001010001000110011111100110010
110010001000110001010001101001101001100011111010101101000011111100110100101101111110011111000001
000100111111101011001100000100001001100110000110101000110101101111011101010100000011101001110111
101101001000111111100011100001011000100000011110011000101011100101001000011000011000111000111011
011101010110011000011111011110000111011101111010111000011101010100000010001110011111110011110001
110110000001101000000110010100101011000000010101101101011100100111111011011001110110100011011111
010011100001011001111110001101101100010011001101101000111110100011011001111110110111100100001110
000101101101100101010111101111100101000010110111110010010101101100010111111110000101111101110000
101111000100001111111000101010001001110010100110000011110101101101011000010010000110110110110000
111101101011011100011000100101001101000101100101101111100000110111100101101100110100101101000011
101101100000101111100000010000110100110110100111101101000011001011110010110101110110101111110010
111111011011000001111111101101001000101100100110100110110111100010110000100001000110000000000111
111000000101111000110101111110110001001011100110010011000000010000110000110000000001011101001001
110011100101111010011100110101110111100011001111111111011011111011110110011111001000111111000111
001100111011010010100010101010001001111111110100110110001001001000101111010001111011101011010100
000101000111111000100111001101011000011101001101001111100101010111001101100110010101001110001100
111101011110110111000110101101101010111010111101100011101111001001111001011011001101101000011001
110011111001101100101010011111000111010110011101000011000010101011100011110011001101100110101101
011000010001010111011010100011001100101110101001001010101001111000011011011000010000101111100111
100100101100111100000011111101110101011001000000000011111101011100111110010001110110000001001110
001011101111111110000001010011100100000011100011100110000001101110001011110000110001111011100010
010100000110001011010000010111010010001111100001101101110000101111001101101001011100100101111000
000010110101010111111100100001001001111111011100010011110111011110010101011100000010110011100011
101101110010000111100000101110111101111000110010101101101010000000011111111001101001110000001000
111001000000001100111011000100101111011000011110010100011011111010001000110101010011001010000011
100001111000110101111011110111011101101011101100100111001100001011000101010111110001000000111000
101111100100101101000110111000000000111100110110011011011111001000001001001100001000100010001110
001001010000110001010110000100101011111101000000110100000110000001110100101110010100101111110000
110111001010110100111111001001100001010011010011001110101110011000101101000111011000001111001110
000000000001110011111100100110000000111101110110000011001011010111001011100001111111100110000011
010110010001101101110110101000110111100110001001100111100010011100100001001110011011010010110011
100001100010000110000101001100111100011011011001010100100001100111010100001000101101000111100010
111111110110010001110010110011110010110101111001011111101111010001111101010000110100101011000111
101111111001100111100000000101111111010011001010010010001101011110010010010000100101111001000100
110110100111110010000010011011111010001010011110110010111000001110110000010111110101000100011100
101000111011100010010001001100100010000111010100010001001101101111110101011001100101000011111101
111010110100001111100001101110111001111011010110100011010100110100011010000000011000010001111000
110000011101010010100101000100000011101111100001100110010111000011111001100010100000100100011110
101001000001001111100100011011101110001110111111011100111011100100110101101101100010000010011111
111111101011001111000010110100011101110101000111100111010001011000011101001010001100010011110001
010011011111100111111110001000111010100010001110101101010101101111011000010101011011101000111011
101001110101010111010111011111001110000101010010100111011001011000101000101000111111001111101000
000100011110110001000101111101100001000010011001100100110011000100001110001110011101101010110001
110000001110010011010110010100101100100100010101101101111011010010011111001001011110010001111000
101010000010110011010110101011111010010001101001011011001010010000000010000110100010010000110111
000010001111001101111101100100100001110100101010001001101011110011001011000000000111010000011110
110011101111110101110000000101111011001111000011010110010010001011001100101011111100000000101010
100100101101010000101011110011111111000110111011001001111100001010100110110011000000110011100011
011101011101001011001010100100100011100011110010100011111100111011000111000011110110111101100010
101000000000000011001000100010001101111010111111101000011101010100010000101010111100011110011011
000011100011100010001111000101111100001100110100100010000011001011100001000100000011010111111001
110100000101110000010100100110001011110010001101001000010111101100101001000011101001001011011011
111110111010010111011010000001010111000001111100010101101100000011010111000000100110011000001111
001110011000000010100010110001101110110000000010110011100000100000110001000101111100111000100000
100110111100000011101010001111011100110010011101011001001000111010110100110101000110001010011010
110110101010011000101001010101110010000001000010001000010110011101000100001101011010101100101000
100111001001011110011110110101101110000111010010110011100011100001000111011010000101001110000101
111110101000000101010000100110001111010101010100100111100000011101111000010001100001110110001000
000100110101011000111000110001000110000110101101100101011011010011001111111001101001000001000101
100010001100101001111111111010001100101010110100111000001111111011101111001011110001001011111111
110100011001001011000000111001111010100100011110100001101101010101111001000011011110000011001001
010001001101110111011000010100110010011110110101110000001110101110110111010111010111000100010000
011001111001001101101101101101101000111010000010111001111100100100101000000110100110100100001111
110001110011110000101100000100000001110010001111011101010010101010100000001000111111110100111011
111011010010101101010100110101010111110111100110110111111001011101011010010000000001110000001110
001110101101011100010111111000110110010110100001010000010110001110100010001000101011000011101100
110110101000001010001100000111101000001100010001010001110000101001110100100001101010010011011100
110100111000101000001100001011011111101101101101010011101000011110010111010011011011011000100000
010011001001001101001011011111100011000011011001011001100110010101101110001010000011100010000011
010000100010000100101011010010110111010001111010001101111100110111100010100000101000010011000011
111111110110000101000111000000101010000101011010100110000101101001001101001011011111011000011100
101110000011100011111100110101000001110110100111100111010110010111010011110000110100010000110001
101010011000001001010001000001110100011001101110101000001011101011010111001001000000100000101010
100100011010011110000110000101011010101101000101011111101001011111011011111001011101101000101011
101111110000000010001110111000100100100011101011110101110100011011100001001110011100100111101110
101111110000001111011001110100000001110011110101101100101101100011100001000111010110011100111100
011101000100010100000011110111011101010111011000001110111111000101001000110011100100001101001000
011101101110001100001011110001111101001101010000010011111111001101000001111001110001110000111000
101010100101100100100110100111011000111110111000110100011010111001011101001000001101110000010100
011110000001000111000001110001100100110010110101110100111101010101011011100100110011001100111110
111101010100011010000010011100100001011011110011110100011000011111000100111111010111010101111011
101111010000010000101100001100101100101001001101000111110100010001011000011010111001010101111100
001100110110100011001001110110010100011100111101001100101100010101100001001001111100111101110101
011000010000011010100011100110110011100110100101001111000001101111101001101001100101101101101001
001100010101011100111000100010011100010111010101000010100001010110010110011011001100000010110000
101010011100011100000010011011111001101110011010100010100001000101000111000010111010010111001000
101100111111111110001100101010110011011001100111011011000010001111010110101110010110111101100101
001101010110011000101001101111101100111000001001101010010110111001100001001011111001100011010110
110000101010011011101001001011001011011110110110000011100000011111000010110110100110001111110110
110101111010101010011100111010110001010101011001000010111101101111010110110000111100011100110001
101000001100110100111011101110000001101111000010010100111100101111000010110000001000001101000100
101000110010111011011101001110100111110011110010100011101010011000100110101110111010100101111100
000010100101001100000011010011110100101100011000001110001101000011100010010100010000000111000100
100011000011101000101100000010111011001000010001000001011011101111101001011010110011011100011011
111000100011000101010001001010111110011010101101111111110110101100110100100000010110111110100001
010100000011100011010101010011110111010001110001011000011101000010111011101100111100001101110111
010100100010101011100110101111000011101000001110101110000101100011111011110001000110101101000111
001000110110010110100010000100001110000000000101011001010101110110001100110001101111101011010110
111100100011010100011100001100000001011101101010110111101001111111011000010010010101000110001110
111101111110110101001010011010010101001101111011101110001001011001101011000000111101010010010010
100011100001101101010110100111000110111100011110000010100100000100001011001110001010000101101111
001110100101111001111000000010111101011111101110100000101011010010111010010101010101000110111000
110001111011111110100001111011000011110110100001000111010010000011110000000011111101110001110111
011000000111101111110000101101110000111100111010000110011011111111111110010000000100011000001010
101110100111010011011011010011100111110001000010111001101001001010000111101011011000100000000011
100010111000100100011001011101010101011110110000010000111110101101000010001110110000101101011001
101110001111010110010100001101111010101110010100100110110101011101110111010011011010010100100111
000001000101000010111101011100101010111010010101011001001011111011111001010000011000011110000101
001001100000010100011110111010110011010010000010110100010101101010010010010111110111011010011010
100011000001111110000010011001000101000101100111000110001010101101000111010110010001111010101111
100011000110100010001110100001000000100110001110000011011100110011111101011000000001001011001001
110100111001011110001001110010010110000101110000000001100110001011000001111111111001111111110010
011111110011011111101100000101000110001110011100011100111110001011110000111110101110110101000111
100000110000011100001110010100000000010111000110001100011100011000111011000011001001111011101000
011000101110011000111100011110011011000101010001011110100110101101000110111100000011011001111011
000100101101001101110010110111100111001000011001101011000101010111001001011011110100100000111001
111100101100111000011000001010101001110101101111111000110100100000000110001000101000000001110100
101111101011100110100100110011100101001011110011010010100101011100101111000101111110110111101100
000110111010101000100001001000001011110111110010001110101010101010110011101010010010100000100001
100110101100010101100111100111110100110111011110101111011110010100011000010101011111111001001001
111100100001011000001000110101010010000001011000001110101101100111000011001110001011011001100111
001001011111000100000001101011110100110101001100001011011011110011001011100001011101100011111011
011111010100101011101100110111001101011110110011110010011101101000110100100011111011001110011010
100101100100010100001110000100001100101100100000011010101111010001010000100111100110011000100110
010000111111100110000010000000001111100100101111101111000101100100101111010111100100111001010001
101111100000011001110010110110001111111101001110011110001100011001100111111110100100111000111000
100110010100011010001011001101110101100011111110001000111001010100000110000011000011000011100011
111100111101010001110110010101110000100001110101011000111011110011000110010101110011000001010001
000111011110110110100101000010010010010010010100001111010011010100011110000010000001100111110010
111010111100100010010011110101110111111001011001111000010011101000110001000001100010111110010010
000101000000001001111110111111101110000000101100100110000101010010100110111110000001011011011010
011000011000000101101000111010001111001101101110101100110111011110100111110001110000001110000000
110011101001001001011010011000100011000011101111011000110100001110101000001010011111011101100011
011000100000111100011010000110111110110001111101001101100100001000111001101111000001101101111101
011000111101010110110100000001110101000000010111101001100011000011111110101111000011111001101101
101111001011011100010101010111011000000100100100011000110100010111101011101010001011101000010111
110001110111110110001100110011101011011110000100010110011010110011100101010100101000111111001110
101001010000101110111110000101111010001010100100100110101001010101111000100110101011010101000001
010101000100010110110100010000000000010011000010110111110110010111011111110001011101110110010011
101001010000001100010000001101101110011010000000010001111101011011000111111110101010111101011100
110010111011001010100111110011000011100100000111011111100010100111001001111010101110001110001010
100100010001100110101010100100101111000101010011110101111001010100111011110100111100101100010101
110100100111000001000100010000111101111100000100110110111110011011011000100110000110111110101000
111010111100110100101111011111101101111111010001110110011110101010010000111101000010000011100100
101011001101111111110001110101000011101110111010111111110011010110100110000000111001010110001110
111001010110000100001010111110010110001001100100100011111000010011011101110111111010100010110000
101111101001100110011010111111011011011111111100010100110101100111011001011001111001000011000101
010100011110111011011110100001101110100001000111101101110110110110000010110110011111011101000101
111100101011010001011001000110111011000010110110111110101111101010000110100111110101111110111001
110001111111000010000101100110011111100110100110010101001001010110011000001111010111101100011001
010101101110011111011101011100101011000010101110011110010000100100011110111110000100010011010110
101111010100010000110011101111101011000001010111111111001111111010100000101111111101011011001000
110011011010010010011010011100011001100111001111110010010100010100000001000000101011111110011001
001001110100110000001010101111001100101101001110011000100011100111001011001001001010001001001000
110001001001010000010010110001101010010100010100010101100001111100101011111111111100100010001010
010110001001111000001000100111011100111000110001110010111011110001100001101100000001100001001010
101011011010010101010100111110100010110011101110000010000001100001010110101110101100011111101010
010011110001100100000101100011000110110001110011010001000100010110010010100100110010001111010000
000011010111111100000011000001000101110011001001111000111001011001110100101111111100010001011001
000111011010011100101100111101100111001110110010011001100100000111111000110111100010111111011110
010000001001101101111101111010010110110101111101110011010110001100001011010101000001110101010010
111111101001110000000010100110001111101110111110110100011111010100110110010101001101111101101110
111101110101100100110011110110100111100000010101111011100010100011000101110010011110111101110101
011001010101110010100111000110000011011010001100110101001111011001011000011111011111111111000010
001110111000001001110001111000100110101101010001000000111100011111010101010000101101011111111000
101110101011000011001110101011101101110101000010001100100111011111011001110101101111110101110111
010010001001011111101100100111111001110000110010110101010001011100100101100001110001011011111101
110101111110000001101100010111100111110111010111010111011001000000100010110110110101101100001111
010110101100111111010010000000010110010101111010010010101110100011111100100101111001000000101111
110010011100101110001101010101001111110001100100010110000100010100001100011110110001111110100110
110101010000101010111011001011101011000000111011001001100001110011011101001101000100100011010000
110000101000100011101110000011011010101000010011000110001010011111100110010000011011001001000110
101101110111011000111010001110001001000010111101100011011010100011110110010001100100111001111101
110010110101101101111110000001111101111000111110100010010110110100001110110111000011011110010101
100100011101110110000111000100110011010100000111000000101010111001001001010110110001101000110111
111111010001010100101100101011110111100111111101111010000000100010001100110000111111011100010111
110010111011100011011010110010010001110110010010001000110100010101101011001101100110001100011011
010110100100100110110101011001101010001110010101111101011010010111100101011000000011001101101010
100100111100011001111000111010000001110100001011000110010101110111100110101111100110110101111101
011001111001011011011011001100111001110101101010111010001000010011000011001111101111011111111011
110101101001010001010010100011101000100010111101110010111010010111100000110010011111010000100001
110111101001111100110010100010000010101010101110100000001010011101100000000011110000101101011011
111000010100110100101110111010010100011011101101010001000011110100001010010010101001100001101000
010000110110110011011001011000010010001110110000101100010011011010001101000000110110011110010011
100000101000010101111000101110010100000010000000000010000010000110011101111101010111000100001110
111011001101011001101010001001110110010000011000000100100001010000010010110110011110110110111110
010001101000010100100011011011110100110011110010000110000100011111001111001001110011010011011110
101001101000110111011101100001111100111111110100110000101111010111001110001011010101111010101110
001110001000111100111000001011111010000010001001101010100100010101001110110010010001110101010111
000010100010100001100111111000001100010001100111001001000000110000011100101001001101011000011100
010001110100000011110010010001001100110001000101000101101101010111111101100001101001011010111111
010011010000000111001110000110001001101111100111001101001100000111010111111100111110010000000101
001000000101010101101101110000110010100011111110111100000001010011001000010100001111011011000010
001100111111110101110000111111100000000100100010011010101000100101010011000111000010010111101101
110101011000111101100100100101000110001010100110100011011110100110000100000000000111001100001111
001001110001110110000001001111111110001000111010100101101011011100100110100101001000001111000001
010100011010010111100110010010110011110001011100010110111011011011101111001101010000001101010101
001101000001111110101111001011101110001010001111111100010101110001111110100000110100111110110010
110111011011001111100101100000001000011100001000011100101000111000101101110011000100001101011100
000001101011010001100100110101100111000010101101110111001000100010111001111111011110110101010100
010000101100000110100111100011000011001000111100011100101110101001100101000001110111100011011110
101000011001010001010011101101111011010110101001100111000100010000001001011101100110110110010010
100111000000001101110010010011111110011010101000111001011101110110001101110011000110111010111100
011100101011000101100100101001000000010111100101010111101011000111001111101000000110010011000110
111001001111101110100111100011001010000001001101001010110011101110100011110011010110110010001110
110101100000101110010101010001001000110010011000100010100000100001001011001110011101101101001011
111011011010011111010111000110001010011111100010101001111100001011001010110011000010111011010001
011010001110111100100110011110000000010000011111010001011011000001010000101000110110111000001000
010000001101101111010000100101110011011000111110010100011001100011111010011001110001000001110100
010010111111110000110000000101000001010010111001011101110100000110001011100111011111101000110101
010001010000110001100010110000101000001100110110011110011111100001010100101011101110010000100101
010010101101101101010000111001111110111101001101001010001100101101001011011111010111101010111010
011000101110101000111010101010111001000010110001001100011001111010110001100010101111000001000001
000110100100001111011101000000100110100101011110011100010101101011010101000011001110011100100000
010110000011010100101011011111011001110010111110100110011010010110001001100000111000111111000001
111000110011001010011110111111010111011111111110000011101110100100011100100000111011010110011100
000110010010111010111110011010100101000101111011001000100101011000111111010101110011110000100100
111010111110111110000111000110101110011100100100000011010101011101000101100011100010011111101111
010111100111000000010010101010110011110010100001100001100010000110111011000011100100101011001111
011110011101101011111100000011100100110001010111000011010100000000001001110110011001100000100111
100001011101101010100010011100000010010001011010110111011111100110101010001000010011111110001100
100111000111101101011010110001110001110000011000010111001111101011010101100001101000010011001100
001111100110000111100111001010001000000001010011101110000110111110010111011000000110100111010000
001001010010011000111110111011100110110011100010101101110100000110010110000101100110001111011010
001010101001001100011110110001010101001101110010000110000111000111011100111111010111101100011111
011101011000110100001101011111011100010100010010000001011000000010100111011110001000001101011111
001111111110100011110101100101100100001010011000001010010001011100111010111000100011011010001100
000001011110111010001001111101011001001111010100001000010001010110101110100100011000110001100110
110011101110010111001010101101100110110010001100000101111011011000100001011011010010100110011000
000000010101101111111111110110011010111010010010010110101111010001100111111010100011101011010011
001000101100111011101100100011111011011001111100000001110110100001001110100011000101100001101101
101001001101111101110111100101011001011111001011001111011110001001100011110001011111100010010000
100101001000000000011100111001000011101111001111111100010001011100110111011101000011100001001000
000011100001101110101000110001100011010010001101100101000010111110001001110110010010001011100001
111111101010100110101100000011011001110110110111010100011000100100100011010100111110100001011011
111110100001110110000011100101111101110110110100000001001100100100011001001110001110001100111101
011110100101001100100111101110011101001011110111011000111110101010010101111000111110100100000010
100010100111111010011011110010100001111001011000001001110010100110111100000010000011011001111111
001111011001101110000111111000111100011000000100101110101000111010101110101110101101110111100110
101011011001000000001100101101010000101110100000100000100111010110010110100001110101100111010111
001110110001001000010000011110010111011100010010111101000001000100110001100010011100101101001111
110011100111000101111011010011111001010000100111000111010101101011011011011010111101100110111010
000101110000011000000001100111101100110000100001000000110110111101101100001000000011111101001101
010001010100111101100111100000001110011010011110111010111011011101111000100100000101110100000000
110001011010010110010111010010111011110100110000000101011000001100010001100000011110011010001010
111111111100011001000101010001001001010011100011100100110001000111110001110010011010100010010111
011010000001010000101010001111001001011101110110101101001000010101001011111000101100000110101100
101001011101001111011000011011101111111000000000000000000000000101111011111110000010001111100000
100011100010001100010011101010100111001100011110000111110011010000100101111000101010000000011011
000101101000011101101001110010001001010001011011010110100001010101110000001010100101110011001001
100100101111000110011010001000110000100011000101000010011010001001101111010000100010011000011111
010100000101010001111110110000101010110001011100011100011100110000010011111011100111000100000100
000000110001001110010100110010001101010001100100010001001010011000010001011100011101110100101001
010111100001010000101111000110000101010010000111100100010010010001011110011100101111100100101101
111111110010000100101111111000110011010111010000111010100110111101100100111111101100011111001001
000001011101101111001010010111110111111110001010011110111001110111111000000111101101000000101111
111111100011010100110100101000010001101111100110000101001011110101101010101101011000011011101010
101010101111011001000111100000111000000011110110000111001010110100101100111000101010100000000010
100100100001111110000010001100011011101001111100000101110100100111100101101000111000110011100010
011111000001011000101001000010101111101011000011001000001001011110010111010011111111111010110111
100011110110101110101001101111000011100010111101100011101011111100010101111110100011011000100000
011101011010010110100000001010010111100010110010011001001100101111100001000011100111100110000111
001000000110010110001100001010101101010001101101111101101001010010110011011100001010100111100111
010011000010110010111100010001110111010100001000011010111111110000100011101011001001111101010001
001010100101001000001011011000101000101010010101110011000010100010011000010110111100000011011011
010101000101100101111111010101111101101111110000101110001011010011011111100101011001010110100010
011110100011001001000000110000110111000101010100110001100011101111110001111010101000100001001101
111101000011001011110000011110100011110011111101010101011101011010110011000010001001011101110111
100101101110100110101010111001100101101010001100111110110100101001010101101110110001001101111001
010101100110110110001110100011001101101101011111011010010011001101001100000001000110111001101111
001000000110110000010101101000011010101101001101000010011000101011001001011000101100001101111110
101011001001110010010010010101111101100011000100010111111000111110101001111011000101000101000001
100011001000110000000110011110000011011000111100000111101001111100111100101010001000000011011110
000111010011111010011011110001010000110011001110010111010001110010100001101111101111010100111010
010111010010110000100101111101100000111010110011111110100100010010011000011110110000000000011000
000000000011001101101000010001110100011100111011011011010000100111100101010010000011101001101101
000111010000101101100011101110100110100110011111000101001111000110010110000111111011101111100100
000111011000101100111111011011011100010000101101000110001100100010111110110100100011110010000001
001000100011010010011111001011011101101010111100101001001000010111100011110000111000000110010110
001100000110011001110111011001011011111100101111100011001010010010001001011000010100101110111110
110001110101011011110000000000001111101001011111111001000100010000001010001001010110000001101100
010001010111011100100110110011001101110111011000001000010000111100011010001011011000101000000100
011100001010010010000111011011110011100010100100000011011001011111011010001100000001000111011001
010110001011001000010000001011110001000101111010101000001010111111011101001000100101101001011000
001000010111001010101000000001010111110001111110111001000011110110100100101001000111001001011000
011010110101111010110010111111000100000111000010010100011101111101110000010111111110010100000001
100010101101011010100011010100010100000000101100010010101101001111100001001001011010111011101001
110111110011110110001011001010110011000010101000110000000100111101000000010110111101101010111101
100101111010100011011010010111001111000011011010111110010101010000010011111011110001001110011110
110100100100110100110111110010000101101011100111000011100010001000010100000000000111010010100010
111000010101010101111010000000110111001101100110110011001110110101000111110101110001010111000000
100011001110010110010011110111100100011101001010101001010001011110000100010001000111001110000101
100100111001111100101010000001100101001110000110010110010110110100011100000100001001111001001001
110010100011111100010001010111011000110111101100111000011110001111111111011111110001110001111100
010110010000000011100101001010111010001010100010111011101000001111111001101000101110001101111110
000101011110110000100100101010001011000111011000110110010001101010010010010000101000000101010100
110101100000101011010101001110000110011010101110010101110011111101101111101001110100000010010110
011100000110101111100101110000011001000101001110001001100101010000100100110110000110001101010100
010101001000011101111100101000100001111100111111011111011111110101100100110100011101000000011110
000000100110001110010010110011110000100010100100101101001011100110000100001011101111001110000001
101010011010100111001100111111111010111001010001111011000110000111101111100000110110000000100011
000111100001110000111110111001100011011101111010011110101011111101100000111101101110001001000110
111000001101000000010011000000010110011000010111011001110100011100100100010110011010011010010100
111001000111011101110010010000001011010110001000011101010100110001100010111101101100000100010110
001101101111010110100010001100101010000111011110000101011011011010101001001011111101001101111101
110111101000010111100100101111011011110111100010111011110110111100001100111010001001010100110011
001100111110011111010111100110011010100110110111101011111110110101001110100100000100111111110110
100010100111001110101010100010010010101110110101000110111110011111010000010010010011101010001110
100001000011101000111100010100111001110110001010010000011111100010010010001101101111101111000000
110000110001011110000010100101110110111111011001010000000010111001010101110110010000010110010100
010110111011111001100000101111101101011001000000010011001111101010001111001101110111011110000101
111001010010000101110110000011000110000111000001101000100110010101010010001111100000000111000111
011011111001001011111001011111000011110000110000001111111110110110111010101001101101101010000011
001110110100000111010101100000000001101100100011000001011100100001000010110001100111110101000101
000101101110101100011111001111000110011011011110011101001110000101000111101000010010101111001010
100100000011110101011000111110010011101001011010010010001010000100000011110011111100001100100110
110110100011110001110010110011011100000111010111001001001111110011111100110000110010000011110010
110111000101001110100010000011000010100000100010001100101000110000011001101101100111010111001110
000101101111100000110011110100011010011100100100000010111111100101111111100010100001000000000100
000110001011001101011000111101001110101101010111000100110111011110101010100000000100111001110000
101010111011001000111111111100010000101110000110111110100111011111111111101011100101000111001110
111010011010001111111100000011101011001111111001011010111101100110011001000110010101111110010100
001011100000010110101001110111000100111101111111010101101110101100011000100101101000110001011101
010001011010101011101110100111100100100010101001011110100010100110010010101010111001010100000110
010000100110001110011101110010110101010010010101010111011111001010100110011001110000010100101011
010010111100101111101001111000001100101011110001010001010001000010010010001001100011110101000011
110000101010000101111010101000110010010110110110111100111010100000011100111111111011100101000011
001111101100001000000001011011100110011011101011000100001111111011010010010100001000100101001111
111010011011011010100110000111101011100011011011011100100000000100101110010001000010110101101010
010101101000000111010001101101100110011110011110010011001100010101100100101100011101001100010100
000000111100111000000000100101000110011010111011010011010011010111010010100001001001010000011111
111011000000100001011010110100100010001011011010101111111110110110101001010000110001111100001011
110001101111100000110010001100000000011100000000000110000000101011001111010110011101010001111001
001101011010110100001110001100101001011011100000100110100011101111011010011101000010001111011100
101000100110000001101010011000010011110110111011001001111111100110000000111100100011001110010111
000000100111000011110110100100100010111011010111001101011100011110111011110100100001111010001101
000110101111110110001100100110111010001011010001100000000100101100111010111001001010100101111110
000001100011010001101101011001010001100010101000011001111011010011101001101010010111111001101010
001110000100011100001011000001111111001101010110110000011101110110010111110011110110010000101000
110110100001000110011100100110111111110110111100011011111110111101111100001000011010110110001100
010101100100111111011110000110010011011101010110001110111110011111011100011010000001111000001100
110001010100110000110110110010101110000011110100000110001111100011000001100001000111101011101100
001111110001001010100001100011000011010000001001001000011101111000110111011010111010001111000110
101011100111111100111110101010100010100001111100000101110001110011011111101011000001111011111000
011101111010001001101101000111001100100111011100000110111110010011011110101111000000011110001110
011100110011001100111110001111011000000011011110011101100010111110100101010011001011011100101010
110000111011010101000110101001001010010111100111101111000100101000100100000100000110110110001110
001111100110100101110001100111101111100001010001010011100111001010011100000000100111110000111101
110110101110100000000100100010111101111001001010110001011010001110110011101110110100011101111101
101000010011001110010010010000101001001000000110011111001110111001010101100010011101000101110110
000110100100111111010111011111110000100010000111101011011111011100000110010011001000010110111111
101111101101000111110101100011001000111101110101011100110110001010000010001100110001000010110100
010110010101011001110101000110010110011011000000100010101110000110011110100011010000110000111100
101101010111001010111010101011100100110010010100101011010100100000001100000011011000000110000001
110010010110011010111001111100100010000110011011000010100101110011001010010100100110111010000110
111100110001100101101000001011000101101000111011110000111101010001001001101110001100001000001110
101111110001111101000001000100001001010011011110101001010100000100000111111001101001011100011000
101010110110001000001100111011000011101010001111000010100101101101100111110111101101100000110101
010001011101001111010110110000011111011100011110111101010001000101100101111011011010100110010110
011111001010011011000110101000001001100110111101000111001110111000001110000010110110011010101011
111011000100001100001111011011000001100001001110001100000001111011000011011001001010110101110111
111011000101110111100010001001010100100110011100000011111010001100010101001010001111101011010100
011101011011001101001110001010010011000000110001011000011001000111110010000110011001101110011000
111110001011100010010011010101010110001110101011010010110101110000001000110101010010000001001000
100110101011000011101111001011111011000011010100100101001110011111111100010000001010011000011011
101110100100010011001010010110111011011000011100011010001001000011010111101001011011100011010010
010100011011110101100000100010101100111101101101000100110001011011011110101100010011110101100001
100001110010000000010001100111100011101010101111111001001111010101111110010100111100101011000001
101000110110101001110000101001011001011101011011100010111101000101011001110101001100000010100010
001000011000101000000110100101010111110001111101010001110011101111001101100011101110111000011100
110110111010100011000101010101110010110000100010010011100110001100011001110111011001001011101100
100111101001000010100101011000110110111101011111111111010000000000100111011111000111110101000110
111011001011000000110010101001000111100011001010000000011011000000111101111001111010001101011000
001000111101100101101100011001010110011011011100100010001100111111111010101011100011000111010001
101110010010110101111010100011000111001001110000101011100111100111111001011011001011101100101010
111110100000100111010100111011110011110000110010110100000100101001010011000110101100010111001111
101011011111001110010010101011101101000101001010101101101110100010110010100010000000000111110001
001010011101101110001000110101000011001000011000101111010000110101101001110010010010010001000110
001001000001010011000000001101010001101111011111111000011000011010101101101101100101010110100110
100101011111010101111111001000010000100101111001110111011111001110011001110101011010001010011011
111000110100100010111111011010111010011110000100011001010011010011110111111101001001110000010101
101011011001011100101000010010001011110000011011000000001101010000000010111011100100111011000110
011000111100001001010000100100000110010110101111001111000101101011101110101110001000100110100000
011101001001101110110100011000010100000110101011011001111011110111111010111010110001100010110100
000100111111011101010110101001000010100110010000010110111000001000110000100110101100000111111110
010111111111001100110101000110000101000101011111100101110111111111001111000110010111010100010010
101010101010101110100010011110111001001011001001101110010110000001110001110100011011100000011011
000100111100111010100111110110100101001011100001000011000000111010000001111100111110000110111101
000000100110010011001011011011100000111010110101001101111101011001010110001001110101011110100100
010001110101001011010101101011000011011100010101000011111011010111001000100001110111000000010100
011101111111011111111100000100101110110010101110110001001000110110011101100100110110110111001100
100100111101001100010111011001100110000011100100001011101000011100000000101100011000010101110000
101001100011011110001111111000101001100011101111011101101010100110010100010111101110000001011100
011110011000110010100000111001101000010001010101101101100011101110011011100110110001001111000111
011011010011100011010000011110101100100110011111011011010111001000000010000001110010010110101110
100010011011011111101000111001011010001101110010111010011110010110001101001111000000100101001101
001010110001000001100011101000110000101000001000101000001010000101010010000110000000010010011001
001001000010101100010011110000011010000111101010101101011100100011001111110000111010100101110011
111111001101110000111010110111011010000010101011010101101001101011010010011101001010010110110111
110011011001001011110001011010111100010101100011000000101111110111111000101100110110001101110011
011101100111001000001111001100101000111110100110001100001001001011000101011001100111010000001000
011100110011010111100000110101011100010100001001111110010001000100110110000101110011110010100000
010010111101011000000000011100000101100000111011000000000010111001100110101110011011010001010001
111111001110010110111010100111011000010101110101001110001111010110100111001111101110101010100011
101111010110111100100011011001001111010111001101111000011110101110001000100101110010101001010001
110101101010000111001100101111101111011010110000000101101111100110110111000111100110010001110111
111000000110101100111011110011011100000011000010111100001010110010100110101110011011010001101011
000100101101110010000101101111101101110001110010111100110010010111001100110110001100111101110011
011110001011111001001101111101110101010101110010011010001100101000100011011111111000101001011000
010010010100000011001111100100111100101000101001010010011001010111000111101110100000001101011110
011011011010100111100111100000100000111111111001101001111110101000010111111011100010111100110010
100011000001101111111100010001000010110001011100011101100000110010110101010110110010110111010100
101000111011011101110000110111110000010000001110110101111001110010111101110111001000010011010111
110110100001111000001101000011110011111110001000111100000010001011111100100110010011000110100010
101110101011101011001001100110100000110010001010011011011011101001001001010001110110110011111010
100111111110100100010011011100000001111110011010010101100101011011101110001101000101000011101110
100001111110101011101100001000101011111000110101011100100000101101111000001010001001010001001011
010101011111101010110000101001001100001000011011110000011010100000010010101110010110100000011001
010010101110110010101000110011101111011011100010101111010100001001100100100000100110010000010110
010010111011010100000011101001001001101011011001000001010001100100010010111000001111011111111110
101100010101001100110111000110101111110100000101000111110100000010100010000111111111001011100111
000101011011010111100101101100101010000101100011111000100101011100111100101110000001001000110101
011010100101001110101010011110010001110111010101110011111011100000110100110000011001100111000101
010100011001110101111100010001110001001001001011101011010010100001100010111011010101111111111111
001011101000110111011100001111011011110000000111000001001001001010000110000000000101101011101001
011001110110111100011011011110101111111111011011000101000111101111100100110011110111110011101100
001010111001010101110100110011011101010110111111111000011110111100000010101110110100000000001011
000100000110111011101011101011010111010111110111100000000111111001111011011101100110100011110111
100000100000010011001100101100111101100100101100000011110100100110101100011001110010011001011101
001000011010010001001010011011100011011101100001011000110000101110011000101110100100000111110001
010110001100001001010101011110001010110111010111100011001011101011111010010011011100110111011000
011010000010100101110001010010100000000100010101101011011110100111010101011000011110001100110111
101100100101011110100001111111100001100101010110010111010011001110010000000101011100111010111100
001110001101100010101111010101011101111100000000011011101110111100011010111111011100001100001010
101100010000001001001100010101111010001111100110101111110110000111110000101011001000001100000010
111011011000111010010100010110010110010000011111000011101010010110011000011110011101011111000101
111001111001011111011011110011001000111111011011100000111111011111000101110101101000001000101010
101110111001101010010111000001101011111001010011011000010100110110111010000001111001110001100011
000010011101001101010010110001011101101111010110011001111110111001100100100111010111101000110101
010010000111010010100100101110101010100110111100000000110011101100110100111000001000011110110110
101111001000110111100111110000110101101101011000011001110011000110000101011101001001010101001011
100111010010011100010001111001011111000111000001101100000101110011010101010010011111101101000101
111010110110011000101100101001001110001000001000000010101101101001001010100000011110101000011101
111110101101100001001010001111001011010011110111101110010001000110110111001110110010010101011111
010000011000001111001110111010111011100000011110011111100111101101100010001101100000000001110001
