011000010110111010100101001010001111010101010111010100001110100001001000001101000001010100000010
011001110111001111111000111101110001110010101000000001010111001001011000101101101111111001101101
101100101100101100100101010010100100000000101111110100111011111001101110011101011010000110001000
001110011111110001100001001000100100010101001011111000001000000001001100111100010101000011101011
001011100011110011001111101100000100010001110111011110000110001100100000010101000100110011011111
101000011010010101111000110111111111010111000110101111001101100000010000101001011000001110111001
100111010101000000100111111101101000000100101111101101001001100000101111100110000111000000101011
111000000101000011001110000010011100100010111100110011100111010001100001011000101000011101110100
111111101001111010110001110000010110100110111110110011011110001011100111101100011001000100010010
110011001101000011001101010010000101110010000001101110101101100000000101110110010110110101001100
111001101101000110111100011101011101011011110111010010110000010111011010010110111000000110100100
101110000101011111001110000010010101001101101100001101011010010000011111101110111011101000000001
001110010000010011001111000011110111101000100111000101100000001011000111101111110000100011000001
010000000001111110111111111001100000100011111000011110111101001001101111111011000001100100000010
000010011000000110110001011110101010111101100010110101100101111001011111110011001010011101111000
001010001111101001011000110001000011010111110111010001011011001110011010101100101011011110010000
011100001010100001101010110101001101000111101010001111101111101101001001110010110100100100010011
011101101001110111011010100011110111101011101001001100111101010111000011100101100000111100010110
110011100010011001101101010010111100000100111101110110110010101110101110000101110101111011110111
110101101100000111001011001011000100000100010010101101001010111100101100000100110011000000110010
100111111011001111100011100010100111011001100111100111010001010110001011110100011111101110100001
100000011101000111001011111010101011110011101101010001011100001000100010100101101111001101001111
011111100101010100011111010011011001010010110001101101101001110010010100010001111000001001001111
101010100101010111011011000101001001011010011011011010000000010000100001110010111010011000011001
010101001011000111110011110101010110110111101100000010100011000001110010001110100101110011010111
000100110000001111000001001011000101001100100000111001101001111111100110100100111011010000100010
110111001010000101011011111110011111000011000110010100010110010010111100100001000011000000100111
100111110110100001001101000100101100111101001111000110110011101000001110001001001110000001011011
100100110010100110110011110001100101110111110111111110001001111010111110000110111111100101010111
110110100001000111000010010011100001100011010111010100101011110010101001010110101111010110101001
001100001110011000111000111011011010011001101001011010001111100111011110101001101100011110100010
010100000101101111010111011110001011111110101000011100110110100011100010010110100010011000101111
111011101111110101101101000011100000100111000001000100011110001100110110101000111100000101001000
011111110011110101011000101001001111100101100001100100010000010111110011010000000101111000100010
100100101110001111001001100100101101011010011010111111001101101101100011110001101100111110101111
111010101111001111011101000100100100000010001100010011111011001011100100011101110011010010001111
110010001101000001011011100110001100011111100100111100100011001111101010100010101101010001110101
110101100101100101000110100010101110001010011101010110010110001111111011110111111100010100010100
000001111011010101010010101110011101001000100011111001011011100101000100101000010100110011101100
001001010011011011111101110110101111111001000110000110101010000100011001100100001010101010010010
000001101011100011101001100010001111010010111100111011000100001101101011001110111100110010011011
100110000010001000111011001101110011110101001010101100101110101110010001100110110100110011010010
001110101110000011010110100111011111011011101001011111101101010000100110010010010001010010000100
111110110001011000111001001001110110100100010000100110001000100100001100010011000100101010001101
000001000111110001111111011111000111010011111011110111011010010100100010011110001100111000000000
001100100001110110110110010001111000000011110001110101100010000001010110110011110010110011011010
000000011110110110110101100011000100111000000000000011010001100010011010101000001100101000111010
000101010010101010110100001111011111110101000010011111000101100100110010111100100011101111101101
101111001010101101010010011100101001000010011110101001000101100111011001001100111001111010101010
000010001101000010011001010010101011010111111111000011100011000001110010101011100011101001110000
101010101001001000000010100000101100110111011101101010010010100011010000110101110110101100111101
010111111000000100111001011110110001111111001001100010110000011011011100100100000110111111110111
111001001110011000000101100010011000110010111001101011000110111101101010101100110001010110011001
111111101100010110110110010100010111001010001101011011110100101100000100010011011001011010101110
111001010100100101111011001000000111100001001001001101011100110111011001111011100011110010011011
100011101010000000001001100001101110000110010111111110001010001111000111011111010110001110001011
001001100101100111001110000000100101101000011011101100110101000101101111101001110100001010101001
010000100111100010110111101001111011110001010010111100111110101110111110000010001000110110000110
100010110110100111010111010001000010100001100100111110100010111001101001010111110001010011101001
101100111011011010001000010110010011001010000100011010100011010100110110000001011110010100001001
010100110010100101100110010011010111011011010100011101000000010010000011010110111101000110100110
100001010000000010110001110100001110001001101101111000011100001010011100100111100111010101101011
111000011010010000100010000001100111111100110010100011001010100100101000110111011100101110111000
110011010000010111011110100110011011011101111001010010100011110101011101110000100011101101111100
111010011011110101101011101000010000101000110010111010110011000010000111100100000001000001101001
001001001110110101001101000001111010001001001000101001010000011111101111111011011100111110001001
010001010010111110011101101101011000100001011100111101111100011101100101100100000101000110001100
100010100000011010001101001101110000010011001100010110111100000111111010001100100100101010100110
011100010011100110011010110110111000001001000010010010000100101111110101110110101111110110000101
001110101001010100101110111001110101110101011001110110101011011011111110100011101000100010000101
111001001111111011010110010001011010011011111001010110001110101010001011011001000110001111001010
111011011001011001111110000011101011111111111110001001101111010111111101111001011100110001100010
101111111011110111100010101000110000111010110010000010111010111010010010000101101111001001101111
100010000011110000000010110101101010001010000111100101000001011011100001111000000001101000000010
101100000010001000100110011000110001010000110000001100000110000001100100000100110001001001000000
110100001001001000101110111100110101011101110001011101001111001000110110000011001000010111001011
110010110100101110101111111011011001000110000010111110111000010010100011001111011010101101101110
011001110011110111110100111100111010110001000000101000111001000100000010111101111101101101101011
000010001000100010111011100110111100011101000100100001110101101110110000111110110111011111000110
111000100011100111110110000010111001110001011001110110001010101010100110100110010000110101110011
010110010001100111101110111010001110000101111100100001010010110100111010100000010000010000111001
001001010001100110000011011010101111100101101101011100001011011101110100011000000001001011011111
010010011101101010111110010000000110011111010011011011000110010111101001110011011101101101011010
010100100001001110101000110010010110001011100110000010011010000110011101101001001111010111000011
110001101100101101011010010110000010001110100011111010100011101101011100010000010100110011101101
011000001100011000100100111110110010100110101111100110010000110110100100010000100001100101000001
001110101010000100000011011100100001110000011110001000010110101000110000110110010001010101010000
110101011011001100000111110100000010000111001001001001111111010100111000001100010001011110010111
010010010000100111010010111001101100000000101101010110001001111110111001101010001001000110001110
110101100110101000101011001000000111110000101110111110101001100001010000101110100101010100001101
000100100100110001100101110111001101110010100000000101000001010010100100101000100000100010001100
011101001011000111101111000001101011101111101111101101100010011000011000111111100011010100110100
011010100101111111110000110011000000000001101000000100001011100010110011111000100010101000100100
000101101011010010101000011011010000011010011111000000001001101111001000100000100111111010111111
110111111001011100001110101010100000011100011110000010000110101010011101100101100011000000111101
001110101000011010111000100000001101111010000111010000011110000011111010100011011001010101010000
110110011011000111001001000100000111010110011100010001011000010001001001100110100001000001111100
100111011010101001000010011100011000001010001001010010001100001000111100111010110001001011011111
101010000010110100100000001010111010110111111010000000010001001011100010111001110100110100111100
110001111001100111011111111101110101000111101101110100100110100100000010111010110101101000110010
100011010001000011111110101001110000001000000010000101011000000000011010111011000101101110101001
001110110000100110001100010100111000000010011011011111111101100001010010110011011010000111111110
001000111001110110111101101001100011101000110111111110000101110010111001101000101000001100001001
000000111011100110001110001011010111001011010110110000110010100000100110000110010111111111111001
001111000001001111000010000011100001101111000101110111000101110010101011011011111100000001101111
011110000001010111110101100010010110100101111111010010110110111111001011111101100010100111100110
001000100100101000100011010111010100011000000010100100111001010111011100110010010111011110111000
001111000010000001011101000101001010110011100011010111010101101001000011101110000101111101000011
100100010011011100110011011110001101110000100101111101001110011001001110010000001101111010000111
100011100111000110001101010101101111000011111111000101111101001010101010001110010101001111000111
011010111010001010101001100010101100101001000100100000101000000001000111101110001100010010010010
001110110110100101101110010001111110000100101000011010111000101101101100011010001110100010001011
000000110101011000000101000011010000101010010001011000111111100011010011000010110111110110001110
110100101011010001111000110110001000001101101001001100000101010101001101100110010110001010000011
110000011110010110110111100110101110011000000101000110000010010110111101101000100001011100001000
011101100000111001010100110101100000001100100011000010110110111010101100011101111100101011010100
010000101010100010110001001010001001011100101001000010010000000010100010010011011110111100001101
110100100101010011000111101001100000100110001101010100111010111111001010110100000101100110001101
111110111000000011100101110101111000110101000111110011011000110001000100000011001110011011101010
011001001101101111100001100110111111000110010110010110000000000011010000111010011111011011100111
110011010000010111100101000011000001011111010111000011010101010011100001100001111010111011110001
010100101001001011111100001110110101101111001111100011011001001010000010010001100111101011101100
110100110101001011110100101000001111111000011000101111000111000101011110100001100011000100011000
111100100010110010000011010111111001001000011000101001010001101111000011011000100101100010110110
110010001010011110100101010011101101100000000010110110010100000011111111011101000011001110111101
100010000111011100001010000100000111001100010111001010111111111000001111001111101010101001100001
000111001010011001011101001011101011111100100010100010100110100000100000010011100111110100011011
011010001010011011110011001111000111111010100000011110001001111100110000100100111111000011110001
011111011001110100110001011001000011001001101110101100100011100100100000010000110011000101000010
000100000010100000001000011100111101000000110100011011111001110001110000001110000000100111100100
011000000100001011100110111010100110011101110101111100010101011100000101011100111011011000100011
100111111001000010010100010001001101110110010101001111010000110010111001111100100100111011000010
111000111100100100011011011001010110111010110111000011010011110000011110001110110010100110101110
100110001011000100111110001100100001000101100100100100111100010010000100011100110000111111101110
101101001001101101111111110011011010011011110111000111011110011010111000101011100001000000110010
101010110000001101110010000000010101010101001111110000011011010000011110111101110100001110111011
001011010101111000101111100100010100100100000110010001110011100001111010100101111110101011011100
000100011101011101000010100111110110001000100001110000000000010001110011011011001010101100011010
000110111001100000011101001111000100000011100100110000001100010011010001011001011001101100000000
111100101101111001111111110100001100010011110000111001100001111111101001000101010011110010111101
000011001010000001101000100111001100100111010011110110111111110011010111110011000001101001010011
011100001011101101010001001101110101000100001101011100111010111011101100011000010100010111000001
011000011010010001011001100011111011101110001010000000011110000101111010110111111100101001100010
100101101010011100111100001100110111000100100110101111000101101001101101110101000110011000100001
000101100101100111001001001110001110100011011000011111001001010101000001011111100101110010010100
001011000000000010110011010000000001100110010111000111001010001001110011000010011100100110011110
101000001100111011101110001010101001001010001110110110111100011110001010010000111110001110101011
011100001111000100011001111110011111101110001110001001001100011011101001011011010001001010101101
110001100101011001011111001011110110101011101100001111111100111010011110100101010000010001000100
001110011000010001010101110000110011010011010101100100111000100011011111101100011000110010110101
110101100010111001111100111011110111010111010111111110101101010100100100100110110000100110000000
011111001100001101111010100101100101101111011001101001110011010011111101110001111001011110000011
000001101101001110011010110011111011110101011111000000010000010010001001101101111011100111100100
111111011001100100110110000000001000101010110111010110011100101010111110101110000011110100100000
010011010110110100101001011010000101001001100110100111100100101111110010101100010101111011110111
110010010010100101100111100011000011000111011000010001111100001110111000011000011000001000110001
110100111110100100001001111100111000010011101110010110001100000101110110110110011000110010011100
100111010001011101111110110111000010000110100111110011111000001111111101011100010110101100101001
010100000011000101010010001111011100100110001001011111110011010110011101110100010011010001100100
101010100111110100011100000100000110010111010101101111010011101101111000010100110110111001100001
001010010000101011100010100110111011011100100101001011101110110000111111010111111000100100011110
101111010000101101010101011001011010011001000000010011000110010101000111110110000010011110111110
101011111010000111110110000001100011001110010110001010010010011011011010011000001001101001000101
010111111010011000101101011100101000111101111011000110101101000001111011111001011011110010110000
111111000010010110011110110010110000000011110011101000001010100111011101011100111000000010111000
101110000001111100101011110000110101100011000101000010111100111101110000001100000101101111101100
100101101111101111011001100011101111001000100110110111100110101011011011110111000010100111010111
011100111110010110111001110111000100101010101111011100001010001001001110001100110101000000000110
100100001001011001100101000111001101100010101010011110111111110100110001110100000000000101010101
000000010001001001000111001101011100110101010000010110000000000000011111110011001010101110111101
110111100011010001010011100110010100011101010111000100110010100001101010101000010111011110010111
011101111011010011111001101010100001100110001001110011011110101001000001110110010101101000010101
101110000001000001110101101100111010011000100010011100101001000100110111011101111111100101111000
101110101000011101000010100010100010011010010010101110011010100101101100111100111100111011000000
100111100100000010110011000101100010001100000010101100001100000110011101010101111000001100010001
001011011100000101111011101010111000100111100110001011111001001101001001101100001110000101110000
011110001110011110110111100101011101001010101111110101011010001011011110100111011101001010000011
000001011000000000100010111110111010010001000101101000110110010000001101100100100111111100110001
011111101001100000010011100001011010010101110000111100000110100100001001001101000101101100000011
100111111101010100000010010101010010101000001110000111011000111010000010000101001111111111011111
011111010101011001101110001110000110100010110100100100001110100000101111010011111011001011110001
001000110110001111011101100111001010011010100110001000101110010010100101010111010110011000000000
001111110011001000010111001100111001010011110000010100011010110010010010110000100111001100101010
001100101101001100011100000011001101000011100000111100101111101111100001010111110011111100101111
100110000000000100110100111011010100111011111110101110110111011101010010100010011101100111101010
101001010011110101101110100110111001110101010011001110000001001010110111011000011010010110010111
100000110111100011100001011001110100001100011000010111011110111010000001001011000000101010010001
010101111000111101101001111101100000101110000100011111000100110100010011101111000101111000000000
010100100101101001111000010110001011011011011101100000110001011001000001011111100010100001110110
001100111010011001001000100100111011010000001011111100001101100001000110110010001011101100011110
100110010010001111001111001011100001100011111010101100010001100101101110001000111110011010011011
011110100111001010100110001000101001100111001011101110011011011110100110011000101001011100101110
011000110001110101011101100100100000101001000001100100010101000101111111001010001101011000001110
100011110011111010100110011010101011001110001101010011101010010100111100110110100100011110010111
100001111110000110010000000011011010001101010010100011110010110000000011101000001011100011001100
101000100010110101010101010100111001111001101011101000110111110110001111000101010100100000000011
000110000011100101100111110110100001111110101001101111001001101001000111101001010110111110110011
000110101000111001000001011101101010011100010001010100000110100100110101110100011011101011011111
100110000011000110010000110110111011110101110000000001111010110100000100111111011001101001000111
100001011101001101001000101001100110011100110110111010010110011111101101010111001010001110000001
000100111101110011010110011011101110111001100101111001101001111001111000011011001000100001100001
101111000011101110100011001011110001001101100101110000001010001100100011110111011000011010010010
110111000110011011110111001011011010101101111000000010100100000110010011101000100110001001011010
110001101011100100111000110100110101011010110000110100110111111010111111101101111111000110010110
011010101010001011010010010101101000010101011100111111011010100111000011100011111011000110101001
011101100001110100010011010100111001011110011001010010001010100010110001111001100111100010011111
110111111111101011101001000000110000101110111110111111111000011011100111110111110010011101010100
010101000101000011010100111011001001101111000101111101010000100010000001000001111100111011100110
100100010010101111011110111101001000111000000010111110101101000011100111011110010110111000000011
011101000100110110100000011101011000010100000010100111000110110100001111111011111101111000001001
001011110110111110100100100100100110101010011010011110111000111110011000110011110010001010111111
100111001111111011100010101010010101011100000011101110010001110101001001111010111001101100111110
010111000010110001110100110110010001100011000000100011000111101100001010111010001000100011101101
011111010110110111100101001101111000111100011111001011011011010000101100111111101101101111110110
000101111010011000001011111110110111100010000100111111010101110110100000010100110010000010101101
000001011010111101000010011100111111111101010111001010111101110111110101111001000100010001101111
100101000101110110100010001100000010111000001111010100001111000101011100100110000100010001011011
110000000010010010001101100100100111010100111100110010000111001001000111011110110110010001110011
000001100101011010000001000100011000100000000101111111111100000111100111101011010101110010001010
001010011100100100111100100001001011101010010001111011101100110011000110101001000100100110110011
001000011111111000000011011001110010010100101000110100101101010111001101110100010100110001001111
100000111010101000101111010100011101100010101110100001000101000101100000011101010010011010100011
100011010110101000110110100111101010110110101010001000000100110011011000001000011100001111101011
101000011011100101000010110101110101110010110010000001010011001110010100011101000101101001000101
111010111110001011000011101011000010011001111111111010100001111001011100011110001110100010011110
110110011010010001001010111010001100111001001100001100101000111000000101011100100000001110100100
100111110101111101001010011100101111010011101011001001111001010010011101110111001010001011111111
001110111101100010011110100110010101000101010110100000110001000100110000001111100110000110000000
101001011101010101100100010001010100000100001111110111001111001111100100110010001001100110000010
101110001001001000101101011000000101001000100101110000111110111111111010001011010101100111001011
111001010000101001001111001101110001000011101000001110000111101100100111101100010101010000100101
000111001000110010010110110010000011010110010111101010110001001011000000001000111100010010110010
111001010000110111100000011101110100010111101100000001101110100111110101100011000010001100010000
110110011101100110100010011101001011001010110111010110001001111011000101101100011010001100101110
000100000111001101010110101101001010110110111100010011111000111011100010111101111100001111001111
100100100011011110011101111010101011101100100011101001001101100000000001111001001101000110111011
110001111001100011011010101010110111100111000000000100111100110001001010111100110001110111000011
100111101011101011110000011100000101111000100100101111110111111110001110011100000110010101001000
101110000111011000101010001110000111010111100111111001001100000100100111011100000011100110101001
111101110111000110101000101011101010010101101010101111011011111000011110100100001110001100101100
011011000001011110001010111010000101101010100011010011100011010111001101100100101001001110110110
011000110100001001111011011000100000011000100000111010001010000001100110001011011001101011100111
111110110010100001100010110010110011111001110010100010010011110110000011110001000011110100001101
100110110000111100011100110100000001000000100011101011010001001010001111001011000000001001101000
001000011000100010001100000010111101001000111000100010101000001100101001101001100100000100111010
111101001111100011110111001000011011111100111000111110010110111100010101100110010011001111100111
010110000111101010000011011001011011000101101011101110110100100000010000010100010111000111110001
111000110110000001000110010011101110101011101110001111111101001100110110101001011110111111110101
010000100101001001110101011011000101101011000001110010110000000111101101011000100011010100010101
010000100100100101101000011001101110011110100000011101110000000000010010100000100011001101111100
001011011110110000110110110001011001001111000110100110110100111010110000010110011101111010100010
101100011000000111000000110110000010110000110011001101100100111100000111001001011001010110011011
000001010110010100010110100000000001010010011011000000010011110101011010001110101101000011000100
101010000100010000110110111110111010010011111101111000100100111000010110110101011110100101000000
100001001111011111101111010100111101110110100011110111101100001001101010101111000101101100111110
000000011101100110100111100110001101010000010001100110000000011111011101001011100111101011111111
010101001000011001001100010000101100011011111101100110110011000011001111101000001100100000010010
101100100101010101010000111101000011100110110000001101100101011111000111010100001111111001101101
100001010101010101001010111110100110001010100101111000011101000000110011110000000000001111001010
110111101001011100110100010011010010011000111011110011100001110101111101111101111011100101011000
011001101101011001011111001000001101111001111001100001000011100111010010010000011111110111011111
001011101010110000011011100000110000100110011111001001101011011010000011010011011111101111100010
100010011101011111000110000010100100000111011101110111111011101111101010011011000010000011111001
010101011100100100000010010111010010111101000101111011111110010011001000011001111001110001111010
000010100000000110110010111010111000101010000101011001111100000101111000110110100110000010010000
000110011101111001101000000111110111011100101101011110011000110010110010100000001101111010111110
001100000010000110101010010011110111010001110001000101011110110010110100110110010101101101100011
000001111110111001100100001100011110110110111101110111110000001100101100001011011011111101011100
001010001011110111001000011100101100101000111111101011011110001011101101100001000011010000100101
110111100000110100010110110010010110100010110110111011101011100110011100110111010100111000101101
100011010001111011001100101100010100001110001010000000100100100000110010101000110101100111110011
001011100001101000101001000011101110111011111000111011001010110111000011100111010111111101101000
111111010111011101100001000011011001001111111111101101101010010111010111111101001011001011111001
111001001100000000100110100110100101101010100011100000100011000101001001001100011010001001101001
110100010111111000001111101100100110011011010001111101010001000010010100011001010101001111100011
000110001110010010001000010111100010011001011001101101101000100110111100110101000001010111100011
101110000010100000011011010000010001000100011111011101010011000110101101111001001111011111101011
111001001101011100110001111010010101010111001011010111000111011110000011111001001101111001101001
011001111001000111011100001000100010010110111111110010000101001010110000001111101100011010110111
000101001110101010001001101001001001011110001001111110001110111110110000101010001110111110010000
000100100100011011000110000110001111110100101010000001100011110011010101111010000000101111000000
110100010001101011100100101011110011010101100000110010011110000111011101101101101110111111010010
100001101010110011000111000111100000110011111011001111101011101001100110101001111101110011111001
011110100010101100011100111100100111111001000111001101101011111101111111111010110110101110001100
001000001001011101000001111010111000110110101110001011000000111101101010010010000111110000100000
101111011000010010001010110111101101101001001000101100010001100010010010010101001001100000110010
011110011011101111000111011010110111110011110010000010000110101010001110110000000100000011101001
110111100101001110000011001000010001110001011110010111010011101000111110101101001101111100101100
101110111101011101100100100101011110000011010000110001010000111001101011100001011001010011000110
100010011110011000111111111111011100110110000101010001111011001001101110101000101100001100010111
100110110001010100101001000000111110101111000000101010001010000101001100001001001011111000001111
110101011011101011000111010101010100010011100010110110001011011100000110111100000010001111011000
000001100110010000110000110011000101111111001010110011011000100011110111010100011011111011111111
101000101001010000111110011111011001101101000101111111001001010100001010000100111000010000001000
010010001111001100001110101010111000110111111010100111010110000000011001000101111010011010110101
011110010000100011001000011000000100001111010101100010001001110111101111001000011010111110101000
001001101111101100100011000001011100101101100101011000100010010101100111101011100110011001110001
010011100110110000001000101111011011010011101110100000111011100001011000111111011101010101000010
100100001100001101110011000101101100100010000011000011010000011110010011111000000110111100100000
110010100100110001101010000011000111011001010000010000010011101010010100110111111111000011010000
000101010001010000010001011010001010001011001110000110101011101010010100111101010011001001001110
100010001001100111100110101011010110000000010111000010011001011101111111110010100010010111000111
100111111100101111100001110101110001110011011110010011101100110001100000111110100101110011100111
111001000101110100001001011000010001010001000101011111110110100100010110010000100101010111011001
110110101100100001110001101010110001011000011010110100100000010010001101011010010011001110101101
010100111000101110111111110101010000010110111110111100101101010001001101110100101010001001010001
001000110011001011101100101111100000111001101010000001000101010010101010000000010101011000111010
111000011101000100001011111001101010011011100001110110111110000011111110111000101000011011101110
011011000100100011010011010001000000100111111011110100011010101010111111011101011110111101101111
111011111110111101001010011000001000001011110101111111111100100100001010100100111001001110001000
011101001011010000001011101101011001011110110000100000101000100100100001100011110000111100001101
001011011101111011000001111010001111011101101001101101001111000010010101111110011100110110000100
010101110001111011010110000111001000010010010110100000100001110110010111001000101011001101010110
101000000111110100000100001011010001111010101100101110111101101010110110110001001111011000100110
001001111010001110111101011111111001101010100100010000111000110111100101111111001001100010000001
011000011001010110010110000010010101000011100010011101110110011100010000011011111111111000010110
111000011011011111011001011100010101101011001001010010101001001111110111100001110100100100101111
011110111110111101111010100101001110111101111010111110101100001111000100111011111000111010110001
000010000000000100111111111001100000011000010001100111110100100010000101010100110010111111101000
001000101101111010000101010110101001100000001101111100111001110010001101100010110011010011000111
000100110101110000000110101001010101110010001110001001100110010111011011110101001010110001100001
101001101011000110000001110101101110001011001001110110100111010110101010111011001101001010001001
101010101011110110111110001001111010111111111101001100111001110000101011001100101001001000000110
110101000000101010011011100011000010111111011101100001111010100001000111111000000110101110011100
110111000101110001101011000010110000110010000101011111101000101000010101100111111110010100111001
011110011100010110010111111110011111111110001101001011101000011100010011100101110101101101111001
100101010001110010101011011111010101011110101000100011100101000001000011010111110011101101100111
110101110010111100111111010001111111011001100011010111010111011001010010010100100010001111101011
001010110111100111101101100111010111001011000111010010101010000101010110110011011010000111100010
001111001111111110110011111111000010100111010001011010101011001000110000010001001010110010011101
100011100001010010100000100101000010111111010000111001101000011111110110101011001001111010000001
110001101001111110111011100011111100101001101111111101111110000110000001010011110110100010010010
000010011011100011110100010010011001101000010000010010001110101101110010101110000110010100000000
011010000110011010111110000000100010000001110100101100000110010010110011111001110000111000110011
011010010010011101100011010111001111011000111011011110001000011101101011010010000100000111100100
010000111111111100010111000111111101010010010101100100111101000001110010001110010000110000101110
101011010000011000110001110101001111100101010101100011001100011000001111100011100110111100010110
001000110000111011010010010100011100000110111010100101001011001111111111000111000011011010110010
101110001100110000101111110001011101111001010000111011100010100010100010000111101110010011100101
001001111010101010000101000011010101010010101100011001100100010111011110001111100100011011010111
001100110100000000011011011001000100101011001111101111000000110100111000001000000000110011110000
111111110000000001001100111101100010101100000001010111001111011110111011000011000110101100010100
011100010111100011111011001001001110001011100101000001000010001001000011011100010101010111000111
001111011001001010100100110000011000100111110110001010101010010110000111100011011111010101010110
001100011001001110110110010011101110110000100100000001000111010010010111000001001010110011000110
000110000010010001011100011011001001010110010100111000000111011111010100111010010100111011100101
001100011010011111011111110100101011111011100000110111010000110111110101100111100111100110100110
000000000101001000111111001001100111010011011000111101101110100101011100111001001010001011001001
000101001011001101010010111111100110110101011101000000101011000010011001111001111100101101110001
010010010110001100011110110100011011010110101111101111110101011011000000100000001110101101010110
010100010000011010100000010100001101011000100100000111111010111110110101001001011010110001011111
100011000101110110110011001011010000110000101010111110111000111000000111101010111011110101110001
001001011000110100001000111001011010101001000001011111000000101100101010101101010101111110100010
110110011001000001100000110000101011001011011111110110010111101011101100001010001010010100111101
110101100000101100101110001100100010011000001111110110111001101100101000001101110101101010100000
111101101000101111001000001010100000000000000011001111000000001011111100111010000101000000010010
100100001101100011110000110000101101010001001100010010110010100101100000010111110001110001000011
011010001001011011010101010001111111110001100111101011101101010001100010000000000101110000111101
100001100101010011000101010111000000011111000110110011110110101000100011100010100111000100011111
010000001110011111100001101111010110100001100100111001001111100001010001101110011010101001111011
110001101100011111110000101000101101001100010001010101101100111000011101011100001010000001011001
010110111100100100100001110010110011011000011010100101110101000010010101000000011000001101111000
111100101110101111010101101000010010110011101111110111001011100010100011101010100010000100101110
001000010111000011000101110000111001000100101001011100000111010100110110001001010010111100011111
011111010011111100110000101010011000111001011101100000100000100100000011000011001011100111000001
000110111111100010000101111000010101101011100011111101010100011101101111001110111011010100010010
100011101110000000110010010100011001111011100100011010001100010110110110110110011000110100001110
010100011110100110000110011011000001101001111111000110001011001010011101100001101000011000111001
101111001001010100100110001101010100000000111110100000001100000110000011100111100010001110100011
010101000001110010100110011101111100000000111101011100000101101011101011010111111110100010011000
001010010011101111011110110011101111111010110110011000000101011100001010000111110010100101010110
010000001101101011010111010001110001001000110110101100100010101000110000110100101010101011011100
100010010101111000001101100000100111010000110111100111011000010101001111000110111110011010101111
110111000101101100011001101101101000101111110100010001010100010101111111001011011001101110000101
111011001110111000010001110011100110001010000111111111100101000010100011111000010111011011010110
001101101010110110101100101111011111100000011101000010010100100101001000111101001101011010001001
000011001111010111100101000100001101000110011010011100011000111000011100001010100001001101110011
111001001010110010001000001010010010111110010101110101010101000100110001111010001001110000100110
110000110100101010100001010001001011001111011111100011010101100101010001111001101100100010101110
011110110101001001101000010001100010001110001111100010100000000100001110100001101101111111101100
011110010101011000001110001010110100101000101001000100010000010011101010010101110111110101101110
000010000011100000000101011010001000000101010001000100010100010001000101110111011001000111011111
110000010011010000101110111101010010100111000011010111000000100100101110011011101111011001011110
000110111000111110011100000101100110000011101000110010110101100011111000000000011111110101101100
101101101101000010100110100100110110111000100010101110000111100111100000110010111101101110111111
111011010110110010110110010111111001001001000010000011011111010100111001010000101000101110101001
001110001101011000111010011000011110011110001100111101001010110111010000100010001000110111001111
111100111001001011110010000101100000101010001100001101010011010001000011101000001100101110001001
011011000110000110100101001111100010110001000001101111110011100000101101101010001111010001011011
000001000101101100101001011010000000111000000101111011111110011101000101111110111111100110011000
011000010110110101111101001101101000011111000000001100111111111010101010001001100000001111101111
001100100111100000111000111001001100111110011011010011111010110011010001011111011001000100100011
100111101101011101101011011110001011101000100001000000100101010110011010111100100100101010110110
011111011011000000110000110111010011000000001010010101101000111011011100100110000010001011100101
000011101000001110111101111110100010001110100001010101101001010001001010001100000001110100111001
001001010111110100101110110010100100111011110010001011000111010011000000000011000000100001100110
100000111010000100100110001100010000001100010100100100110010011110011011110001111101001000101011
000011001011011010001001011111000111110011010001011010111111101110000011010111101111011010111011
010111110100101101111001110111000110110101001111100101011010100010101000110111111010011001101100
101000100000100101110001000100100111010101110110000010100001110110001011101011110000101110000010
001101000100011101111100110010101110111101110001101100101111110000111101001010100000001110110011
101010110101011001111011010111111100011001111001110111001000000010101110011110101110011100001101
000000011100011000110111011010111110111011110010011100001111000011001100100111011010010011111101
100110110110011000101101001000010011110001011010111101111100011011010100111111110111011110010011
011100011101100111101110101000011111010001100111011011101110011011100101010101101011101001101101
101011100100101101100000110101011101110110000110000000111001101100001011100110000011110010100010
110001110000001111010001111111010110000010111110101111110110100001000110110000110100101010110101
001001111000000111010010101000101001111011111010100011110001000100000000010001010011000100111110
111100000110110001000111001111010111010001011110000111011100100001001001000001000011000101100010
000111010010111010111000110001111100001110011000010001001100101010001110001100110110111100001010
011110011101001100111000110111110010101001010101001111111100111100101111000110010000111000111001
111100101011100000010110111101011111000101001000111010011000001010111110110011011010011101111011
000001011100010101101001111010110011011000011000010110111000100111010001011110111100011101110111
100100011101111110111100100111110001010010111000110001001101100011000100111000000010101110100111
101100011000000001100010110000110011100111111111110011101011111100100101010110011010001101011100
010110110111101111101010001100111111110101010110010110010111101001110010010011001001111011111111
100011010101110011000010010110001010110010110000010100110011111011101110001000111001111001101001
110100110111101111011000100011001001111001000110011111010000010011011100100011010101110010000001
100001011111101010111010100010000111110110100011011100100111011101110101110111111010011001000010
010100111011110000100100100010011110110000000001000111101100111110101000001111110110010000001101
101100101011011101011101001111000001011101100100101001011000101010110011101011000101010001011010
100100101110101010000011101001111110110101000110111101100000011001100110001011111010011100010010
110110100001001010111110100011100100000000001010001001011111110100011100000001001110010010000111
011111101110011101111000101101011100111001110100010010010001101001111001001011101000111111100101
101010000100000100111100001000011001011111101010010000111111010010001011010000111011100001111111
110001011000101101011010011101111000000110101100110110100001101101111011001111101000100000100001
110111111001011001011000011101010111100011001110000101010000010001110101110100101010001101000111
001110010100011000101100001011000100011100000100011100111101000100011100111101011000100011111001
110011110110110011110001010110101011110110001100011011101100100110001000110110100110101010011011
111110110011011101011001101111101111010000101111000110001011100000110000110011111011100100100001
000011011010111101011011011100111001001111110100111011011001110011010011110001011100101010010001
011000101000010101011011011111111000011001100000111010001011000001101011011111000011011100110001
101110000101001101101111100101000100101110110110110010010011001011111010110111111000010111100101
011110101110111001111010101000100011101010001100000011111100110000110001010010100000101100001111
100000100000100001111011110001100010101000000101001011101100101110110011000000011000010011001100
111110110010100001001110010111010001101000111111101011001001100011011100010111101100011100000011
111010011011110100110000001011010100111011110111010111100010100101110101100011111101100110000001
101011110101101111110000010101010010101000100010100110011110010101001111101011001000001101100110
110011110011000001011111110001011110110001001111110110000110001111111111101001010100001110000100
001010111000111011011111000111010001011010000011000001001100010001110010101011011100101001001011
011101100010111100111101101110011010011001001001001111011001010100101001110011110000001010011011
011011111011101011011010001000011111111010010001010100000111111101110010011000111100011011110110
100000011011000011000110101001111011100001001000110111111010000011000111100001101100001001011000
000100010101001010010011001000010011101000000101011111011101110101110110000111001110010010110010
000101110000110110010011000110111100110001000101001011111001001011001100101011100000111011000111
000110000111100101011101101111110100111101000010100100011101011000011001010011011101101010101000
001010100111110011011100010111111101011111110001011100011001010011010010001001111010010011001010
110101011110010111101111101101000101110110010101000001010101000101101001111000111010010100011010
110010010011000010111000100100000100100011110011001100101110111101100100101010010101000111011000
110110000110001011010010110100100110000010110010100100111011111101000001001001100011100110001001
111101111010110010010100110111110101101011000010010011011011000110001011011100110010000001101011
101000010001110011100001010001100011000001000010011101001001111100111001100011000100111111100101
011001111110110000111011010110111000010000100001000111010010001100100111101101100110000110010000
000001101010011001110101011011111110110011011001110000110011010000010011000110000100001100000010
110010100001101100011110010100111001111110001010111111111001111001110101111011101110010000011000
011101011001110101010100110110111100001010011010100101100100001100011111001111010111100110001111
010011111010110100100001100101010000100010110110011011111101111001111011000000001100010010110111
000100100000010110001001110010110010001111111111110110000100010100010001000110100010110010010111
011100101100001000101000111101010111001001111011101000101000011101001100010101010100110001001001
100010001110100111101100111000001101011100001110100100010100101111111110111000011100000010001001
101011000000110110101001001100000000010011010000011111111110010111010011000101001000001011000111
000111110110000101000101011010101101110000101011101000000101101110110111010111100100000001010110
101100010101101110010010000100110001001001010101101111100101111111110000001001111100001110111010
111011101101000000111101010110100101011110010100101001100100101000011011000000001111100101000011
101110100011110000000110111011010010111111100010111101011001110001000110100001011100100101111000
000110011100011010000010000010010110110011001100000111010101001110110000010010111111011110110011
101001001111100100000000010001000010110000011000110011000101000010111111111000101110011011010001
011100111001000111010100100000000101110010001101000100111111011101111110011001011100010011000001
010101000100000010001010000010110111100011101110000111100110000100001010010111111110010000111000
110111110110110101011001101001011101101101000101011001010000001011000111011111101110100000000111
011011011111000001010010101111000000101101001110000100001101101011010100100110000010111100101111
110111000000110111111101100101011001110101110111100110000111101010111111010011001010000101000000
000011111110111100111100100100110110110001011111111010000010001011100001010101100001100110000101
111110110111010011100110011101110100111001100000100011110011001101011101011000101010110101100000
111000001001111111000000111101010100010110001011010011101010000010011011000110010100000100100111
010101100111000010010011100101011110100110011110001011000100110101100111110101000011110111000111
010010010100100001110011011100111100001011001010011100100110110010011101010100000000010101001000
110000010000001011000101100111111010011011000010000101001101000100111011010111110110001001011110
011010111011000111001011001100010000011011001101100111101000000101101001111001011010000011110110
100001011001111101100110111000101110000110101101100101101010100110111110111110111000100001100110
101110000011101000000011100011111011011011111100101011100110110100010100111101101110010001001111
111100111100100011110010000011000000101111011001011101001111001000111000111001001101111010101010
100101101100001000101011110000110111010101011000101010110000101111111011010011011000100101110001
011001000110101011110100001110000100100110000001101101011001010000111000001110000110010010100001
100001111101001001111011010110000100010110000001111001100101101101111000101100101011000010100110
010100010110110000111110001001000010010000110110111000110100011101010011010011100110001011010001
100000011000010011111111101110111110011011110100010011000101101000011011010101000101101101000100
100101111001010111000110100001011010011001001110110111111101111101100001001010110011101010111000
011000001011101010110000111110000000111100011010100101101110100101101001000111001011010001110011
111011010110100011101011100111100011010100100101010010100011001110000111101110000111111111111011
100001111100011101010010010110000001011011001001111111001000010110010101110001011111000101101100
001111100010010001111111100111011001100000000011000100111010111101111001111101101000101001111010
110001100011101111101110001100100001011011000101101100100001110110111101111111101000000101010001
111110110001111101101011110111001001101001111000011111111011111000001001101000101011010101100010
101110011000010001010000100110110001100000111111111101001010111101101000110010001011111110101001
001011111100010011101001101011011100111100111100001111101110000011001001011111001000111011010110
000101101001011110000010001001011110001010101111100110000110000110011000101011011101111011101000
001110011000111110010110100010101110001100110110101100000110110111111101001100000011101111100111
011111000010011011011110100100111000100101100010010110011011100000000010110011000010110000001100
000101000100111000001011001110001010001001100001101001011111111010111101010000111010000111001001
