101111001001001000101111110110000101000000000111001010001011010100010100101111011111101100100110
000010000111010111000110110011010100111111101011101011111101000010011110000001000001101101101011
001001001001001010001101000101100001110100101110111101000100000110000010100001011101111001100100
000101001111010010101100010111101101100001110111011010111010011001101100011000011101100000001111
001011010010010101000011110100101010100011101101111001000001011001000010010111100111010101101111
001010110001011011001001100011001110001000010001001101110010000010110100000011001000000011111000
010011011111101111111011010111100001001101100110100010101011111100111001100001011110001100101111
110110100011010111000110001000011110100110000110010110000101011011001101101101100011001110000010
100001111111011011100011110101010011001011000000111100101110010110110000111000001001110001011110
011100110110001011001011111000000101010001010000101111011101110000010101110111100101010110000010
001100110011000100111001010011011010001101111000100011001000000000101001110110111001111000110001
000110001101100110111010110111001100000111010011001100100100100001011100000011100011000010001101
010000010011011101001000010000010010011100011110111101101101001110010001011110110000101100000100
110111111000000100110010010000001011001011101010110110000010100111101101001111000010000000010111
111011000110011011111110010010110101111100101011100001001010000011011111011011010111001010001000
010001010011010010110000000101011100101000101011110000011010111101111010100010010111000000110001
010101001101011011111000100110000000001110011100100101010000000010101010000100101000001101000110
000111101000101001110101101010010001111101011101001010100111101110000111111111111000110101001111
100000000000000101011010101011010111101101111011011001110010011010101111111010111010010001010111
011000000101111100110111110101101111111101011110111001011101001100111110000000010011111011111011
000101010100111111100110010000001111000101001110011101010111111000001000010100110111101101111100
010101001111110101011001000111111001010110000111010111100100101110000000100111110101010110000011
011011000111001110001111111011101001011000100100010000110010100101010011011000100010110100011100
001001010101010100010110110001111011000011011110100001011101101110000000110100101111000110010111
110111110011010011010001001110000010011000111000101011100010110101100101110011001010010110110110
100010000011110011100011010010010101110110001000010010111010110100111111001111010100101000100001
001101100111110000010110111100001100100110000000010111110010011010010110101011110000010111110010
110010000011110010010110000000100011100111010001100000000010111010000111000001001110111001000110
010000100111101001001001010010000110101111011101010110100110100011110110000001001110101011010000
001010110111110001011010101001000011101011000001110001110110111000110101010000100101111110110001
100000010101001000000010101101111010100100001101010100000110010010010100001110011110011111111001
101011000101101110011011010011010001000110011110011000010011110110010010011111110110000111001111
100110100010101001011111011001011111100111011001010011101100001000101101111001110100001001110101
100110011100101011011100011101110110110000101011000010111110101110110101101001110011110110111001
010010010000110000010111010001000110011100000011001111110000100001010111000111101100000000101111
101110001011100101100000000100010110111011100111100000101001101111011101101011111101000010010110
011100101100110011111001111001000000101110001110010110110100010111000111011100010100011100010000
111100110101010011010100100110101000001000000101011001001110111111010100001000010001111110011000
001011001111101000100111110011010110011101111001101010100001111111001011110000010110100011000111
101011110101100011111110001101110100001011011100111111001011111110101011111010011001100100101111
101001111010110110001110010110100001001011010010001110001111011011001010110101110110001110111001
111010000101101101110101100100001011010101001000000101000110010111100011001011000001110010101111
100000110110001000101001001011010001001001111100010011100101100011110010001001000111100110011001
001000101110010101011011000110110001000001010110000001010111111110001000100101010101011011101011
010110011011011100010110000010001111110001011110110001110110101100000011100100101010100111011010
101101001110101000011011110011110010110010110111011111010010000111000100001110100100100110000010
111110100001010011111100010010100101001100000011000000000010001110111100100111110010001110011110
111110100110111100010100101000110001101000010111110010000000101011001010001101110101110001001011
001001001111110110010011100001001001001101100101000010010010010000110100000100001110010100001000
011011010011000011101101100100101011111011011111011111111111110010101010001101111111000110101100
001000010101110110101000000111011101011000110011010101101111001001101010010010100000000001001010
111100000110111011101111001110011011110100011100001110001010100001010100010100101110111111100111
101110001101110010011111100010100001010100101101000001000101100010010010101100010001111100000010
010011100101001110111100111000011011001101011010010101011011000000100100010100001001101001100011
110110101110101111100001100010111111000011000100110011010101000111110111100101110010111001010101
001011100000100101100111010001010100011010000001100100010101111111001010001011101000011101111001
111001111100101110101011100100010100011011100111011111010110111000010011111101011001010101010110
111001010100010010010010111101001001000010111101011000010110100000111111110100110111110100011010
000001101000101111001101011000111100101110011010000100111001010101010010010011110100010010110011
000001110001111001101100000111100001111100011100111011001000001010101100000011111001110011000101
100000101000111101101101110101101011110010100010000011011100001010001110100110111100110100001111
111000000000101100011111110101001010000010110110000000010010001110001100100010000000101110000001
001111000010110001001101010011110110100110111110110110101110000001000000111101111001000111101001
001101100001100011100000011100001011100100010000100101000101100111110010100011110110100000110111
100000100100111101001101001101010101001100110010111111111010101100011010010000110110110101101110
010000111011111000000111000101011101100000100100000000111101110111000011100001010001111111010111
001110000000010100101010000001100011101001001101000000101000001010100101111101001011001011110011
111010110000010100110101000010101000000000110011010000100101011111100001100000001110110001111101
010000010000011110011001010001001100111011101100001010001111100101000000010010010010011101111111
101010100010010100000100011011011011011100110001010011010001010011100000000000100000110110010011
000111111011001011101010101111110110000110010010001111001100000001100000010010010011000100000001
001000110110110101011111001000110010000000011011001111010000011101011100010000100100100100100100
111011000001101101101100000010010011111110000101101101100111000110111100110001100101011001110101
100011010001100010010000001000001111011000010111111111111110011001100111011011100001001011111001
110010110111100110001110100010101001111111111101001101101111000001110001101100111001100000000011
110100111111010010110100110011111110001000110111100110110111011110101010101100011000111111100011
011101100110001000011011010110101111101000010111011101110011011001110001101100010011111011001100
000001001111111110011000011111011111111111110010000001110000000001110100001111111011110001000101
000011011110000110110001010000100011111111101101100001000010010101010100010000101100011001111010
001101001100111011110100111100011110011100100110010110001001110001001110000001000101000011111100
101101001001100011010001101000000011101000100110010110011011011001110011110011111111101001000001
110001111101011100111010100101011101001111110001011001111001101010000100110110100001110010000110
010010110011010110110100101011110011000101010101110100010101000111010001010000011111000111100111
000000010001010100010111010001011111000100111011001010010111110100100111010011100110110100011101
100100001010100000100100111000001101111011011100111101111100010001001110001001001001100100101101
110000111001000101011001101010110000101100011000011101011100000001000000011011111001000100101011
100110001001101101110010110001111101101001101001011010100000100110001000000110000100010000110110
010101100110110001000101011000010001111000111001101100111000100101000100010011111110111110000101
000011001100100111010010011010110110001000010100111011100111111011011010001101110010011001111001
011110101101101110100101101000001111011110010110100000101001001001000000100001011001110101001110
010011010010100101010100110011010011111011111000111011000011000110100010110111010111101100000000
100111000100000110000101101110000111001110100000000101111100101101110100110101100100000010010001
011101111111111000011000001010111011110010110110101011010010001110011010010111001110101110111111
001010111010111100011000101111001010110000011111011101100011010111010111010010011111101010101101
001110100100010011010111101100110010100010001001101100110000110110101101001010011101110001010110
100001110100001101011101100010001101000111100001011010011010000111000101001001000001000111000100
010001011000101010010001100111111010110001010010100010111011100010011111111010000010111111000000
110101100000001001101111001110011010101011111000011101001010000111000001111000011111111110011111
101100011010111001011110101001001001101011100001101110001100100010111100110101101000001110011011
010010101011110101011110110111110001111111000001110110011111111111001111111110001100111101100101
001100100110010010101100010010010111001100000000110011011001110101111111111001000001101100010000
111000011100010000001010011010011110100101100110110001110010110110110010100101101001110100100100
000000011010101001101101111000000010000010001011111101001100000010000111000000111011100101111001
001100111111111000001110010010000101111111011000000100011001001101000101001101010100101110101000
111111110111110111000110001010010010101100001000011110001011011110001001100110000110110011110000
111011100010011111010111111001110110101101110011000100000001101010011001010011101001000110111101
110101001111011110011001110100111100111100011001010000001000001110110110111011010010010100111100
011011101111010101101111010011100001000001110101100010110001101100100111111101110110100001100001
111100111001010100010011111011101000101111101001101000001011011010010100101100010011101011011101
100111011101110111111111011010111101100011011000001010001100011110000010000110100010000100000101
100010001110010011000001000110001011011110101011100001000010110110001100010001010110110101111100
100011001001111001101101111000111000101100100001110101010010101000011110011101101100111101111010
111010111111110011001101000001000000100110100111011110011011101101101010000001111011000001001100
101000100101001111000001111111010000000101111110010011100010110000111101011100111101101010101000
001010101111000100010001100010100010000111010000010001000010000110110011111111011001100000110010
111100111111111001010101100010111011110100101100000011100100101011110110001100110011010000001011
100101100001011010100111000100100100011101100111111100100100001110001011111101011111110010001010
010101010100100000001011010111011000011111010100100000000001001000100011001010101101001101011000
001110110101001001010111001110111100110100111101010000100100011110011101000001111010101000101011
001100111100011100011010101010110010000000111100101100100001111111000010101111000000001011001000
110011101010101010010101111101000001110011011110100110001001111001010011011110100011110011010010
111100011110111010111100101110000110111011111010100111000010001010010000000011010110101001110010
100001100110010111000101011101001101111111010010100111111001111001110011001110110011010101100110
100001001000110000111111100111001101111101101001001111001000001100000001001101101010101111001111
101110101000111101101011011010011111010100101110000001110101100010111110111001001100000000100010
110100110110000010011011001101101101000111011101110100101101000110111011001100010001100110000111
011111000000011010100110010110110010000011110000110100101011100101000000101111011000010001000100
011010000000000010000101000111000001110001000010101011010110011110111010111111010110001110000101
000001111101110011011010010011000000000011111000010011101111111000111000111111000011010000011001
101111000101010110010110100001011000011011000010110011100101000011100010101011000001100000101100
111101001001010110111101111111100010100110111000110110011101111011001010000011001111011000101000
001101011010010011101111100100101111010010111110110000000110101101101101000100001101001101001011
000011110001101000000110100010101111101110001001011011011001101110100100111010010000111010001101
001101100000111100010101100101001110100110011110011010000110110100101101111000011001110011100101
100011010001000100111001001000101110010010100010010001010111101100100101110100111011111111101111
011001011100110011001110101011101101011101000111011110011110100000101001001101001111011101000010
110001001110001000110101011010010011101100100101101110000110111001100110100010011010000001010001
010111010000000010011111101010101100010001111101011111001101000011001000001011011110001010011101
100110011110110111111100010010101001110111000010100001100001000111010111101101110110101110000010
011000100110100000110100010010001011001101101010100110000011010010101111001101100011101010110110
111110101010100000110101000001111111101011011111101100010010001100111011011110101000101000010001
101011100100110100000000100011000001111101100110001000101001100110101001011010101100011101001001
000010110010110101100100110101001010101000001000111111011001000001011101010100010001100110111111
010010011111011111100111111101011111111100101101100011010010100010110001001101100010110011000100
111110000011010100010001111111011100010011111101000010011010111101100010111010110101100101000110
111101101101101001010110100100010101110000100000001010100010010111001111000001100101010011001011
111101110011001111101110010111011111100111101011110110010100100101110000100010100110110100000100
101011100110001000011010010101101101101110010011111110101011001110100110111001111100100011100010
011000111001100011101011011100110111001100100000101111110000001011011100101100100110010001000110
011010000010010001100010101011110110000110101000111010000110111101000111010100011001011101100001
100001101101100110101111111001000111000000001000101110100000000101001110001000001111000100010110
000011010111110011100111100110111110111001000010011110100111101011111100111000101111000100010110
100011011010011100010000000100000110100111000111111001110100100100010001100100111000001110111110
001011011101110100001110110111111100010110011111011101110010101000011001010001000111000001111100
110010111010100101101001101010011110101111101111110010100100010110011011110000100000111100100010
001010100010111110111011010011001011010010100010101000111111111110010111111110000001010000101110
111010111110001101111110110111100101010001011110001111001100001100111100111111000000111000000001
111100011101001100011101100001001010101101010001011100100101101111010111010001010101010110100010
110110001001110011010110101110100100001100010111010110011000010100010100110101100000101111011000
010001011100001100000111000000011101101110100001001000000110000010111101101000110000000111010111
011110110110000011010100000010011001110011010111010101101001001001101101101100011000010101001001
000011101110001001100010011100011101011001110011000111101101000101101110010111111110011110100011
110110100110011000100001010010000011101101000101001110110010000001011001110011100101000101100111
000000001101101110101011100011010110001100100111100110101001010001010001110111110100101101000110
001011010111110101100111110101010000100011110100100110011000011101100111100110011010100110011001
000110011110010000001010101001001110100010100111001110001101001000100100011001010010000000110001
100110000000010101010110010011010010101101011100010110100111110000010110100001001101010001000011
010000001010011101111001101110011001000011001010110101011011110100001100010101000011101100111000
010000010001110011111000010010101000011101100100010000100100111011111111111001001101110011000100
101100010101101111101001101111001010001110010110001100001011100001011011101110010010110110011110
001100011000100001000101100001001110000010000011110010010001010011011101000100111001110111011011
001110110100110011011011011000101001010111110110000001111110000101001100011000001110000110111000
001110101001110000100110000000000010010011100001011110000010000111101110000111011100100011111000
111000110100000100110101110010000100010100100000000101101101000110101111010011100011100100010000
101111100110110111000011110110010100111111110000111110100010110001011000010001111110111111101100
111110000000011101001001011101101010011100111001110010111010111000110110110111111000010100001000
011010001100111100010000101000100110100010110011010001010101110101010110011111000100011111100011
010010011010000111101011001001111001000010001100001101101101001010001010000110010111011011100010
000111000010111100111001001111101000011110101111000110111100000010100110101101100101100000001110
010110110110101011111011000111001111000111001100100010110110110111110111011000000101111110101011
001101111011010011000000000111100000101110101000000000111101000010101111111011100101010111101100
101010101101111101011000101000000011111111101100111100110010001110010010101100010100010001011001
100001110101000000100011001011111010000011000100000101100001011001101010110111101100011010111110
001111110100000000101001101010100001001000101001010011110010111111010101000011111001101000000011
100101110011101100100101110100110101010000111100110101000111011101111000100100001101111110001001
010001001111110000101011010111011110101110011110111000010010111101110110101000100011000011101011
111000011111000010101110011101001011010111101100110101101100100110011101001100001100111111111011
101011011110010010110100001000101001100000001110010011101100101010011011110010011110001100111010
001100101110010001100011110110110101011010111100000000001100001010100100010100010001111011001001
000011110100011001010000110101011111011100010011111001110111100110001000000111111010101001011110
001001011011101000000110000100001101000000110111100010010001100111001110110010110000110110000000
100101001001101111001111000110011011000101011011100010110011011100010001011001111111001000110011
010011010011000001011110110100111100101110111000011100000101011001111011110111100100011110101000
110110110111000111110000111101011010101011101001111101110000000000110110010110111001011000001100
110110010000000111010001111010101101011100101011000110100010100010011100101111000010111110001010
101110011011010110101111111000001011101110010000100011100000001001111111000100111110101010111110
000011110100110101011111111010111111101111110101100011100000100101011110110010100010101101001101
101111001111110100110011011000110001110000001001011101111010011111110000001100010101101111000000
111101001011010101011010100100110100011010000001001100111110000001000111011010101000000100010111
100111001011111011110010010011000001000001000011001100010110001000111010110110101010110000010101
100000101010000000011000011110001111111100110011011001000111101101000001101111011110011100111001
001000001000000011010101001100100110010000010100010100110011110001101101001101000001110011011101
101000001000101101001001001111010111111100101010010010110100011001100101011011101000110010000001
001100100001000000101101110011100110111001100010110111111001010100101010110110110111100010010000
101000011001101001011101100001001101011100111100001010011100011110110000011001100101101111111101
100010010111001000000100000001101010000100111110011101011101011000101000011111000010110101111100
001001110111111000000010100010011111000100111010011010111001111001011101010110101010010011101110
110011110011001100011111000101000111111010100011010110010001101101000100111000010110100011111000
000100001101001100100100011100110101000101111000010001111111110101110010111001111101001011101100
110010111110110101000111110110011010100100111100100111111111110100011101110011010011011001100011
110011100101011011101100010100011010100111010010011011000101100110100011001000010011011100000110
001011010110010000000101010011010011101011111110010001000001010101100101011001001000100111111110
000100010111001101001000100011100100111000010111110000011011101110100001000110111011010010001111
010110100011011000111000011100000000001100011100111110010101000110111010101101011110010100010101
000011101101111011011011011001101100111101010100100111000000001101000001100010010101110010101100
101001000011110100111000010001001111110100111100011110001111101100100011001010111001100011111111
110001110100000101010011110001110111110101101111001011100010000101001011010001101101000111110011
110001010010000010111000010011100111011011101000010110000000110011001111000010000011111001011101
011001011011111001011000011011000000101011001000011110101010000000000001111111001100101000111001
101000001100001111000010101000001010110100010011000100001111110000101110010110101100101111010000
001010011110001011111011010000000001100111110101111001001011001001111001001001100011111001100010
010100101111110011111110100011101010101111110100111110010101111111110100101100111101101010000110
011010110100000111110101101001100010011111010010001010000010101000011100011001100001010011011010
100101111110101100010010101001010110100100110011000010111010100001001001100010110100111001001010
011110000101100100000110101010100111011010101000110100100011011001111000001101011011101101010100
110101111011000101111111011011001101101010001100111101011010011001100111110111010010011100011110
000000011010010001101110001010101101110010100010100101100110010000010101110110010001000101000011
110000010100101111110100110000101100111100000000110000101011111011001100110011010000000011110100
101001101011011110010000010111100101100000101001001001110111100111011100110000110111000100111001
101110100010011011100001101000000100010010011001000100111001101100111001110000101000101011010011
110100000000010110101110000111100101010111101000011100001111101100100110111111011011010111000000
100100110111000001001110010001000010110001010011000110111101001101010010000111001110101011001111
010000100111011011010001001001010110110010011010011101000101110001100001010001011100011010101100
001110010010000100110011110011010101001011010010010111110011100110111010001001110111101010101001
001111010010111011101001000001101110010111110010100101010110101110111100000110011011100011110111
110110011010111110000111010011000110100010100110010000000011001011101101101110011110111101110011
111001010001110000111011101001101000101100100111001000100011000001001001001000011110011001101100
101110111010000111001000010001110011110000001010111001110000000010111101110111111111000011001101
101010110010011010000011111010011101100000001101100011110001101011101100100101111000010100101001
011111101110110001000001101100101011010011111011010111010010100111010000010100000111011010110101
110010001110010010101001000011011101111100011001111101111001111001000101100000000110100001010010
000110010101101100011011001000110011110010010010010011001010001100101110100001011110110110000011
101100010110110110110100011010001110011000000101000101111010110010010010100110110001010100101001
110000100000101010101100010001101110100110100101000010111011011010100001001110010111000101000000
111011001110111011011010011110011100111110110000000100100110000011000101010110100010001000011000
111010100000011011010101100111110101001010010110110110010100011111001101010001000111000000011010
010010101001100110000000001110010000111000011010110111011100010101000011001101110000110011000011
001011110000011101011111001100110111100011111100101010001100001000000000010101010010100100000011
110001101000001001000010000011100111100010000001100001100110000111011100011111010011010101100011
110110110000101110001001111011000100001001000101001010100110100101001111001011111111000010000111
010000011001111100110101111110100110011101100010010001011101100100111100101110110111010110110011
000111111100110111010100111011010111000110111010000000100000011011100110111000011111110100001000
001010100100101001111101101011011111000110011111011011100000110100100001101010000000101111100110
111000011111000101010111100000111111100010011001000110110011101010100011110000101011111010010001
110101100000010100000010001100101010111010001111010110011110101111010110010000110011100011001110
110110001010000011001110111111001010110110100011011010110100110110110101110101110011010101011011
101000100100010011110100100111010000011110100111100110001111110011000100010110111111111100110111
111000011100000010110111111000011110001100010010110111010001100111111010011001111101100001000110
011111000111000000001000001110000100011101000010010011110010100110101000111001010010011000101000
011110010110001011001001100101111111101000001101001001001000101110110100111110001001010010000000
111001000001111100000110110101100101001100000101111110000111101011001101110110010001101001011010
110011101110100010011000011101000001101000101000101011110111010000011000101110111001110101111100
000110011101011101000000011001101100110011011011111001110111110110100010001100000000100000010110
010001101111000111000011110110010110001100100100011010001110000011010001110001001010110010011101
101010100110000111101011011111101100001011011000111100100111101001100111111110101111000100001011
010100010100010010101010111010100000100001010101100001010101011011010001110000011110001011101011
111101111100100011011101110010111011101100010100010011101100010010010111100000011000000110101000
111111101110101000111000110110011010000110100101000001101101101011011101001111001110001100100000
011110011011100000110110000100100111110001110111110111001101111100010010011111000011000010011111
101000001001000011111011110001001000110100101001111010100011100010000000101111010001001110000111
100100001100100011111010001111101010011101000000110010011000010111011001101001010110101000011001
101100110100000011010111111100011101011011001010011011010110110011010010011010110110110100101101
110000000101101110111111010111110010100010111111111100101101000111101100011000100010000001101010
111001010101111010111000110000101111000100001000011010010110100101111111111101000111010010110110
011111000010100100010101111010011011011100101000010111010110100101011110110001111110110001001101
110000011000000010111110011111001011000011001000111111101000000110001100110011000111001001010100
000111110110100110001000101110001111110100111111001011010111011000110011001010010011000011001111
001110000001101011110101111100100111001001000001010000010101100111011111101100110001110111101100
101101001011001000000010011010011111001011100101101000100011011110110111110100100000001010010000
111000101101101111011001111000001001110010001111101000000110100001101100000100110001110010100001
000010100100101100010001000010101110101010111111100001000000100100110010010110110011010001101001
101010101001000101010101101111001011110101111010110100110111011000111010101010010011100011000110
000010101000001111100101001011000110000000001100110101110011011100111000010100001110110101011010
010011000100110110001111011000010101001001100001100000110000011000011000011001101001000000100101
100111011001101100011100101100100100001100011110011000100000101101010001110110100110011010101000
000110101000000100100010101010100000101011100110111010000100000100011000101100110110001001111000
111110101000111001000011110111010100001010011000000110010011010001110101100010110111100001111010
001110101000101001101011111011001110100101110111100000111101000100001100001011100001010111110110
000010110111010101011110100101110011000010010111011010000101000100101011111101011110001010001010
100101000000101000000100110011100010101000110010000010011111100111101101100111101000010001101101
110000111011000010010110111001001000010011011111011101011000110100100101110000110100001101000111
111011010111100011100001101011010011110101100010111001001001001101010110010000111001011010101011
101111001011010010110100110100100001100011100101111011001100010001111010100001000111100010111111
000000000110110010011101010111111111001010100011101100111110111010001000001100010101001111000101
011011101001100011111010001000100100100111110001111100011001110001000111001001100100110001111111
110011111000110001001000001010011010111110010000110001010010111011011111011110010000000110010101
100111010110010111010100011110111011000101010110000000001111111111011011111000011111111000111011
010100011011111011000001100000101110101000001111100100101110111101000001111001100010100000000100
110101011011110011100010010010001011010000011011101010111101011000011010110101001100011011000101
000011001011111100100111000110100111010111110110100000100010110101010100101011010100001001000100
