011100000101110010000100010000100001101010001011010010100110100010001001110101010101110011000000
111001101101101111000000000001110010101101111000001100111101111100001000001000000001011101110001
100001001001111001010011001001000011110000111001100011101000000100011111111101100000111011100110
001111010000101111101111100101101000101011000011010000111110000000110010000101001000010111000000
000101110110010001101110101111000111011010110101100100111110000110100010101100100011111100111100
111110001011010001110101110101011100001100101100001000100001010100000001011000110001101110100110
000011011001011011111011101101000100010001110110100111111011001100100100101111100111011101101101
000011101001010001001111100011100110000111110111010110110110111100010111010001101111011001000100
001011100111100011001100111011000111000100001100110001010101001011010100000110100011100001011111
001111011110000000010011110011001101101001001011000001011010011111000010010100010101000010111110
010010100010111111110111000001100000110101100110110010001101001111100101010100100010101010110101
101110001100110101011010110011011010011100010110101000011011011000001101100110000001111101101010
001111010011000010100011011101101101011011100011001011110110110010100001101010010000111011100001
010000110010111111010100011111000000100110010110100010100100001111111000000100010010110000101000
000011111101111011011010000101010000110000100000011101101000001100011000010000010100010111111110
011010110110011001000111110101101010001101000010101101011110100000100100001110101000000100000110
000110000010111010010110111111111000000110001011010011101001010011001111111011011000001110101101
010011001101111111110111110001101101111101111010100101000001110011110010100111101000101110110001
110111101010100000011101110001111000001100000001001001011001110010010011010111100010011110110101
001101110001011000001001110000000100101010010001110000101000000100111110111000001000000010011100
100001100001011111000010010111000101110000010101111000001111011011001001110101110010011011011000
010110011000001100010101101111000011100011001110101101110011000111011000100001011011010011100100
011101001000111000001110011001101101111100011111110000111101111001001111011101100101101001001000
001011010010011010011001101000101110111101000000010100011011101111111101111101110101111100101101
111010111101110101001010000100001100010011111101100000010010010100010011010110000100110011101000
111000100111111011011110010001111000100100111101000000100000100100011011011111111100101111011011
101111110100011010010000000110010110010101000110111000000101101100100010010001001111101010011101
111001010111000110010111001111110000010111110001111000100011000101011110011101100011110010101010
011100111010010010011001011111100111000001001001010011011111010001111010110110100101010010010011
001101111000001111011111111110011110010000001111110011010110000011010100011111001100101010010110
110001101111000111111000001000110110101010010111011010110100011001001011011101101001110101101110
110001110101101100001011101101110010010010000111100110101001111000101010111100010001011110011110
001001010010001010100111111111110101010010000110110110100100100011111001101010000001101001100101
111000101111011001000101111101001100110110000101100010110001010000001001110100000111100111001111
010011111011111010110111010000110010110100011101010111000110010100011011101110000010010101011110
100010110110000101000000011010111100100011001111101101001010100100101010011001100101010000000000
010100000010101110001011110110000100011100110000111000100000110100100110011101111100100100010110
011110100000000100011001001100110111110100011110010011110001111001000010101011011000111101110000
100110101001000101111011011101011000111010010100010100010111001111011101010001000100000111000111
101101010111000101111001111000111110001111001010010010100000000010001101100111101110011011110001
101000011111110001110010010000001110111101110100111010011000000010001101101000111011011010111011
100100001001010100110010111000001100111100001010111010100011000011110100011100000101110100110001
010011001011101101110110101110011010000100001111100010001011011111100100010101100011110111110000
110100011010000001001000001011111011100101000010000010011101110001001100011110100010000111111000
111001001001000100011110101110001010000010101000001111000000001111100011110010000100011110110001
111000101110111011101011010010001100000110111010100100111100111010101010100000110111001110010000
100001011111100110110001010010001000001110100010001111100110111101110001100010001000011011011000
111101110000000000110001000111011100101011100101111001010001011011101000010011001110010011010110
001100000001000111100100111010001100001101010000111100001011100000001000011011110000111001110101
101100101000011101011100111000111000010111111111001000001100000101001011010101000011000000001010
101001001011110100001101010101111010000100110001111101101010011100010010110010000011001101100111
111100010001010100110101011010101110011111010111111011101011110111000100001000001100011001000010
011110001000010000110100111111001001111000001110111011101011110000101011110111111110110010010111
011101010010100101111000010000100100101111110110011101000101111010110000011110100101011111101110
010000000001111000111001000110001011111111110100110110111010010011011101110001101010100100000111
110010110001010000100010000111100000010001011101110000011011110011011111100000101010101100100010
100011110111100001000101101100000101110101010100001001111001111101100011000011011000001110101101
001010110100100010000011100001100101110101011001110110001110100101110101110011100100110000000110
101111001010001010111101011101010011010000010100001100101100101110100110010001001101101011011100
100000110000001000101011101011100101101000100101100111010101010101100101000000101110000001110010
101001100010111011000001000110110101101011110001110011111000111001011010100100111111010111010101
001000110100111111101000000010011110010100011110000110001100100000011011101100000001111111101110
000011011100111010011000011000011100110001101100011000111001010110011000011011101101100011110110
101100100001111001111100100101100001101011000111011001111011110010010000100110110111110001101000
111110011001010111111110000101001101111110000111000101110011000110000001100010110101110001111100
000000001000000010111011101001010110110001010001011011111000100101011101101011111011010011111100
110010111011111001001100111000011001110101010110001101010111010011011100011000011000110110011000
110011100110110111011100001010110010011110111010100101110000010100001010010010001100000100101111
101010110101001011101001011101001001100110100101100000101110110000011111101111011111011001010010
111011110111110100011110010000010110101111001000000010001100101100101101111011010100100111100110
100001000100111011111110011110111100101110111000101100000010101010010100011011010000110010101100
110001001010000001100000110110101001111000000110000000000000000111110001101010111111101101010100
110111110011101110100001101011110110110011100010111000110100101111000110101110110001101111011011
011011101010010101000100101011011101011000011001111010110000100110000000101001001100000100001010
110000011011100000010001001101101110110111000010010001010000001000111111000011011110101001011100
110110100001101010101010000100000110100001111111001110011111111000011100010111110110010111101111
010010111010010010000100010010011111110011000000010100101010101010011001100100111000111111001111
011101101110111000111110000001010010010100010010111010000111101001001000110101010100111110110011
010011001001100111101011101100010001110000010110010000100001110100010101010111001111100011011110
000101101000010010110001100110011010010001011010100011111110101101001001000111000100101000000100
011111111011000001000100110110101011110100011011111100011110111100111101000111111000111111100100
100100000001001000000110001001001010011010100100100101110000100011111110101101101011100101010010
110111001110010110100000010010010101111001101110110001101101100010111110100000000010110101000100
001011000001001001100011110001000010001101000010100110000011101011011100000010100111110011001001
111000110100100010001011010100010001111011010100110000111100001110010011010111100000010111101000
010110010000100011000011001001111010010001111001101100001100010000101011011101010011101010101001
101001100011100100110000000011010000110101010010011101100000000101000100111010100101111100000110
000111010101001111111100001100111001001000001111011001001101000101011110000011001100100000100010
010101010111000100100110101001111101001000111010001110100010111111001000001101110110101110000110
101100110000000001000101100010110101000001001000011010001111101010100100101110011001001001100011
001001001010000110101000010001010110111001110001110000101010011001001011101101100100000101110110
110001100111000000100001110111010011101100010011010011001101010011011100101101010000100111111001
011010011100110000111111011010000011101101100000111110100100000001010111111101011001011111110110
001011101110011001001110010101010100001101101100000010111011001111000010000110000101010010101111
011110110000110111110000001101001011101101000101010100001001010010010000111000000011101100101101
100111101111010010001001001000101001000100110011111011000000001111001010000011110011011000001111
011100011100100001011010010110000001000110101101101011011000010100101111000010101010001111110010
101000111011100010111011000100110000100001001001000010011111010000010110011100101001010011100011
011100111101111101111101110000001111001010111000011011010110011001001000010010011010110110000000
011101011001011011010000111110111100101000101111010001000011000111011000001001000110100000011111
110101110001100001111001000100000110111010100000100110100101111000000001111010000110101101001001
101111000001110001101010000010001011001110101010100111000001001001100011100010001111011000001100
101101000110011010101110001100101010100110100010011100001101100100010100010111101010001110000000
110001100000101111101101111000000011111101101010101110001011001011101100010101101010110011111110
000000001000001111111101001101001001011111100101111101100010100111011011101101000011111001111000
011001101000101011001000000110101111101100000011110110110000010001011010000101001111101101101110
011010111111011000111111011110110111010001101101000010001010001010000100010011100001111111001101
011011101000000101110100100100001110101111011100101000110100110110111111011111101101110000101010
000011111011000010001111000000100011001111110000100110110011111100110001100010001010010111111110
110000011000000001001010010010110001110001101000010000111101000000000111011011100101101011111100
011001100100011011100011110011010110100001110101100110100110110011100010011010111001111000101011
011011011011110001001001010100001000111101001010100110011101011101111001100000010110001011101011
010001010100100010100000111100110010000010010000101000001111001101001001101110010100110111000110
000100101101011010001001100100110001010111111100001011110110101111110001000001001111111100110110
110110110001000101011111001000100010000101010100000011100011011111101110110000101011000111101000
100110111111010101001000011101001111100010111100000111000010001110000001100001001101011010001000
101000101001010100111111011111000100101111000001010011110001100001101110010010001101110100111001
110101111100111111011111111000000010000011000010010110101001011110001011000110101110010011101001
101010110110010110000101100101001110101111100001100001110111111101001100001001111101011110010010
010100000011111010100010100100010101011111001100100111000111111101101111100000101010001011101110
100001001010011101110110101011010001011010110110000011001101100010110110101000001010000110011110
001100111010001000000111010100101111011100111100110010000010011100010001000000000010110010110011
001100010010110010000100110001101101100001011110101101010001001010111001100101010000011000101011
011010010101111100000011010011111010010110011111001010000000011011110111100001101000111010010110
100100000000111011110011101101111001000010111001111010111110000110000110011010001110110110100110
101100010110111010001011110000101010011110000001110111000111010100011000000100100100101001011000
000011110000110111100101110101101001001011011111101010001000010000001110001101001011101011001011
111001011001101000101000000000011001011001101110101101000000001000001011010110010110010100000011
011011110010101000101001100100110010010111000110001001110010110100001110010111000111111110101001
000000000100100110000011101101100011010111000011000101101010110011101001100111010010110101010110
110011000010001011001000101101110101111100010001111000011100111101101111010000111101001010110100
011000010101101011000010000001110101111010110110101100000111010111011011010000110101101001011010
101001100111011111010100101111011101111011001001110101011000011101000001110010110110100110101001
100011110111001011101001100111101100111111101000001011111000010111000100110101101101110011110000
001001000011001001000111101100000011111011100011100111101000100011010100011010100001100111101100
010111010110100111101100100000110000001000001111001100110111110101001111010010010101110001111100
101100110100110010010100001100110010010110100101001010001000101101101100111011110010001011100101
111101100110011111111000001000101010001010110011011001001100001011001110101011110100000010001100
001100000010001011010010001010000100000000001101111011000111101001000000111010010111110010011011
001011110001011101011001010000000001011101001101111110001110100110001011010010001010100010101110
100011110111011101000101011110101011000100001110101010100010111101011100001111110110111011010000
101110001101110100011001111000000101111011010100000111100000010101001101011000110010010011000010
101100111010110000110001111000100010110100000011011011101100100100111000010101000101010111001101
010101100100000111110100100100011111101110000010111111001000000100100110110001000010001110010101
100001111000010111101001001111001000101100100101000100110111110001110010111011100011101101101110
001110100110010011001011110110000000100111000101111101001010110011001100011011110100001011000001
011101000111001010110111111100111111100110000101010100100101100101001011100001101001011111100110
011011111111110010100001110011011010001000001000010110010111011111001101100111010111011010011001
111001000101101011110001000011100001001111100010110011101001000110011001101011001110011011000111
010101001101101110111011111101110101101110110111010000001000001111001100000100100100111101011110
110111010011011011011010010110010100110111011001101000110010011011001010000011011100101110101011
000010101000010111000111110010001100101110110000001101001110111111010111010111101001110100111000
110011011101100011110111100110111110100110111111111100000101101110010011001010000010000101010100
110001001010100010011001010111001110001100010000101001101100111101011100111011111111001000011000
010001000001011001101011010011011000010011100001000100001010101101101110010011101000001111111010
010111101001001001000011011000010000101000110100011011111111001101011111000100001100110001100101
011111010000110101001101110000101001001001011011110001110010110100001011100000111111010101001101
000110000010110101101000000100101111101011010010011100000110000100111000100111110101101000010100
110101110011000110110110111011010010101110011001000011001110001000111110110100101011011100100100
100111001011101100100010100001111011111011010001111101000111011111011000100111010000100000101000
001000100011011110011011001100011010110001011101111001100010001000010001101000110000100010101000
001100101110011101010011010100101111101000111010101110100010010110110101010010111110010110110111
101011011100001101000010100010000011001101110001110010011101001100111010101000100001100010100000
000010100010010101001101110000110011000010110111000110101010110100001011001011011111101011010000
100001000011001101101100111001110010100100000111010100000111010000001100110000111100001011110111
011101000001011111100001010110111100000110101010000101100010111001110000010010011000011111000100
100011001001110010001001100010101101000011000101010111101010100100100010100000010000001001110011
001001111011001000000100010111010111111001100111000110101001011011100000011101011010000100001100
000111010111000001011000010101111110000000000101010010001101111101110100001100100000000100011110
100011110100011110011011001011000010001010100110010111011101000011011111011011110000011100110101
010100101100101011011100110111001111010010010100101001011001011100001110101110001100000111100111
101101111101000011001111101110010110101110011001111101111100001010111110110010111010011111110100
011100101100101111110011101101011100101100000001110111011110000101111100110010111100011100011000
101001010011101011100100001000101001001001010011100001011000001100010100000010011111110011100010
101110100001110110010010110101101000000110010011101000101001010000010111010010100001000010000101
110011110101000001001101000110000001011011111111110101010001011101110101111110110000111000011010
010010100011000111010111111011110100111111001110010100110010011101100001101100001111111010001100
000110001101100110000011100111100010011001100000111000010100100010011000110000100001110011111011
011001010101110011100111001010111111110011000000000111010010011110011110111111001111000101001101
000110110010011011110110001110000111010110010111111110001000111100100101110010111000111110000110
100010111101010000000111001101001110110110010000000011101110100000010100101111111000111011110000
011101011101000110000010100011100111100000000000100010000011100010001011010000000101001110111101
101100001101110101011010100011110000011101010000000001010010100101111010000011010111000111010010
011100110101110100110101111011001100111110110101000000000011110110000111011011010101100001111110
000111010100110100001100111010101000010100100100101111001100111010000000010111000001101001100010
011001000101110011011001010001110101011001110110111101111000101110111101011011110010110100011010
110111001111011000000111010111010001001111000010011011011000001010001000110000110010000101110101
001111011101100001010001011101100011011101111101101100000000110011111000111011011000101000100110
100001010000100001000001110101111011000001000000000110011100110010000001011111001101001101101001
011101010001001001000110111111001011110101100000011011011010111100100100010011000100110110101011
101110111000010011110001100101110011000010110111110111100000010001010110100010111101100101100111
011001001001001110110100100111110101100001010000000011010010010010101001100010010000001111100001
111001001010010101001010001110010110101011110001110001001110010111000001000000000000111110010000
111110001100001111001101100001001100000100010011101110010101010100101010110110001010011001001111
101001010100110011000010100100100110000110101010000010100010000000011011110101101100001011101100
110000011101101111111110111101101011111000110101101000110000100100000111000011101110001110101111
000001101000100101001011010100000101011110011000100111001011101110110111000011100010100000010000
100011011000110100011110011010010000101100111101110110100011011011100011110100100010000011110010
000000111000100110101011110011001011100100101110110011100010101001010110001100010010110101111101
010101110110110010011111010101010110111111011001001010011000000101111111000101100010110111101000
111000010000100000011001010010000111101110010110101111010100011001110101111001110110110110011011
110000010010111010000001010100011010111101101001100100110001110100010111100111011010111001000111
001101000100100011000010000111111001111010111010100101111111001110101110001110011001110010110111
100111001000000011000011010110010000001000010111011100001001101110101001001111011001001001100110
001110010110000011111011011010111101000110001111101101110101011011100111010001110101110010001110
100100100001011011101010001110111011011011100110011101100101011001110001001000100100011110001000
000110000111100000001101001011101010010010010101000101111111111111101111000100110100001010111101
101111000111011000010110000100001100011100001011111010011000101100010101111010000001001000101101
001110010010110110011000001101110011010100001010101011011011110011010000000010011110001100010000
010000000000110011100001101101011100110001011010110101010100010111001010011000101100111010010101
011111101101101001111100111000101101000110000001000011011111111100110111110001001001110001001101
110000110010000100000011010110001010111001000100000000001101111111111010000011110101100111010110
101111000011001110001110001001000011001011001100111001000001111111101110000000011010101111111011
111000010110010101001111011001100111101111110111010011010011101100000100011011011000010010000110
010110001001011110001001101011000101111101001111001111010000000000010001001111010011001011000101
010010100101100110110010000101000100110111101011011111001011000111010110010001001001101000001011
111010010101101000001000101010001010001101010011110110000110100100111011011001001001100000011001
110100110000110011100111000101010110001101110001100010110010011111000011001010001000111111111000
010010111011001011001100101100101111011011101100111100000000100111001110110100010001111100011010
110100000011011100011110001101111101101000001001110001001111010010101110000011011011110100110001
010000001110001110101011101100001000001000111010100000111001001000111101101110000001001001110011
000110010010010101000011001011011101110100011110100001001001010000000111010010011100011111110001
110000111100010010001100100110101101010100011101001101001110111110100011111011111100100101001000
111101000100101011001101110001000001000000111100010110100110011011110010000111100101010011001000
000100111101011100011101001111100111101001010011100100010100001111100010110000110000111000110000
110011001110001101101111010100011101001011001000001000101001100110111001111111001001011001111000
110101101110110111101101011110110101001110000100011101010110101111000110001110111100000010100010
011011111010101010001001010100000010111011001101100110100101011110101011000011101001101111100011
101110000101111100011100011000111100100110010101011100000010001100101100011111101001001011110000
100011100001101111100001100000011110111011000011011001100010000111011101100111001010011001011111
110000010110110111011110000001011100000110110110010001000011111001101001010100010110001111100100
101000111001010000011011111000100100101101111001010010001111001010110100100011100110100011111100
111000100101100011001001111100000011010000011100010011001010011000000011100111110101111010010111
101111001011100000011001111010001011111101110000011011010111100111111001011100011111001001110101
010100100111111001101011100101100011011100011100110001110111010001001101111000010011001111010010
111010111011011011000100100011111111101101111100000100100001000100001101011111010010000000100000
100101111001011001100111100000111100110100000011000100000001100111110100100111110001110001000011
111100000111001001110100000011110101101110001101011011000000000001111010100100111101010010101100
100000100011011110101010000101010100110111001010111001011111110110111101101011101110101101011001
100001000111001011001000010000011011001011111111111100101011101111111101010110001101110000010011
110110101001100000011101101010110110001000001110000011100101010100010000001000010010000000010011
010110001111101101100100001100001010111101011011000000110101110000000110011111101110001010110111
011010011100110100010000000000101010011000001100100000111101011110001111001011100000011101110001
111000011000011111000111111110010101111101100100001110011110001111000001101100011011110110001000
110010100101010001101001001000010001001001010100111010000110010110000010101001110000110111110011
100110101101001110010100100001110010001001111101011100100101101001100001010110100111001000100101
011000001111101001001011100000111100000011011000001000100100011100011000010110010101011111110011
100111000010001110010100011110010110101110111110000011111100010011011011111101110100010110000100
001011101100100011010100111101111000101110000001111100100110101000110100000101110110011010100000
000111010111100100001110010010110100101000001101100010111001000101100111011001101101110000001001
011110001110010110101110001011011111101101000111110010110010001011000011001011010001101001101011
101101011110111011010100101111001001101111100110011101100001011111000100001011110111011101000111
110011001100011110010011000000000100011101001101001111100110101101011101110011000011010010101110
000000101111000010000011011011101001111001110111111100000101000001111010000010001001101011000110
010001101010010110010010001111010000100101010011101011100111100010100010011001011110100011000000
101011010001110011000110011011111010110011100000111111111000110111011010011010100111100101100000
000000100100111011011011011000001000001011000011111001010100001110010000001000010011100010110100
100010111001000011111000000011011001101001110011000010101110101111100001101000000010011011011011
010101110010100000001010000011011000010010000101100110101010110110100110110000101110000000000011
111110010010011100001111111101000000100111101100110011100101001101101110011001010001001010000101
011100010010100100010001110011101001100011000010110100110101101111001010101111101011010001010011
001011111011100100101111110100000000100110111101001111010111110101101110011001111100011110110101
111001000010000111000010010010101110001110111101111000010011011111010001110010011110101011101000
111010111100111011001010011011011010101000100000101000100010010101110100101011001100111011010000
011001101011110010110110000010011101011100110100010001100100000100010110110111001110000000110110
101010111011000010010010000001001110010011100111000101001010010110000100101111111010010001101100
100100111110101001011000101001110111111011100001010111100000010001010000011111000011001010010101
000111101101011000110100101111010110000101011101001110010000000100010111110010111110110100100001
101100101110110001011100011111100110111110101010001110101011110100011001101111001100101100100100
100101001011000101011011101000110101001100010110000111010110101110100100000100101111111001101111
010101011001111111010101100100100001000000000110010011010111000000000110001110100011011110101111
010001000111010011101011101011010000010000101110011101010001000100011000000101111001011001010010
010111101011010110000100010101110001100100011110111101110000001110100111001101001110110001001110
000000000010100111000011110011001100000110100111011010111000000101111010000011011011000100100100
111000001110110110011110111110011010111110001001101000000011010011011001010010101010001110011100
000011110011111100111111001010100111101010101111101001111101011010100111111000111000000100111110
001011100010100001111100110011011010100100101010110011110010000111111011000010011000110110010110
010000000000000000001011010100010100010000111000101110001000000111110001100000111001111011100010
000100100101000010111000100011111100111001000000111101001101111000000001001011010001100100001100
011110100100100100111011001000111000110100110001110000100100101110011011100000110011011111101001
101110010011000011000101111011110111101111010010101000111100100000101110110001110001100011011111
100111111101111000100010100001100110011111011100001001110100011001001110011110101001001010111110
010001000101100101100001110101001011010100010111100101101000000000100000101101001011110100011101
011001001100011111101111111001001100001111110010011011001001110011100101101010001100010011000011
000011000110010000010001110100000101111010111110011010000110001001111111011110000111101110011100
000111111011100101001101010011111001111101111000010011110111101010110001001000010000100010101100
001000001001001010010001100100000000111000011111010010001100101001001000110101100001010010100100
001000000110101000111100101011110110010000011111010000011101011111100010100011111101100000011101
110110011011110010011000101001110010011000010111111100001111001011010111000100010010111000000001
011011011010011101101111100010001100100001101000111001110000010111010001101011000011010010010101
011110100001001110001000101101110111111100101111110000111010010011000101111000000110000101001011
110011001100100000011011011111010011101000011111111000101111010111010011110100101010101100011000
111100111100100101100010100010010111101110101010000001001000101010001111111101010111111000101001
001111111000001000000010110010100110110000101100010000100010001110110010100010011101111010001110
101100100001011010011101001011111001000110101101111001010110101110100101001100001010111110001000
100001011011100001000000110101000111110001100110011110010011000001010110101000100101100000110010
010011101101010000011111101101100110100110100101011000001011100100100101101000110010111100100101
010100100110110011011100101100000111010111100101100001000100011110010101010000010001001010011101
011010011110000001011101001001001000100011011010111111101010001011011001000110111100111101001010
000000110010101111101101101001001011011110101010001001110000001111111111001001101111111000010011
