100111001010001010011010010100000011101001001000100001001101000000110010100011011101100111011011
101100000100101010011000010101111101001101010111001111011101110010000010011101011101011111101100
001100010110000011110111100101101111101011110100000110110111000101000010101110101010000100010001
111001001101011001110011101100000100000101100110100001000110000000101110000111010110011010011010
000111111100001101010010010000111000100101000000101010111110001011000001001011010111101100100100
111011110001101111010110111011010010110110110011111101010110101111001100110001001101010010111100
110111111101010100100110111110000011100111000101110110001010100110101100000111101101110110110111
000010100110100100110111010011011101010110011011110110001100100100100001111011110001111110000110
011000100111110101100111001101000011011001001010011001111111000111100001110010010010101010101001
111010000111111010001000111111111101000100101110111111100100100010010100011101110001100011100111
011011010110001100111011001010000101001110101010010011111011101001101000100101000000010100001111
010110000100110110111100111001100100101111110001001101001100011100010111110000111111010010011111
111011011000000110111100011010010001100010100110011010011110000100100010011010000110101100001110
010100011110001100111000111101010011100000110011100101011011100001001001101011111010000010011000
001000000001101111001000101100010011110011100010110101010010111101011100110110111101100100011111
111001010010001000100111000100010101100101011110000111001011100011001001100010111101010000100000
011111111100101101010110001010110110000110100111000011100001110101001100010110111000010011010000
000010001100001001010111110010100101001101100000100100110011010010101011000011111111101101001110
010110111100010011000000111000100111110010101111101010111010001001001000011010111110101101110101
011110001010010110010010000110001111101000001000101100101101100011001111111110001100000110101110
111000101110001011111011100000001110111110100001101101000000011100000100101101101011010111011101
010000110010011110111001111000010101100101011010010011000111100000011101001001001101001010000001
111010100000010010000110111100111111111010000100110000010111000100000001100011100101001000011000
001001010110001111111010001011000011000011100101101100010010101010010000010110111111000000101000
111000000001010101110100001111001100011000011001010011100000000010110001100010010011011001100100
101110001010111101111100110111100011001110011011010000110111001110111101110110000100011101011001
100101000000001110111010010001111100001001011110110111101001010010000011001100101000101001000100
110100100111100011000011111010110110111111001000101100100111110001010010110101111010001001010110
011101000111001011101000001100001101101110001000000101000000000101001100011000100011101000101110
111100110001100100110011000100111000101101010100111001111001001110001111000000010011000111101111
110100011010111111010011101100010101000101110100100101001010110011010001110110111111001101011100
000011101010111100011110100111010100001001000010011101101001011110001001101011100011111000001111
111100110111001111000111110101100101100001111100011001111011001001100100100011111011110010110101
001000100011001011011101100110000001001001001101000100010100011100000010110111110100111011110000
100111011101010000000001010010110111100110110111110100101111000100101010101100110111101001111110
100110100000000100110011011011000011100010000101101001111110100011110001101001101110011110111111
101111111100100011101101111100010011011001100010110010001111100000110011111111000011110000000101
110100011000111101001100011101111111010000000101100110101001100000010010111110001100010001100001
101110001101111100011011001000010110101000111100101111111101001011011110100111100101000101010010
110100010001011101100110111001101100110000101100011001000011100010100101100000011111011110000101
110100111011000101011111000010100000010010101011100001111000010010110000111010111111010011110111
110101001011101110010101101100111110001110111010101011110101100110111010000001101001100000000000
100010010001010100010110101100011000001011011000111011010100001011000011000101101110111111100110
101101000011110101111111000110011011111100111001101011000010101101010011010010100111111010111011
000010011000000010111010101110111011110111101010011001001010010001010000000100010110100001001101
110011001000111101100100100000100011011011110011010000110010011100111011100011100101101011011100
010100101011010010010010011010010111011110010010110111000110011010011010010111111101100000001010
111010000111100111101111110010000101011110001111011010001001010110111001110101100101110111111101
000011101111110110101111001011111101110010100101111110000111101011000001110101001101100111110010
010100001101100011100101101100001110101111101101001001010011110111011101000010001111011101110100
010011011011100010010111000101110111010110000110010011110111011001111110100110111011010001111011
011100010111101011111001111011101011100000101001001001110101000000011011000010101100000000001110
010111100000101111011010111101010100110010111001010010011111010101001110110010101011111000011110
110001100010011010101101111110000110101001111111110101110000100011110110001101100001010110000100
000101001101011010111101110011110010110100111010000001100100110100111111010111001111010000100011
011000000000101011001001111001110101110111100010011011100101110100110000000000000010111110001001
100101101000001001011010001011010000000000101111000101010001001011001010000010001010011110011010
001100101000111111011011101100111110010010010000010111001011011110000111100111010010011001001100
011010010000011010100001110010111110000111001111001111100111111111010100001110010111010100001010
101110000010100110111010111111011011011111010110100111100101000110011111110000011011010000010000
001001110101110011111111000000111111011100100011001111110111111011110000010010101001100001101000
010010110000110110000111111101111101011000011010110000111011110100011110110100010011100001111100
000011010110011110010010000010101010000101110100110010100110010110011000011100111111010111111110
101000001000111100100011010011010110100110100100010010111111000111100100000110010010010011000101
100001010001111011101100100011110000110100000001000111101000101101100101000111110100011100110001
010010110010010110111010100100101000101001110100111101111011000010111101010100011111010100000111
110000100010101011001011110111111010001010110001100000110011010001110101110001001011010111011101
000100101101110011110111000100001011110010110101100100011110100110110000011000010110110001111001
100000010110100001010011110100001111111100000001010001000001001001001100111011010110000000110101
000110011000101100100001000110100011011011111010101101101111100001100100000000000100000110111101
111000000000011110111001111011010000100101011101011010010010111110011011101001101101011100011011
111100011000111001110011011101011111110011111000100010111100101111111010011101100111111010111111
100110000001101101110000011000001110001111111101100110001110110001001101011000111010100100011001
011010111000001100100010100011100100100100101010111000111011001000111100001000000111011111000000
110100001100111111000001111000100011111111100010100100000110101000001100101001011101001101101111
011011110010011111011011101100111111011000111011110101111110000110001100101011000001010100010010
101001111111111010011010111101110101010010011100101111100000011011111001001111100111010111111100
111011000010111101000110010011011011010001001110100100101110000001111001101011011110100110101001
010001100010110111010100010001010111000110010111011000000100111000100000001110101010110011100111
111110011111100110011100000000011011111110101110110101001001011111111010011001110100111100000100
111100011101100011111110100010001010110001110101101011011101110101101111011100110000101011111111
001010100001011010000111011001101101000110011111111000110101101110000110100010111101100101011110
011010110000101110010110000011110000110000101111000111001100000101101000010111001011111111101001
000100110101010001000010001100101010001000011110100101101011000111000010010010010001101010100101
010010011010001001001011100011000010000000000001011100000100101110110010010101000010101110011001
010011011001110111100110000111110001000110000011000110011100111000000100010000010001001010111001
101010100111010010100100101010000101100110011111110010101001101100010110110010010100000001111101
111000101000000001001011010100100100101000100110010001001100010100001101110100111101011110101001
001110111010010100010000100001111111001000001000001010011100001001001000001100011001011101000110
100011010001011101001111111110101110001110101110101010111000001011101000110101111110111111000010
110101010100011101000000010110010111011010001001000011101010100010001000110001011001010001010011
100101001110100001101001010101110011100010010001011011100101000100011001111100101001111111000010
000111011100010010110110000011111011111001100010011010101011111111010101010010000000011111010000
100111000100011010010011110111100111011110111010011110101011100101010101110101000110100110000111
101100010101100111000000000011101111001001111100110011111110010010110011111011110100001100110000
111111110100100100001001010011111000101000110010010110011101001000010110110110010010011100010011
010010111001010011100000110110111011011000010100110001010101111110011010011101001101000001101011
000000011010110111000100011101011000100001111011011010000001001011100010001101010111010000110000
101101100110111100010111011001010001100101100001100111000001100001010101110100101110000011011011
000111010001011011011001110011001101011101001110011010111011001000000110111001011100011001010001
110111011010101111110000101010101001110100110010010011010100101000001001111110111110001111110011
110110001110001110101100110110000101010100111001111111001101000011000010010100000011010010111011
001110010010100100100110001110100000110001110000011011100111010001001010000010011111101100010010
011011111110111110010111101001111101010000000000010000111100101000001000111111101101011001111001
110101100100001010111100100111001111010111111110011110100100010001011101100101110001101111011010
100100101101010110110111010010001100110111011010011110110111011111010111010100100100010010110000
101110110001101100111100010111000101111010110100011000000110010101001001001000100011100000110100
011010110010111011010110100110111110001100011011001101110010010000000001000111010000101100100000
011110000000101000111110001000010111010110100110111010100001111001110011001101110101011000111110
101100100011001011011001011110110100101001001101100000110011110010110110010001000011100100011110
000110100000101100110001110101110000011011111010111100100001111011100010011001000000101010001110
001101001010111110000111111010010110010010110111111110010001110000011010100000011000111001100100
010000010110011000001100010101010100010001100010000010010011111000001101000000010100010001110110
010111001010011000100000000010110000000010010111100000111100001111010110000011101011011001100100
111100100000011000110111111110100100001110100100100010101111110111010100001001100000110100101100
011101010010001010000001110100010011101000010000000001101011001111110000001110000010001011000010
000010010011010001101000000101110111101000110001011000100001001000110111011011110100000100110010
010010001000100100101000101100101011000001101011110010101001101011101000010101110111101000001101
111100111001000110011001110010100110001100001010101010110111001000011110010111001100101011101010
000101001101011100010000000100111101101001001011010000011101100000111011000010100010111100110110
011010100110001110110101110100100011100000001011011010100000001111100100100100111100001100000011
010110010011010100000100001110100110101101110010100110001010000011001110010010110111101010001111
000111110000111010001100110110010010100011011001011011000010110101001011100001100011101010000110
101101110100011000001100010000010101111011111010111010001001111011101111011001000011010100001100
110010000111001000011011110000010110010011010011001101100011100100010111111001011011010000011000
001101100100011101110101000001011100010111111100111111101110011000100101110110011111010011111011
111100100101000111110000001001000101111100001101000011110111010101111011001001000111010001010011
010001101000100000110010110110111101110001011001111101010111100111010000001011110111100011101100
001010110110101010101110100000110101111111111111011010000011100011010100110010111010110000101001
001111001110011101010001000101000010001000001111001001100100011110100111011111000011001101110001
011111101000110100101010111010011001000000001001101110011100101100000100000011111001000100110011
000100101010000010101011010011011111011100101011101111101010010101000011011110111000100010011110
101010011100100010100100010100100011001111111010111111010100010101101000010110101101010011101111
010000011101001100110001000001011010001000010010100100100010100010111000111101100000110110001110
011110110010111000011010101001000100011100001001011101110000111111000110011110100000111101111001
110101111000101011100100001001101101001011110100111000011010001100101001000110111111110011101111
010011110000101010110000011111100101111111000101101000000100000101101101100100001010100110010011
100100110111100001101011001101000101111001010100101100000100101001001011000000100101010011101011
111101101000001011111110000111101110110001001101101001010001001111011000101100010001100001101011
110011110100101101110110001010110110001111111100011011000000010001101110110010011110011110101000
101101110110001010011001101100111101011110000000100001001100110111000001011101111010011101101000
010011100111001100100001110101001101111100011101010010110001011001001011001111111101011101110010
111010001000110101110000011011101010110000101101010110001010101001010111001001101000110010010011
000000001011000001010101010001110100111101110101001101101001000011011010101101001110011101110110
101001101111100000101100011000001100000111100010011010111001101111111001100001111001111100110011
101111000111000111000001011011000011110101001110010100110100011001001110011001001110101011000010
100100000000110111101011110110010100110000011000111110100100000100011001101001011100000101010100
111001011101110111101101000011011110110110000011101100111111010001000110110100011010110000010010
000011000111100010001111001010001001110110011001100001010010001010001110100110101000010000100011
111111010110110001111110111010111001001110001001010101101011110001111110011000101000010101001011
010100101011010001010010110110011101001100001001011100000111111000000111110101000011010010000110
111110011000111111111101001111001000110001010101011100110111010100101110111001001110100001000001
110100011111001110101011110100000100110101101000110000100001010011010010101010100010010110101001
001101001111001110100111111011000011110101111111000101001011101110100110110001011010011000100100
011001100111111110010011001101100010110101011110010110100010001100000010110110000001001110011101
000010001011111000001110010001000100111001101011010010010011011100001100000001110010010111000110
110010101000011001101011111000011011011100010101001101110101011001100100001101100010101101010111
000101111100110000011000000010001010001011011111101101100000111010111000010111001011010001000001
111001011111010000100011000110010111010001110100101100011000000101011001000000000110001110101000
001001111001011101001010011110010000011100100100001000100000100011001111100000000111110011111111
100001010110111000010011001011100111001000100010000111001010000110000001000100100111010111001110
111010011110000001100101110111001001101000010111001010011011111100101001101101001000000011001010
001000001000111000101000011011000100010010111111111010111011000111111110000111001111100111100000
000111011110101011000000010100010100011100110110001000001100100001001100101011111101101100111000
101011110101101001110111101101101111101001111111111100011110101111000111101101001111111100000001
110001010000110000011010010111001100111110011111100111101010010111100010101000010000011100010000
000110101011111000000110111000110110110101100111100011011000010001011000100110100110100111100100
011101101010111110100011011101000011000100111000110011110110001100000110110100000101110011010100
111011101000011100001011110100111000001011011000110010110110010001010011100100101011010001100100
111101010100110011101111110110000000111101011001000000101101001010011001110111010111110101111101
011000010000001111000110001111110101111101100100100010010110101100001001011000101111111011111000
001000111010101100011011010011100101101100010000011001110000000011101101110100011101001110100011
010111100010110101101010111100010100011111011110001010111010001001111001101110011100011111000110
100111110111011101100010001010110011111101110111111001000001001111000101101011010110010010000010
111001011110001101100110100011010010010001110111000100100011011000110011010001101111010010010111
001101001111110010111010010000100101010010011110111000100011100110110110010111101011110101101010
110110001010100011011101110100001010011010001100001001010101001100101000000001010100011011000110
001111101011010000101100101000011011101011000001101010111101100111011000111111110000111110001100
101101100110000001100111010100000101000111100000101001100001010110001011000010000010101110110001
110000001001101011000111000111101010100111100000111010100000100001101100101001011110011111000001
100111110000110100100101010011011100000111100111011011001010001101000110110100000001110110011011
101000001000111111101011110000111011000111001101010011010011011101111100011110011100101011100100
110110011010000011110110110101001000111111101111000011101010001010011011111000000011011100011010
010010011011101000001100100001111000010110001011010100000101110110010111110111001000010011001000
011101011011001001100111100100101000011001101100111010101000011100111100001011010010100110001011
001110010101111010001001011001110110011110100010001111010100010001001111011010111010011010011111
000100100111010011001000110100101011100010100100101100110110000011110100110001111110010001101110
100100000001111011111010110001001010000000110100001010010110001110101010000101000011110110111111
010001111000101011111110010110111000101110111001001001001010000001100101111101000010011010110000
101110011111011000111000100011001001001110010110010100001100101000110101111011111001000011110100
110101101000111101010111010011000001000010001111100010110110000010111111001000001110110111000111
110111000100010100000100000001110101110100011011100111101100100110000011010100110100001111011010
001011000111111000011110011000011001100000010101111001111011100100110111100011011011100000010111
100100100001101111011000000100000001000000110100000011000001101000011111011000010100111010000100
010011100001001000100001100111010001010010001010001011110110101111011001010111010000001011011101
100110011011100011110000111011001011010000011011110110001000010000100101011111110110101111000011
000100000001100110100111111101110110100110001000011000000100000110001110110001010000001100010001
100110100001101010100100011100110011110010110001111011010110001111110011010111001010010110101000
110000100010110110000111010100011001010111100110110111111100001011010100111010111111010011101110
101111101110010111111011011100111000101011001100111111110100100100001001010000001101010010011000
