000000001101111110010000110011000011110011110001100000010001110001110010111001110100000100011010
000101001100001010011010011010100111110010001111100111010010100011100011010100101011001010000011
110110000101000010100000011111010100111001010111110011011011011011100001100011011000100110111001
010011000010001000100001011010010010010000000100101000110111111001110010100110111000010111000010
011001001111000011101100000011111001010111010000101111101010011110011000111101001010011001110110
111100101001011110111110011010010001100010111110110101000001100011000111011110000111100100011111
011100011111000101101010001110000101000011101011101011100010111101001111100001011111010000011000
100100100111011001001000000000100010011100010100011100001011011011111011001111110000101111101101
000100101010110110000100111100100011111111110001110110000001000001101000100110010110011100000001
111011111011001001011101000101111001111110111111101100101010001111101101000001110010111100000000
101111110001010011101011101100010011000001111011011000101100001001111111111000011001001000011110
000100111100100001000101011110000100100001111001101101100010111100011000100110011010000010000100
110110100011001010010001000011010111000011000010110110110100000001110100111001000011001101000110
000010000111110000111111001010001101111111110001101001111000111011110100111110011010110100000110
011100110110110010100110101011110111011101011101100111111111000000011100111101011110000101101100
111100100110101000100100101011111001110101101111100100101001101001001001001010100101111001101111
001110011011101111001010011110101000100011111000011110001110100000101011100100000010111001110011
111001010000100111011010011001011001001100101001000100001101001111010100010101110000110110101010
100000010110011011110000000000101011111011001001110101010010011110111000001001010111111110001000
011111100111101000100101100101101010011100001010010011011011010101011011011100001011100010000010
111100001001010011000011101010101010001111000110011010111010001110000100000011000010011000110110
001001001110110010100001000000001011011100011101110010101010101010110111100011010000100101110000
011011001001111110101100001011100110111101011001101111111111100011011111001001010110011000110010
101110111110100010010000100001000110001000011111011011110101010010100111101011110110011001001010
100101010110111010011100101110111101111011110111101101100101111011111010110111001100010001111100
100001010010111000010010110010110100011011000011110001110010001111100011110110110010001001111001
100000110101011010011101101001100010001110110110110110111010011111111100011101110101101101100110
111111101101010110100001100010001110101111000010110010100001111001111011111111001000001011110101
010000110101010001001100000111000100010110100101011110111101001000111001010011110100001110111010
101010001010000100111110101001000111010000101100010100000000000100000000111111111100101010111110
010111100000000111010101001011111110110100100101011111101001110111011100011011111001011100010110
001010111001010110001010101100010111000011010110100111100010101110101100011000011000101001011101
010101100100000101000010110001001100100011010101011101000110010100100011000001110101000011011001
100101100110101000111101100011000101010000000111001101101010101111110101110001001110010011000110
000110110001100000100001110101100011110100100001100000000101100010101111000001011101101101100101
000000000110010000011111010010100110000010101101011010011011011001110110101111110010101101110010
101100100100011100011001000001010101111001101111001010001101000110000011001001001001111100111011
111000110100101011000010011001100001001001010110011110101101100101110011110011100101111011001011
111101001111001100011111111111110011011001110100101110101111000101100001100110101100010111010111
001110100001111100111100010110110111100110000000110010101001110111011010011001010110000111001100
000110101110010000010110010100010001000111011100110000110110110010110101000111010001111010001111
011011011100111011101111010110110010100010001000011001010101000011001001110110101100010101011111
011101110110111110001100001110001110100001101001011111011111101100101011110110111000000111100010
101100011101100011101101011101100100010010111001001000100010001111000111111100010100101101101011
100111111010100010101000011110010001001011000000000111110000100000111111100100001010111110110011
001110110101000101100010001110001111000000100011010100110100101100001111111111011101110010000010
110011011001001111010000110111110011010101000010000001111100111100011011001110000010100100100111
111001001110001000000001010101010010110011000000111110101001010111111000101011110110101100101011
100111100110011101111111001101001010000001001001101000010011110000000111010100011011110010100000
011110110111110000100110000101111011011001010110001010000010110111111010010110011011111011100000
110111010101000011001100101111110101001110110110111001110111011110111010110111010001000010011010
011001100101111000100111001001010001010110000111001111001000101100000010100110100010111100000100
010001101011011001100001101001111101101010011000110100100100001111101100001111100001111010110111
100010001100000100010001111111111111100011010010101100101101001100100101101101000000100001111111
100110110110000110001001011011011111001001001000101000000110111000111011100101110110011101110011
110011001010010111000000100111111100000010001110011111011010111011000001100011100000001100000111
001010001011101010101100010001010100010000011110001101101100100110011010100011110011111010011111
001011100011110001011101110101111010010100001101111100001001011001111101011100010010100111010001
010011001110110000011111001010111111110010110011111011000001101100011010011011101010000000101110
010000111101110000000000100111111101110000001001001101001110110110011001001010001011001010110101
010000000010110100001010011010110101011100110010001100111001100001000100000000101110001110110110
000010001010010101001000101000101110000011000011100101000011100001111010100101110000110000101001
110110101001101100001011100001110100001000001110000101100100011100011010101000010000111011011100
111111110010011100110111000010000011000011100011010101101001101001010001000110001110011011101110
100100100000110000111000010111100010100000001000110000111100111100010101000010001101000111010100
110000010010011010000011100011100011100000001001101010110110010001011011001000000101000000100100
010101000100101000001001011011011010110011110011000110000001001010010110101111110001011010100011
111001111011100010110110101100011000100110000010100110110010011000011100110111001010100001100101
010000100011101100100110001000011001100000101101000010001111101000101101100101101011011101010000
001000101100100001100110100101001000101011000011000011111100100100110101001011110100000001101111
100001100110000000001101000010100100111110111101010111110100100011001100010001000100101111100000
110111011111000001001010111011110101101101111110010100010010110110011110110101101011010101000101
001001111111000011111001111011010010111010101011001001101010111010000001100010000101110011010101
110001101010100110101100000001110101010100101111101101011010011010100101000001101000011100100011
111101101001111100101001010001000110101010100101101011011010010100010111010000100110001000011000
000000100010001011111001010010001010110101000010000011111001010101001011010010000001101001110111
000011001111110010110111001101111001001010110110000011011011000110001000011101000100110110010100
010000010011001111001111100100000011111111010010011011000110011101100111111011111011001000110001
000011001101101101110110100111010011011000001001011011001011011110101101101010001100010001011001
011000001001111111111111100111100110011100100000011000101110100101001011011101011110110001111000
010000001101111001111110100001011111000111100010110011011110010101010001000100101110111100111001
101110001100101010101010110100001110110100111000000001101111101011000010010111100110011110111100
011111110011000011000010100001100010100001010110010101101000111101000111111100001000110001010010
001101100100000001000101111011011111110110111010111011110111001100110100111010011010000010111011
010111001101100010101001001100011000000111000111100110101110100111101010000100100111111101010011
110111110100110111100111001100101101011001110100010010101111111110010001010111001000101010110011
001111001011010100101111001110000001110110110010000110111010110110001110100111001111001001000100
001100100011001001011100111001010110111010101111100011110011000111000010001110111100011100000100
001110001101101110100101010001100100111110000010000110110000001000101010111010111010011000000100
111011000010101000110100010110001000011101100011111111011000101100111011110000010111010010000100
010110000010011101111100011000011011101000000000110101101100001001111111001011101001111100100011
011000010010100010100101011011010100100000000100100001101001101001100111000001010101010101010011
010100111010000110100110101111110101110011100000100111110101001101000101000110110001101100100111
110100101001101111101001111010111011111111001100110111110011010100110100100011010110100011011010
110111101111100100001011101111010110001111111111101001000110001110111011000111010101110001011000
000011001010000011101000001110110010000101001001000111110010011000100111011010111011101011110001
011010010010110111101010111110100100100000000110110110100110101111010000001010000011111001110000
000101111100011011101001011111011111101001100110111101011101001010010011000101100011111100110010
001111011000010101001111001001100011000011110000111010110111001110010110100011001001100011000110
011100100001010001111100111001100100111101000101000100110100100100110000000000001011001010111111
011100010010000010001101111100101100010001011110000110111001011111100111111000000101111010110010
101110010110001010001101001001110011011000100111100011001010001011100010000011101101100101000001
011011111001110101110010101011110011001111111010001010100100001101011000111101100010001011000001
100000111010111111100010000111110010010110011011001001011101001011101101010100010101100111111001
001110111101110011100011101100000110001100011111101101011010001011001001100110011001011100100111
001001010000010101101001010111110010100110001111001110110011010011111111110100001101110111011000
001010110100110000000010001100000110001111101010001000011001011010101011111011000011111101111011
111011111011111111101010110110100111110111011010101101001111111000000001010001101110001101101101
100000111110011110011000010010010101110011001010011110001000110111110011100110000001100011101111
000100010011001001001101111111010011010111000110100100100011001100011011000100010111001011001100
111011110100001001001000000011011111111001101010101000000001011011100111100000111101101011110010
110100100011111110010111101010110010011100110101010111011100110110010111100001100000101001101001
000110111111000000000011111111110000100110100010011001010101011100110110110110011110001101000010
001000110101100111101111111111001111011101110001010110100110100001101010100001100111001000101100
111000001100000010010011101101010100001000110010111101111100001100100111011001101110101111010001
101101100010010001001100001101001100100110111100000100001100110110010100111110010110111000101101
110001000000111010011100000110010011111111001011001111111010001011011110000111101001001001100011
010111001111010110000100101110111011101010001111000101100110010111110010100010010000100001101001
011101011011000111010111001000001110110111001000111111111011010010011001000000110000111000111100
001111111101010100011111000001000111001100001000010001100011100100110101110111110011111110000011
001101101100001100111111000101000101101110101100110100010000100111100011001111000011101101011010
011110010000111100001111111101100011000110101110001000010100010001001100001110001000010011001100
001101000111111000110001011010000100010110010111010110110100010001100000110100100001101000100000
101101111100000011001011011010111000100101101001000100100001011111010011011010111111000011100101
001011111001111110110111110101011010011101000010001111001000010110110001001111100101100101011001
110000000010000010011001000010000000000100011111010000100000010001100001101100010101001110101101
001100011001011011010111000011111111001011100111011111001000011110000011100100011110110011100000
101011111001101010011000111000011001101110001111100001001100000110100110101010110000100001001010
000101110101111100100101000000000111110001000001110000010100001001110101001111101111011100101010
100011111011111111010010010001111010100110110000101000101001010011010101001110101100001010011111
110010101001000000000100110100010011001011011001110100100110000100010110011111010001011000111111
010010001011001110100110110000010110110101100100110101110111110000100111111101000011100111000000
011010010110010001000000101010000101011101111010000101001000100111011011111010001110111001101100
110100011010100010100010101000010100111101011110110111100000101110000100111101110010001011001011
100011001110010010000011110011000010111110110010111101011101001101001001100100001110101111100100
100011011100010000111001110101101110100001100110001110111111010010110101111101001100110010010100
100001011011010110111001010111011111100011000001011111001111101000110010101111110001011010010000
111101000010010000001001001100010101010110110111101011110000110011100000010000111101011001000100
111011110011101001100011011011011010100110010111110011100010011010100011011011001111010010110000
100111010110000110110111101011110101101100100100100001100111001111111001010111011000110010110110
011001110001100001000000101010001011001100110100010010011100101001100100111110001110000100011100
111000100110011010111011001100100001110110111010001100111001111100101010011000110011100110010001
110001111110111001110100110000001100101100110000001100110001001001000001101010010010110000100100
010011110000001001010011010100110111001001101101100100010101110001101011100001011000100011010011
110110111001001010010011111110110011000000110111000101010101101110110101010111111010111001101010
000001100101001000001110000010011110000101110101100010110101111111111001011011011000001111100000
100101110101110011010101111100111000111111000010001010011101000100111101111001001001101111011010
000010011110100010100000000000010101011000100100110001100011001010001000110101011101101011110111
100001000100010101110110101010110100111100111111100000011111011000001010111000011100011011010011
101001110011011110010000010101101110101111011110001001001110100100110101011100010000110110110101
000011011010100000110101100110111110000010011010100111010111111000100101010100011011011101111110
010000101100000111011000111111100111010001101101111111101011100111000111000010111001001110000100
110001110111111010000100100111000000110000010111111100101001000100001111100001011010011011001011
111101111101010111101000111101101110001000110011111100100101011100100101101101000111001001011010
110000110000000110111101001000011011110000011100011111011110111110111001100001100100110111011111
001100111101011001010110110111001001001111110001111010010100011111100111111110101100110011111000
100001111110010011101111100000011010000001101101000100010000110101100101011010000111000110100101
001000011101011111010000001001000110011100000101000001001110001101011100101101100110101110011001
001111011010001000100010101001001110110001011001000101111111110100110001111001011010010110110111
110000001001110001000101111101000000111110000111101111010000001111111100101110010011110010001010
110111011110100011011011100101000000100011000011010100010010111100100111000000100110001100111110
111011011111110101100100010000010111000111011110000011111010011111010100010100111110101100101101
110011100001010101111001000010100101010010111111101010000100111110101000101111110001101000110001
010000011010111010110000101001011000001000101100011010101010001011011011111000100111000011100111
001101100011011010010100010111110110110010010010000110101101001000000010000011011001000000101010
101111100111101100001101010101011111111110110011110001000001001101101101100010001101000010001111
111101111010010110110001110110010100001010001010111100000010011100110111111010011011101001111110
111110111000101001110001100101110001111000010011001011100101101011111100100110101101100010100101
111010001110100101000011101011111111100011101110110101110101111011001011110101011000011010111101
001100001001110011100101101101011001011010011101000000010100001011110110110101011010011000101010
110010100010100010101100100010001011000010010011110010111000100110000011001110100001001010100111
110011111101001110000100010110111110010100010001011010001110001011010001011101010011010111000100
111111001001110100100010001000101100010011001110110100100011010100000100010001011010110111011110
011100000110110000111101100100000010110001011101001100000100000110110000110100010010001101110110
001110100000100100100111110110111101100101001111110000111100101110110011011100100000110011000101
110011100101100011110001111110010011100011110000101011101100011010011011100110110010011101110101
010100111000111011001111101010111001011011111011001101100001111010100101101011111101101100001100
001010001101111001010011110101011010101111111011010111100001100001011111111001100010010101110111
000010100101110110011101110101001110000001010101010111101001110101001101010011101011101001011010
011011001111101100011010111010001100001001101101111100101001100011111101100110000100101110100001
000101011011001000010101001101110111011011100110100111011011011100110110101110110010010010000000
010101011011011010110101101111101100100101001001010010011101010100100110011001010011011001001101
000011011001101011001110100001111111101011000100001101101110111011101101100000011001100101001010
100101100000101010000100001010000010001101011110001010011110101011100100000001000100110100101001
101111100011101001010110100000101010100011101011101000000010010111010011101111111000110010010111
100101000000101001101010110111110000101101000110101110001011110011101101111000111010110111110101
100001001001101110110111101110001000001100000100110101000111111100011000100011000111010100110000
101101010010001111000111011100010001011100011010010001001001001000110010010100110000010000011111
010010000100110011001101001010010110111010100100100100000110111100000001000000001110000000000000
011010011111010011111010110111011100000101111100010111111110100111100100011111111001011101110000
000110110011010101000001100001111010010100011100010100111000000000101100010101001001111111110100
110110111101100010011010110011101000100000010011110010010111111001010111100001010010011100010101
001100100001000011011010110111101101111000010010001011000101010111110011011000000101101001010111
111111010110010101011111010010001000110110111100001010010010011011101101000011110010100010100011
001101101000100110010010100000110010101110111100110110110001000111110111101100101001101110101111
001000001111011101011110011011110110011100001001101111101001011010110111110110111011110011000101
000000101100011010011110010001000011100111000001111101100011000111010010000000100010101010110110
101000011010110110010010001100001011001100001100111011111110000000101111000011101101100001011110
001010101000100100111001001100010101101100011011001011001111000000100110010001000010001011011100
001010000101010000010000111001110011001000010001010000011011101111101001111111111001101010101001
