101000000010000100101101011111101010100111000110111100000110101111001110010000100010111100010011
000100011001000010011001011111101100010111000010101111111101000111100001100010011110011101011101
111110101001101001001100101101000100010010011111111001111100101011011100110001101011111000110010
101001001101010100111010110101111111001110101111001101000000101111111010100111000010010101010001
011011000110011110010100110111000001111110001111100010010100100001111010010011101000101010101011
111101010100111110110101010110011001000101000011100010110011001001010011111110110110011100110001
100011110001110000101101101100001001110000100110011011000001010100001110110001111001001111000100
111010101111110000100111101111010001010001001000010111101100010110011100100110000000010101000100
000000011100011011001110101111100101011011101100010001011100111100111111110111100110001111100010
111010001001010110001001011010011010110011001010001101010010100111000001111101000000001101111111
100111000101100000111011100011010100001011000000011001111010011101100011010100110010000010011000
000110101101001100001011110110001110001001110000111010010000110111110011010001000010011010000001
111100101000110010111110001010010000100010111111001111100011101100001011001101011110100111111100
110100101110000110000111011001010001001001000101100101001000001000111110010011100001000110110110
100011100100010010110110101101100111110010100101001101010001011010010010001110000110111101101011
100100011110101111010110110101101100011000011011100110100010101111100110011000101100001011011111
110110000001111110000010111001101001011000011010010000000011000001000101101001011101000010110100
000101110101010010110101001111011010010001001110101100010010001110010110010101010000111110000001
100110011010111000000110100001100001011001101001011100000011000110111101011001110011001010110110
110000100011010111001111110100101000010110110011001001100000110011001111111000011111100010000111
110010000110110101010100011110000101110011011100000101010101010001011110110110000011001100111011
110111000011011101111011111100111010110101010000010110000010001110110001001100010101011100100011
111101011110111110001001101100100100111010100010110111000111001100010001000101001000000011100101
000000001100101100011000010101001100100101100101100000111011011011110110000110001100100101011000
110000111001100111110000101000001100101101110100010001001110100101010111111100101111110100010111
011100100100101110110000111100100011010001011000000100110011100110100011110100101001010101111010
100011000010111000101101000010101111001011001000101001100001010011101100011110000001110101001110
000110111110011100011111111011101111001000111101000100110001101100110001110110011000111101110000
010111001001111010011100111100110110110000100001111000111000001001011100101001111011110001000001
000111110101010000110011010101011010001001000000111000100101101100110110101011000110010111001101
011000100001010010011000101111001010001111010011010111110111101110101001101110011010111111110010
100110011011010001011000101010011010010100100101010110101000000101111100101000101111011110011110
011100111101010010101101010110100001010011111011101011101011101110011100100001101001101101101111
010100011010111000010100010001100011100000110011110100001111110101111110111000001110100001101010
101000110010101100000110000011101000101110101010001001010010010010111000001101110001111111000000
010111001000111000111110001111100111100111101110100100010110111011011100101100111111100100000001
111111100111110011001101000101111000101100011010111000001101001010011101111110111001001000101111
111011111000010000100111011111111100100000100011010010010111101100100011110110001000011101101110
110010000100001010001101100001001101011101011001000000110000000001000110100001011111010110010001
000010010000000001010100101100011010110000000010101111010010011010011000001101111000001000110010
110110110111101001001111100101011110101111101011000111010100001010000111100111101000100101100101
000111110100111011001101010011101100011110111011010110110011100010111110010100011101001111110101
111001011000001011010000101101101110001101101111001000000000101001001110100000011101111001010000
010101101101001111001011010101110110110110111011000010100001100000010100001010100111110011011011
100101011100111111010100011001110011100111100010001101011100110011100000111111100101101000010100
101011100100110011001001100010100100110111010101000111011111010011100110101111000001001011000111
010010010001100110010110001001010001101111010100101011011001100110011000010101000010011010111111
111001111110010110100011000101101110010111011101110000010001001010111111101010100011101010100110
111010010011001101100101001111100101110100000110110000100110011001001110110110111111100100011101
011101000111111000100101110000100100111100111001101110111101010111001111010111001001000010001101
111110001000100101101010100000110101001100000000100110100100101000100111010100100010111100110010
001010110010110000100000010001001001101110110001010010001010010110010001110011011011100110100011
101110001100011101000101011101001001001011011011111011010010111011111100011010111111011101110001
000101101001011001111111110000010100100000100010110111000010011011001000001000011101001100000101
010111111101100101100000000000101110010011101100000110001011000110101111000111001010010001110000
111000011101010000001110110011100101100011100011100000100110001100001011011011010000111000111110
101001010011011101110011100000111010011010010101101001110100101011000111010111110101001101001000
001010110100010011111000101110011110010010110010000110111101010100101011011111111110100001011000
001001001111010000101001100100011110111111101101001001111001010000011110010100111000101110111110
000101010000000100010100011010111110000110101010001101101001010100010110000010001011101011001110
100111011111000110100100001100011100001000100110110001101000110111001110100101011001100000001100
111100111011000000011001010111111111100010010101011101010100000011110010100100001000010100001000
010111000001100010011100001000001101111001101011000101111100111000011100111101101010011111000010
110001000100001011011110110110110100101011011111010000110100111010010010000000111000001010101110
100001110010100110010010000100000011110101101110000110011001100000111101011011001111011110001010
111110011111001100100000110100110111110100000011100101011111010101000111010000100111101110001110
101011111101011000011001111000000000100111000111110101001100000111110101101011101100111110111110
101101101011100010101010001100010111010000010111000010101101010100011101100001000100110101100010
101011100100110110100110111101010100000110110011111010011110010001010010100100100101000110011010
000011100000100001011000010011000000010101101011001111100000101101110111010000110001001101101011
001110001110100101011110101011111111010001010001111000110111000000000111100110110001100111110010
011100101001110111110010100100011111001010001111111111101101011000000010011100101100000101111100
000001010101001011011111010000101110100111100110011000100110101011011110000010011111001110101101
100111111000000000011100011111001100101000011111010101010111101001100011111000001111011010111100
111110100011001010001110010001101110110100000100110001100001000000110010110110111101101010100010
110011100010011100001101000000100010001011110001110000011010011111110000000010100011001000011100
111010111111001111100101100000001010000011001111000010110011011011001000001011111110000011000110
110100111100101011011001101100010111001011000000111011010111101001011010111010010110011111101111
001111001111010100000011111000111010101011010111001011000101011001111001011111100010101010001100
010000011010100111010001000110001001100100010011010000110000001001111011110000101001111000001001
110110001101101111100001000000101000010101001101110110000001110000010101000111100010101000110110
101010010000010111111001100111011110111011111011101100100110101110011111010111111001101101100000
000100111101101111101010111000100010100111100100100011110101011010000010000111101000001110110010
101010101010101011110101011111000010010110111101010000110101001010101110010011110001001001100111
011101011011100011001100101100011101101001011000100111000111000010010010110011011001001001001000
001011111010011011111011100001000011000010100011101000100101011110101000100110011100011000101101
000110011001111100010001000101110100101101010101110000011010110100010001110011011011000101000100
111000111000100010011100000010010011010001011111000111100001110111010010000010101000100100001101
000111010110001000001000100000100000011100100010101011111001100001011011100101101000110000110010
001001100110111110001001101100000011101101111111100010010001110010010011101111000000000011000100
101011101100010010100011011110100001001001010101110010000111110010011000101111010100001111111011
001100101101011010010110101110001100110000010000011011000101001001010010011010111101000010010010
010100010000100001001111110101111001010010011011111001010000101011000111011001000110100101001000
000111111011000011011111101010010110010101010111000001000110011100111110101001000011010011110001
101001101101011111001111010110111101001010001001100111011101011100110010010001110100110011101011
101100101010011111100110011100010010001111101010000101000011100101011110101000000111001010100001
111000011101011011001001000110011001011110001100000010110000010000101001100100100111010101111100
011011000010100000001000001110010101111011100011101111110101101100101011000010010101100011000110
101101101000101000110101111101110011011001011111001001001011100111111110100011010100101011110111
110010010101010011011000101011001010001100010111001110110000010011011010101001100010111001011101
111010101101100010110110010101101100011100000110101110110011101110001101000011110001011110011111
100001110110001111101000100000011100011001111000110101100101100101111110111011011110000110101000
111111111010010100011001010101011110001100100110110110110011110000110011010001111011001001011001
100101110100000001101011100101011011001100010110100011111011000111101010011011000101101000011011
010001100010000011001100111000111000001101010100000110000001010101100010011100000001010101100101
010001011011111011000111011110010011011001110010010011101000000101010100010100100001001100100000
010101001111011100101111011000111010011010101001011101111110110101011011100110100011001000001111
111110100100010001110000100011011000110011010000011011000011100101010001101010111001101100000111
101100111011011111011010111100101111101011010001110011111110111100100111010110101010110000010100
101100110101111001100000111101010111001100110100010000001010001110110010000010111101110111011110
011111101010111010001101001000101010000110101100010110000110100000110110111010000111001101111111
001001111110001101011100100010101101101101100001100011010111100110101000100000011111000100101100
101000101010111100110111110110110110100110001100100011111100001010001000011101101110000101111100
001111101101000110100100101011000111011000100100100011010100001010010001001001101001100100101101
001110011100110111001111111011010110110111000001101111010010110111100010000110000111100000010100
011110111010100010110110000000001011101101000111110111101011101111100110011001101100110011010110
101100000011101010011101111110001011001001110100000110001111111000101001011100101010010000101110
001000011001001001001100100011111110011001100001100000010110001110010000111110100100001101011111
010010111000011100110000011001011011000110010011010110010110100000111010110000000100111011010101
101110010101000101010001010100010100110000010011011000110010011110100100101111001110011100000001
011000010101110101010100100110101000001010111001101000110110100000010001111100110100101111001010
100110011001110000010100001001011110010100101101001011110011101011011110101110101011010101000011
000000001101010101101100111101111110101111100000000110011101101110110111010010000111011101110010
111010110010001000100000011001000000101001011110000111001000100110011101000100101100101010011101
010101010011011000000010000100010101011110101100101101111100000110110100101001010100111101110111
101000111101000100111110101111010101111001101001100011011100010101001100100110010000011011100101
111001000000010110001000100001001111110010110001010110110010011000001001111010100110010110010101
100110010000000101100011001000011101100101001000011100110111101101001111011000010011100101111001
100110110010001111110001011111110001001101001111000001101111100110111001010010111000101001110000
101110100101111001011000011001101101010011010000111111111001110000001000000111110000110001101111
111100000110100101110111111100010100010100010111100111010110101001001110010000111100100100000000
101001100110111000110110111001111001010011100010101111010100011010111011110100000110011111011011
010011111011000001011110100101001011100101011110101000001110111110111101001001011001011011100110
100101011100001010111110001100110110100100111101101100100010001110111110000010110010111110100100
100000011011011111001011111110011001111010111001100000010111000001011001000111100000010101111100
100001110100110111111111001101101111000000000100101111100010100101110101111100011010101011111010
001011011001000100101010110111001001001011101001000011100100001110101000011110000101010110001101
000100001010101011001000100001000000010110100011101010011001001001101101010100110011011110011101
110101000010110111000111110010011111001001111001010010011101000001000110111101111000100010011001
100100100100110010101010101101010001110010111010110111101011111011000100110001001011101001110101
111011110110100101101111000100100100000001011000010111110000110010010100000011001010010111101100
101001100111100110000111001100011111110010101001000101001001110110111010010000110011001000110111
001101110010111111101110000110011111111010011101010001110010100010110111000101110010001001111101
001100010000101100100100100100000010011010010000000011110001110110010111111001111010110110000011
001100001111011110101100111101010000110011110111000111011100001000110101010000000010000100010011
111001101111100000001100000101110111001001100000110011011101001100110010011001100100100011100110
111001100110100001010100011000010111000000010000000110110111111111001110101011101101000110001000
101010011010011111011100001111011111110011000011101011000100100100010011011100000101010101001001
010110000001110111110010011110010111010000110001010110100110111000100100011111010100100101001011
010100000100111101111111000000010100001101111000101100010111111011111000010010101001100000001100
101100001111011101110000011100111001001001111110101101011111010001110111000100010000000000000101
101000100010111101101000111101101101110101110000111010111100010000011011101001101101011101101001
111110001000110001001101000110110010001010011100100101011110000011110110000101101000111001110001
100111110110101000101010111000011101001111101101010110110011010101111010000011110101001101000010
010001010111101111100010011110010110000011100000001100110100010110011100010110011000000110000111
101100100100010001101001100011110110001011010111010010101001000011001110001000100100100110100100
111000010000101111101100011010110110000001110001001101101000011011110101101000101011110000100101
010010000011100111011010101100011011001111010110010011011010000000100001111001100101010010100111
110111010000100011101000110110111010010100100001100001101000011001001111010001010011010110010001
110101001111011011010101010110011010011101010110111111011001011010101010011111010010010110001001
000111001011110101101111110110011111110011000010111101110011110011001010101011011110110101010101
111001101100101011010000001011001000001111010110101000101010000011110111011001001001001011100010
111101100100110111101110110000101011011101011010101101111110111111001110000001011010101011001111
000111010011100111001101010101101000111101110010010101001101111010001100110000000111100110111000
000110001000101010110010001101011110000111011101110110001000100111101111000011001110011101001001
000010111100100011011110010111111101010100011111101100101000001110011010011110111001101111100111
110101011000010111101011101111100100111010010100100010011010000100000000101111110011101111001010
100111110101101001101011011001111101101010111011110101101100100000110001100110001111101011001110
101010011111101011101000010111010110111101101101010111111000001110001010100111011100000110110000
111100100010010111101000100110111001000110100001010000001000010010000001001100100101100101000101
011010010000000111011101100001111011111100100101100010101000100010010010110001111111010010100100
011100110110110011110111000111000100100101111000000100111011101101110110101111100101001100101010
100111100000100111111010100001111011101000111010110010111110010101111101011011111110100111001110
010111001101100100001111110110010000000110010000001110110011000001110011111000000010101001000000
011101011100011100110111100010100001000001110011101001000011001100111111100101100000101001000100
111011100101110100111010000111100011111101001111111010000011100010000011000101000001010110010000
111100001101001000111111000100111101000000101010110100011101111100001100000001011000000000010110
010011100000111000000101011001110110110001010010000010100000010101010111101010100001010100110100
011000111101010101010001101010110000011011001111011101001111001101111001000001110101011011000110
110000101100100100110001111000001110111111010001010101111011001000111001101100010111101001101110
001111011001000111010001000111111101100000001000010100111101110111110000001111001100001010010111
110110011110011011111110011101110010001110000011011101011000101111101000000111100001010110111111
110110111011001110111101111110100100100110011111110111100100100111111100101011001000011000011000
111101011111010111011001101000010011011011011000110100000110111011101100000101101011011000010111
101100010000111001010000100100111110111001100011100001111000100011010101010110111000110111110000
110110010111011110111000100111111101011100100011101010000111001011000100110011000100001000010111
110001101011101000000000000001010110101100100011110010001100010000000011011111101000000100100101
010010010100111010101010011010000100100110001001101001001001101010111001000010000110011010110100
111100010111001111011110100000101100101100100100111011011010111111010111101100001000000110110011
010111110000100000101101010011100111101110111000100001011001001101111111110101001101001111011000
010011011111110110010011011110001101010100100110001010010101101100011001101011011110000111100110
001111101110010100101100111110100110101000100111001111000001100011100100010111010011100011101100
100101001111000110101001110001001101011010011100101100000100101100110110100011001011100110011011
101011111110001111111110101111010100010111010110110100110001000010111111101010111101100100101110
000001110000101100111101101000010111000011100001101011110100110000011011000000001000101010010001
101010111111000000101101011111001011100111010001101011110010101100011000010000010100010010010110
011001100000111011111011100011000111001000110001110011010010111010001000010001011000111110101111
000011101011101010001111101010111010010111111111110100001110110001110011000010111010100011111011
011110010100011100000011011010100111101110101111000101101101000011110000100000001010011000101100
101100111001101010101100101001011100101111001010011101011000101001011101001001011000001101000000
