110111111011000100110110001101010101001001100111011011101101000011111010101001100010110110110110
000101000101100000010111110110001101001011111101001000111001110101011010101111000101011101100010
001111011011011101110110010110011100001011000010111001010001100001011000100110001101100011011100
000100010100001011000110010000110010110011101001101111101100110011111010110000111000110110101011
101111110110111001000010011111100110111011010001101000011101011110110000111101010110101101011111
101011100011110001101000011101010000001101111111110011001001010110011010011001100111100011110110
110010101100110010001011000100010000101000001101111010010011100010000110101000111101001110001011
010011010011100000000110111100001110101010101011000011110111010010010110110100101001111000111110
001010011111000110000011111111100010111011101100100111101001100011100001111101100110001011110010
101101100100100001101001110000000000011010011011110011101010001100110111101110111000010010110011
111000100001001011111101010010000110011100100011100001010010001101010100111101011100010010110111
000010000100110011111100101111000000000001111101111011011110000000001100010111101011110111101110
101110111001011101100111111110000010001000011100001000111000110010001111001010010000101101011001
100101001101000100000110001000111111110110111110010011101111010011111011001010111111001100101000
100000110000101101100111100100000001110110001100101110000100110001001001111000111000111110010010
000000011110011101011001010111000010011011100000010101111110111001110010110000110101000000101001
110010101110001101111001011001000000000000010000100111100101011011001100010101110101010111000010
101110100001000100001111111001011111111000101100110011111000000011000011100110110000011110011101
001011011000101010110011000000011010000110110111100010101111010000101111011000110100001101011110
010010110110011101001110100011100010001100011100010111010101110001101000111101000011000010011011
110100100100000011101100001101001100110111010010001101100110001110001011101010110101001111101001
111101110111101011010001001101000000001110010110100010101101101101001100001101000011001011011010
010101010011100011010011010011011100111010001010011011111100011101001001110110100001110001001110
110011001101010001110011101110011101100111001101000101001101010110111001011000100011100010001000
010110001111011010110010110010001111101100010010011000111010110010101000000001011110110010111100
100100111100110000000011000000110001101000011110001100110110101000000000000100001101101101011000
110100000101010111110010010000000011010011111010111001000111010000100011101110000101001001100000
001011001010101100001000000110111100011000011111100001100011011101100110101011001010111100110111
101101010111110111011110110111101011110101101010111010000100100110010111000011101110011100000101
011111100111100000111011001001101101001010110000000011011010001101111111100111011000001111001101
011100110000010000011011011111000011110100101101010000101100000101010010110001101000001110110110
001000001010111101001110000010010110011000100011111010100100100010010101001100110000101101010111
110000110100001111111110011001101001101011000010101101010100001100000000110111001011100110000010
000111100101110001100001111011110010111111001110011111011011100110101000110100100000001001100011
011111110000010101011001001001011010111011110010011100000000011011010101011101001111111010111101
000011011000101000111000000010000000111111000000101101100011000010111100000000111000100001101001
100001010011010111111111010110010011110111111010100010010100000000101100101010110101100100011010
011101110000011110000010001100000111011100111101010001001111010111010100001000110011010100001100
010111001000000100001011100011010101111101000100011010000011110110101001011000111101011101011010
000101100100011010010010100011001110010100000000100001010011000000011011111110001111000101101110
001010010001100111101101111010111111001001010110101001111011101110011100011111100000011100111011
101111100110011011111110000101000000011000110010000110010111101100001011010101100001010001000000
110110011010010100010001111101111111000101010000010111110101110010100110010101100000110110100101
000001110010100001000011111110001110111111011100111110010000101101100100011100010011010110000001
001111010010100110111011011110000101100001100011011010111010010100111110000100110101110011010000
010010010110110000000110111101100010111111100111111011001100000110100001010011101111100000000101
110100010111110000101100100101010001000001111100001001001110000011000000000000010011000111001100
011010101011011001011011100100110111001001100000100000100010010101011000100011011111001110001011
110010101110010011011001010101111110001111011101001000111010011011101010101010100100100100011000
101010111111010100101011110001011011111101010100000111110000111111110000101100111000010111101101
111001010011111101011010101111110001010001100100001011100010101000001010110010010110110011111011
101010100101011110101110000011110111011100110101101110000001101111010101100100010100101100100110
010110001001000111101011001101111110000101011010110111001100100001011011100001110111011110011111
111100001000000111011011000100100000011011111101100101101000101110101110011111101100100111011011
001010000101111000000010011100101110010001010011000001000000100011110000101111110011111111110011
100001001100110111110100111110101011011011000010111100000011000010011010111101011001011100110000
111100011110010110101100100101101110101100011110001010011001010011010011000000010000010110001000
101000001100110001010101110110001101011111101110110110001010011001110001001011101101000100000011
110100010000101100000011110111101100010001100101000001110110000110100100000001000111110001110100
110000000110000111100011000101100110110110111100000001011010100010001111011111010111111000000011
000100010100101100111011100101001110101011110110011101000010111010010100000101111100110000100110
010010111001011100110100011111100010010001110001001110110000001100101001101001111101001111001111
001010100100101111001010000010011100011110111000000011001011011011011100011010110110110100010110
111110011100011100011000010110000111101111110010001010010011001101001000110101011101010011001001
110100111110011011010000110000100000110000001000010000011100101101110010001010010100110100110111
110011111010110101011111001010000010110010010100100000011011101111111000110100000111101000111001
101110100001010000110010110111011101010101111100101001100000010100110110001101100000010100001010
110100101111101100110101101000001100010000110111010011001110101001101011011010101111010001011101
111100010000000011110100001010111111000010110010011011011000001101101010100011011100011101001110
111001101101011110110011000101101011010110000100111110111011100001010010010110000100101110000000
100101100100110110101011110010010111010010110111100100111010101000010111000011111111101100101010
011000111010111000000001111111101111011111000011111110010000101111011010101101111110111110100011
000100001101110100000000110110100000101000010100010101100111111010001100011101111010010010110100
101011011001100001011001100000110100101011101011000101001000110111000001011001011000110110100011
011100100111110011001001000100011010111001010110110011000000010000110110110111011111110010010100
110100010110100011010000110001100111001011010111100100011001000011100111011100110001110111010001
000011101001010011111110100111010110110111000110110001000111101010010101100011110010100001101111
111001010101011111100000111110010001101101010111010110110010011011010111000001100010000100101110
001011101001001000110111001010001000010000010111110011100010100111011100000101111001011001001001
011000000111000010111011011000011100110001111001011010110011010001011111110111011011011000101000
010101001100001011000101110110101001110111100001011100011001001001101100011110001001110110001110
111111011110000010111100000100010100011111010101100111001001010010011000011010010011011110111001
110001001011110101100111101111101101001100100100111100010100010010000110000101001110011100101001
000001001110110110110000011101000000001001101111111001110110100101111001100111001100001110110010
001011010011001101111110001001100011101101100110011111111010110101010010100110110010111001011101
101000011111111011111010001010011001100011001011111011000010001011000011111111000100011100101001
110010101010010110101111011101101110111000110000010000011001011101111001110110000010101011100010
011011011110100011110001111111001110011000111011010000110101010101100011100111011011001010011101
010010100100100000110101010101100000010010110100111111000100010000100111110001000110010111011011
101110000110100001111011100100001001011110000101100100010011010010100111011110111000110010010001
010100100110001000010000111001110011000101101001101111110101101101011111101011000111010010011111
110010001101000100001101111101001010011101100011110001100100011001100100011111110010001001110001
000000100001111010011100001000111010010101101111100100000000001101101111011010010011111111001111
101001111111110111110011011000010011110101000111001010010001100000010111111111010110100110110001
000001001100010111110101111000111101011011000001010000100001111111110000001100010100011100011010
001101000011100010010111100110111111110110111111001011100100010101010110010001001011111110000010
110000100001011101111010111010100111000011001101001001001000100101011001011010101010111011110111
000110000111101010000101110100010110011011111001101111000010000100001111010011100001101001101110
110010111000000101000110110100101110101001000000111100001100110111000011011101100010100010001110
000011011001100010000001000110101011110010101100010001001111010010110001000101011010111001111110
010011100011100101011101101010001000001011000001110111001111011101001010000110100000011101000111
101001000000011000010001000010011001011010010001110100101011110011100001111010100001010011110010
110111010110101111101101001101000101110000011010000010001100111110101010111001110001010001100000
000000010011111000011100100001010011011000001011100010111001000100100011001110011111010011100100
110001101010110000001010111110111010010101111101010100100111111101110000011001001100110101010010
101001101001100000100000011001010101101100101001000001000101000100010010111000100001111110001101
001001101011001011001001010000010101101001001000100110010000101011110011111000101111001010010000
101000100010101001101011010001101101000001110001010111011000011100110110101001110000101110111100
001000001101010010001101110100101100111100100110011010011011100000110010100010111000111100001000
011011110110010010011101001011111010001010110100110100010110000011100111100011011010101100000100
100101100100000010110000010101000000000101101101111001001000000101011010001010100001011110010011
010100100110001000001110000101110100101111101000000110011100001100101010111000001011001110000110
110111010110000011000111111000011001010010111010011010011010101001010110011000000110100011001100
000101011000000001110001100100100010101111010010000100110011011010111111100000111100001010110001
110100111000110111001010011110010000111011101000000101100010011010101011100011111100001000010101
111011001010101111011001100100110011010000101000111111110011101001111000011110001100110010011001
000101110101110011101110010110011011101110010101100011010111000011101011010111000111001010000101
000011010010100101011101011110001010110001010100000011101100101010010101101111011100010101011011
111001000101100100110000101100000010010111111000101000010110010100000010010101101111010111011010
110010111100101000110011010100010001100110011111110110001100111101000111101001001110101110000100
110000011010011001101000001010110000100110111101111010111001100110101011010011110100110111110001
010101010010110101110011000011111101000100101000111111001001010101000000101001010011001000110100
001011100001111000100101100111001001000110001111101000110000010010011011110010000101111011100011
001000000011010110100111000101100110011110000010000101001000001010100111110000100100011111001100
111101100101101011000011110111100101101010101100011100001010010011000100001001101001100000010110
110100110011111001100000100001100010010101100110111111101011111000111111010011001100110010100010
011010011100110111100011100101100011001101101111010000110111110010111111100001000000100010100101
110111100010111111000001100000100011011011010011010110111100000011101011110001010101100010111111
100010011011110001100100010110101100110011111001110010001100001011100101101110111100011000110101
101010001010010000010111000000101100110101111000100101111011000000010011111000110110011011111001
010010010111010000001010101011100011000110111011010100010111111000101010010010110001000100110111
110011000110000110011101101000010101111110111101010101000010101001011011100010111111000001111110
101111011000110011111011010011100110111101011001001010110001100101110101110001100111011111110110
010111001100110000000100100111110001100010000100011001010000110101010011100101001010000010110001
101100110100000010010000000111000110000011010111101110111101110100111101000100101010111000101110
100011101010110110100100011110011011011100100010101100110000110010001110100011110001010111001110
000110011100111110101110101110010010100000111000010010001010101011000100111011100110100111111110
010010100111011011110010101110101010101000001110010111010011100110001001100110010110010100111100
111101111011100000000101001010110110001101111001100000101101011011001111110101110101001001100001
001000010110000010110110001001010011100111101100000110011111000111000010000011001100111001111000
011011011100001101011111011110101111000111100001011100011100010000111010110101100111111100100101
001011110010101000000100100111010111100111010000101001110110110011110111111100000010110100111011
001010100011011000001010010011100100000110000100011001010000111101000001100100010101110111011111
111001001001001110111011100000100000111010100110111100010011000011000000110000001000100000110011
000010110110011110000100010100011101101010011110100001001100110010010110110000111011111111101100
011100000101011000111001100100100010000001011111111110110000111010101101001011000011100011000010
000101001100100000010001001001101111000110000100000100100010001100100110011110100001001110001010
111110001110110101011011011010000111110110101100011101011101000100110100101000010001110010001100
110010110110101100110001000111010100110010000100101011110001111000111100001111010111010010000010
100001100000111000000100111110000001101100011110000011011011100001100000110001011001010011011000
000011001001010001111100001101000001100111110000001010000011011101001001010100001100101111100111
000110010011110011000001001100001011111101100111010000101001111101110001100100100100000001111000
101001001100111000111101101111011101110010110001101101100000000110000111100110111010101000000100
110001100010000101011011010011110110101011100001101001000101111011000011110110100001000100111100
001010001000110111110000011001110111101000110101000110001000010010100100110010101011001100101000
111001001011001100101110000100110001010010010100001011100001100011111000100101101001001011100111
111000011010011101100110000110001100001110110111100111000001100100001010000100000000010001110000
011100001000010111010010010000000111100101110000010011100001111110111110011001110111101011110101
001100010001110100100001100111111011110111001111100010000011101101010011100000001001011101001000
010010011111010100001010011100010011110001011001101111000111001010001010011110101100011000101010
101110001010010100100010001010010101000000010001100001010001110110000100011010010101001100110111
011000101110001110010001001100010110001111010001100010101010110001111000011001110010101010110010
101111100101100010101110100101000011111000101011100101100110110000100100011100011100101100010111
101000111010001101000010011011001101011101100100100011111001101100110110011100011110111110110110
111100011100010010000111000000000011011011011101010000110101100011111011001110010101000110111011
101100101110001101111001011010110101001001101110101111001111111100000110101000110010010000111010
001010100011011001001010101110110111011001010000111000101001010100111110101110100110000000110001
010000010110110101110010100101100010110010001010100111010011111101011011000111001001000011001011
001011100011110000010100010110001010100101110011000100000110000000100101101000010011111110110001
010001100111011110011001110111100011101000001100010110010110001010011000100011000000000000000011
111000100010000110000101100001110101110001010111011001001011111101000010010011000100100011010001
110011111110011100011010010010101011100111010111000010001111111100111111001111011000001101001110
110001011001111111110110111011110001110010000011101000100001010110111110000101100110111100000011
101110100001000001100101110011011110101010001111010110001010101101101111100010001000100101110010
001101100001100010101100101100000010001011100100001100000100100011010001010111110100011000110011
011001011110110010111011001011000000111110001011001110110000101101101010001001000101110000011001
110111011100101101101010001001111001100111011100101111110101010010101110110101111000111001100011
000011101010100011101100000110100010111110010011010101001100001011000111010110101110001001101100
000110000010000101101001010010111100001100100100000000010111101101011110111001011100111101011011
101100111110111001001010010101011011110011011101110100100010001111010010111101011110000100000010
101110001001110100010010100010110010001110100100101000010010001111010010111101100010010111000010
110110110001110111011100110101111111110101100001111101110101010100011010011111001001011011011111
011000110011001110101011000001101111111100000010111010000110001110011101000011000111011000110001
010100111010000110100001011001010111001010110011101010010000011011001111100100111111001000000001
100100111001111001010000011011010100111000111110001101100100000001011000010011000011110011111110
010111010001000110101100100111110001001111000101111111011011000000110011110001001100111110101101
000100011100011111101001000010100101010010000100001110001001110111011011010101111001100111000110
101010010001101101110110101111000010101100110011011010000000110011111100111101110100001101101101
001100111101110010011000010111011110101000111100001001101000100110111011111111110011000111110001
011101011111010101111100110110111001100001011110000101101010000010100111111010111111101011011010
100010100010111100011111111000101100011000000000011100111101100100111011110011100101100011001100
100000100111110010101010011011110111001111100111000101001110001101110011011111101101010011100111
111011000111100110100011011110000101111000011100100111110101100001101011010011011110101010001000
100001111111010001111111001110111111010011100101011111001100101010100101100100101100001100000111
011111110000000000100001010111001101011010101110010100010000101010010011110100100001011100000110
000101011001000000001100100100101010100010000101001001000110111111000111000011010010110111011000
101101010101001001010100001100101101011001100111000110111010011100010000100100100011101010010100
010110101010000000101100110110110011000100010001111010000110100010011011100011100010001110101100
111010101010010101010011110110010110101010111000000111010100101010010110111000111011100101111011
001000000110011010100110110001011100101111011110101100011001001011100010101101111011101101100011
011000011010000111110010011110000011010000110010011101110100000011001001001100111110100111100110
100001000101101100110001111111000111010001010001101000000011011111001101010111111110110100110000
001011111011101101101001011011000101101111111111010011111110101100011101101000011000110111111000
011001010001010010010111101101101110010111010010001000010111010001100101101101010011111000100011
100110101101101000001001111000100010110101011000001101001100010001100111010000101011110011101110
011011010101101101110100101001010111010101000100101110101001110010101001001010111000001000110101
001000101101001111111010101111000111101001110111010111111000011001011110100010110000010101010100
010110001000010011001100111110000110001000011111111111010011110000011101110100001100011100010011
110100100111100100100111100000010101100000110101101000100111010111000100110111001110010111010110
000000111110101010001100100000011010001001111011111000101111000010001001011101011010010111010000
101100011011100001000111011100111110110110010111000010100010111000001011011101010110010010110110
100101000100001101101100011111100010001001001011111111111001111010000111111000110110111101100001
001101010000111010101110111000100111100100111101110011011111010101011001010010100110111110101111
000001010110000101011011010001111000100101001001010011111101110011111101100001101110110110000011
001110110110000100101000000001000000101001000101110111101101110111001000010000000001110010101101
001111001001100111001101111011011000010100010011010101000100001000011000101000001010000011011010
000000011001010010010101101100110000100101100100001011100000000111011100111101010110110011100100
101000101111010011101011001100101111101100000010110110110101011011110101100001101111001100110111
110101111011100010101001010101101111100011000110100100100100100001011011111001100110000111100001
000101100011011001101101100100011111011010001011111110000100010100101011000101111001101011101010
011100101101110010001110100001001010000111001101111001000001001000001001000000110100111101110110
010110101110111001100110111001011100010011111100010001111000001101001011000001100010111100010101
111000011101010000110100011010011101010010101101111100111110111101110100100100000011011100011110
000001100010101101001010001011011001001100110111110100110011101110100101101100010111110000000100
101100100001011100011100110110111010010011010110110011111110001000111011101101111111001000000110
110000101101011111101001000110010000011000111100011111111100000110100111101101100010000110101100
011001001100001010111111110110000010100010010000011000001001011101111111100111110001010010001101
111000110110010110101111101110001101000001010100001001001111100110101010011000010010110000111010
011100100111110111000111010111011011011000000101100010100001111011111101100101110100110001010111
000101011110001101101111111111001110001100011101111100110010111101010100000100011100011011110000
000111111100111000110111001101001111101110101110010101111100010000110000010001000000110000000111
010110001010110111100011111001001101111110011000011010011110101010101000010111010101011001000101
111010100011101001101000010111100000000101110001100001000101111110011010010111011101111110010010
111111110011010110111000010010110000100001100101101010111111100010111011100111010001011110100001
111101011110101000110110110110000010000111100111100100111010000111111010110000001001100011111000
001111011101100001100001101010010100111010111110000100011110110010110101011011111100010111100111
100100111010001011000010000000010001000111100000001001101111000011000101100111111111010011100110
101010101000100100000001000010101000111110000100000101001000110111101010101001001001111110111000
001111110110011110111110000100001011000110111001111111110011110100001001110110001111000011010010
110110100110011110110010000011111111111101101110101010111101001100111001101110110110001011101001
111111000011100111000010011001100101101101000101101110010011111100101111000000000111110010000001
111011001110000101011111100110000011011001001001111011101110110101000101100100111000110101111110
110000010110110101101001011101010100100001011001101100110010000110001000011100110101111100100110
000000000100010001000100100001001000011110110110000001110110100010110110011110100101100110101001
000011110010001101110100000011001010000001111110110110010001110110101001000110000111000000110001
111011100100000100011010010110101011000000110011010100011101001010100111111110101001100100100101
111010000010101100001001010001100000011110110011011111001001110101101001110111100011000001100000
100010001111110001100010010000100111110010100011011111011000101110001101000111101010100010111001
111010110010011000011011001000101011010000000110001110100101101001001100110100111110111011111000
011110100110010010101111001111110111011000100101001011101010001111011101011000110111000100100000
111101000000000010010000100000111011000100010110011000101000101111110010100010110111010011000011
101011000100011101010100100010010111010101110010010011000111011011001011111011011010001001001010
010000101101010100111001101111000001010101010111111110100111000000110100111001101000010110011100
010010001010000101010010110111111001001001000001100010000010100001010110100011000011100100100111
100110010100010101001111010110110111010000100100111110001001110010010000001010100101100001111111
010110110001100100110001100010011101000110111111101101000100001100011010110010110110010000100101
101001010011100010011110010101011000010000111011001011101100001100000001110110111011100101010000
011100011111111101100001001100100000011011011011010000001010110110010101101110111010001000000110
110001010010000110111010110000010011001101101101111000111110011100010000000000100111011110000000
101001110111011000100110010010011011101110000011110001011111100001000000111001000011001010000000
011101111110000010110110000001011000101000100110111101100100001001111101010011111000111110100000
111001001100110001011101010000010110101010011110001010110011111100010110100010000110000011010010
111110110100011110101101101001111101010100000011010011000111001100010110001100110001010101101101
110100001101000110011101100101101101000000110001000010111001110011111000110000100011111100110100
011000001111000001011110110110100111001010111101101000100000001110110010011010001001001010110111
111000110110110011011111000010101011010001111101011010000011011011111111000000001011110011101011
101011100001000101011010001011000111000110010011110001001101011001000101111110011000011111001000
010011111110100110011110000100101011000010011111110010001100101110001101100101011111010110010001
001010110001111001010001111011100000001001111011011111111000000001001011101001110100011000010010
000111100001111110010100001111011111100111000011010011101100111100000111110111001010001111111110
000010101011100000011010000100000101111110111000011011101100001011111010111011011010011100011011
010101011111011011010010011011010111010111001011111101100101010101010101000000100011000100010010
010010001010011001100000110011010100010010100100101000110111000101101010010000011000000000110011
110101111101010111000010111110010111101001001000111011000101111010110100000100000011000000111010
010110000100011001011011001101111000111101101001010010111100100101010101110011011110110100000011
000011101111100110000000111110110100010001110101001011100011000011010100011000101110001101000010
111110000010100111011001101101000100011111011110000010011101011010101101010101100011011001011101
001011011101100001100011011100100111100001100000101111010011101111010011011101101011110100100100
101100000101101111001011000100100011101110111010110011100101110010011010111011101011011110000011
110000110101001011000100110010010100001101111000110000110110110111011110101101010100110110001110
101111111001110110111110011111110000110110010101010011111000010011011100010101110110000100101100
010011011100111110001001111001010100000101110110111011100000010011001011101000111100101110001001
011111001110100010101011101000000110111000000100000011011000010100110110010000100111010110110011
001101101100000010110001101000010100010000001110100110101001101101111001100101111000000111010101
110011100111110101100111001111001111010111011101011001100010000000010100110101001001101111011000
000100101010110100010001100001001100000010101101110010100111111010000101000001000010010100011111
101111000100000000111110100001100101000001111100010101110111111000100011001111001100101010111101
001000111111110110000011110111111011010000011100100111001000111010110010110100010111111110100110
111000110100010100011010101000101100001100110101111101010011100001010101101011101010111111100000
111110001000001101000000110000111011000110110111001001000010000011010010001010101111011001111101
100010101100011101110111100000110000100100111011111011100000101101000010111010000000110101101100
111001100101000000100011101010001011011100110111011011010000010011010011110101001111110000001100
100001010101010100111011101011110010011010001011110100100010100011011011001101011011001100101000
010111011000100010010000011001001100101100111110011000000010001100100001000110000100000000101000
001111101001111001110101011111011001101111110001001101010111001101011010010101001101100100000111
000011111000100101101111000101110100101100111001011110110011100000010001111001001110111100111100
111101001110010000011101011110000101011100010011010011100011101000110100101011010101010101011100
110100111000010010100000111101010010110010011101010111011111111111101101011001000111010011110011
111111110001011000101011000001111011011110001010000100110111111001111010001101111101010001000111
101111111000111010101011110111110000010110100100101100010100110100111111100110111011010001101011
001001000001001010110100010100011011011010111011111111111100011011001001110111011110110101111101
001110101101010010000111110010101011011001001011111100010101111100101011001001011010100101011100
001111110111001000001111000101001110110100101010001001011110101000011001011111001000100011101100
100101001110100011011111100110010100000110001001101010101001010110001000100000001000101110001000
010001111001010100001101110010101111011101000101011000100101111100100011100101101000100111100011
011000000100011000010111100000011110001111000011000101101100011001101011111010011100111010000011
000001001011000000011110110110011001110000010111011101010000010011011111011101000111101111101000
010001010001011110010101010010111100110011011101110010010100110011001111110000111100101111011001
111101100110110011111011010111011110010001010010011001000011110000101010010110001110111100001110
110110001000001000101001111011100100010000000100110011100011100111000111111110100110001010011101
110010100110110010001101000110000101111000011011010110100101000100100111110000011011010101101111
101100011010101110000110100110110100101100100101001010011101101100110001001110001111000011100111
101000000100110011001111110111101101001111101011011001011000000111100101110000000110011011100001
100010001110111011111011011101110100010101011100101001000001110000001110110000001011010110011001
011011010101010111010110110000000000100110001100100110001011100111100101100001011000011001001101
000001100101010011100111011101101111001001010001010111010001011110100100101111010111111000011011
100000100100010111101110000100001101011010010101101100101001101110110110100010001010010001110100
101110001011001100001100000001101011111100110010100000110101100101010110011110101000011001011110
010001001011010000110110101010000110011100100010100101010100010010001111011111001001010100001001
110111101101010001100000010101101001000101111111011011110100011011001100110010101000101000011011
110110110000100000011100011000010101101011010010000111100110000101111010110001111111100011011011
101100110100100110101100100011001000011011110001011100000110111110011101111010000000010100101001
010101001001000111010011111111101001000100010101011101101000001100110111010011011111000001101100
101000111011000101110000011011001010110001011010100000110010111010100001011001111111001010000000
110000000110011100110010110111001011110110010111011111001111011101110011000100010100011010111111
100011100000110010001100010110001100010000110010100100111000000000010000100100110101011100011101
000001100110100001011010011101110110010110010111010010010111110001011101010010010111010010010011
101000101011111110100111111110011011101111111100101010010011010100100110000111011010111101011001
101101000100010011000110111111010011110110010111000010000110001111100101111101001111010111101101
110000100101110100101100000011110011100001100100001000001001101110011001001111010011010111010001
111101101000110111001010010101011101100111110101111000101100001001010110111001000010100101101110
100001101101111100010000010010101010000000011001001111111100111110101010101110000110101010000000
000000110111101100110011000000010111010010100100001111101100000110010000011100101100000101010000
001111111000100000111100010110001000010010010111010001000000111010111010111001110111010110100000
111111001101010011011001001110101000101010000110010110110000101001011011110010011001011000101110
011111111000011111111100111110110101000111001101110010101100011001010000111110111000001011100001
011110010001000100101111011010100111011010000010101000001011011101110011110111110010110000100110
111011100110001011100101000100011011101001001100000011100010110100001001001110010000111111111110
111111011010000011001001010011111001101001111111101111000110100011110101001010110011100101001011
101100111100110001000111000110111011101001011101001010110111101000001111110111011001110010011101
101101100101000101110000000110100100101101011011101000011101100000010000000010011111100000000011
010011100110111011100011100011111011110111011000101001111001011101111111010100101000111100011100
010011111010001111101110110011010001010100100010001011100101000001100110110010110011111111101100
000010010110010000001001001001001010000101001110000100010101100111110011001110101001001000110100
110111101110001001100010011001010111010101011101011000001011100000010100011011111010110100100000
100111011001011001110110011001011100111000000100011001001100001100000101110001111001111000100101
111001100010011111110001010100000011111000000010110110111000111001111011001101100000101001010100
101110000110011111010101010000000110000110101101011110111100000110100100110000111000100001100111
011011011001111111001011111111110000010110010001010010110011110001100010010110100101011001101101
011011110101111010110000111000001110010011011110100011011000011001001000001011001111101100110101
001011110110100011101010010100000000111101110110000110001010100101111000111011101100101101111100
000100011100100101100111010100111001011101011011000101101011101110001110100111010110011011001100
011101101000110011001010100001111000100101010001000101011101011000011010100001100011010101101010
010000100000101001000001111000001110001001010100110101010101010110010000011010111111000011001110
110011010101101101110100111010010110100100000100100001111000101010001110100001111111000100110100
001001011010100101101000010101011010110101010111000011100110011001110001001000110011110100010010
100101111110110100000100101001011001110011000011101011001000101101011110100101101110111111111111
101110010111110101011011110110111010111000001111001100011000100011000110111111000010011110101001
000110000001101001101101100001101110101010010101010100110101000110011011111100101001111011011011
101111110101100110000010001101001110110000011101000011101010000000000001111101110011001100101001
101100111001111111001001011011001001010011101101001001100110110110101111000001001010000011000001
010001001100000001010011110011110011010110010110110100100110110100011101010010110101011001000110
110101110010100100001111110011001010101011001110100110011111010000111000111010100111011000111101
010101111110001011100100110110011110101110011101101011001111110011110110001101010110011100000101
001011101110010010000111011000100101000110110001011001110100010010100001111100110010110111111100
101011110100100101100001000011010100000000100010110000111100100001111111001100000001001011110110
101110001000101110010000100010101110001111010000000110001010011110111100100110111110101111001000
101110011110110100011001101011011111010100111101111000001101111001001001110010010110101101101000
100111010001001000110001011010101111111111010101011011000111110010101100100010110000010000100000
110000010011010100010001101100011111100011001010101000111110000101100101100011011001100100110100
010010100000100000111110010010110010010000010100101010111110000011010100011000100111100001100000
010100101000000100110100000001011111101110010001111001010101101010000110101111111100111000001110
000011010101001111010101101101100010010101000011010111111110001000110001101111111011100101010111
010001110011011011100001101001010100111100111111100010100101111010001110001000010000111000111010
110011111010011011111100100110001101011000111111001000100001100000110001100100101110011100010001
001001011000111010001000111011100010001011100101000001111000001010100111110011101000101010111010
010111011111100101010011100110000001101010000001100101110101101111000111100011010011111100100110
101011101100100000010000000100001100100100001100100101101001010001110100100100011110001100110110
011001100111001000100001110110001000111101010111000010100001001110010001100011011001011110010010
000000111001100111101001100100001100110001111110001111100111010111101001100000101010011101110001
011000110001001001010101001111010001010101101111011011110000011101000110001101001001001101101000
011111100011101000001100110000111001111000100010101110101111101100010111001111000011001111001010
011011000100011111001110111101111100100001010000110111100011011010110010000100111101111111011110
010011000010101100110101001010010000010010101000001110111111000010100001111100101000000100001110
101110110101101111011010111101101001101001000011101100011111001101110001000001010100000010010110
001101001100001110110001111001101110100010000000001011011010011110111000100001111010100011001000
011001010110100110010001111010101100100010101000100100100011011110001100101011010100101010001010
110000100011110101100011011110100110100010011011110011001010100100010000101101010000110011111010
111100010101011110001010100001011100011010100111010010101011110001001010111001000000010001101001
100010100000111010100001001001011011110101000000011011001101110011010010011100010100010110111110
111001010011101000101110111111100001011101011000100001010001001111100100110000010011010110000100
000011010111001100100001010001100101001000101010100010001101000001111000000100001101001100110011
010111110100001001100100110001000001010100111100111010011011100101110101111101101101010110000100
011001100111100110001000011101000110000010100100010011101010100101000001000100001111111001111111
010101001101110011100100111110010001111011111010000110001100001011001001111000011000010010110000
001000010101010001100010000101100110100100011010101110110111010101010010111100001110000111100000
110100000101110101100101000011000011010100001110111010110000011111011000111101010110110000100000
000011001000011101001000001011001000010011011000111000010111001110011011010100100100110110001111
010001010001100111010001111110101001001111000100001010001001100011101010011001111101100101111000
011100001100100110010111100101010111111010111111010000001100111101000000010000100110011110110001
010101100010010000001110101001101101100000011010001101010011000001000100101110100001010001001011
011100101100001011001011110001110001100110001001000110110011001001011100010011100101010110100110
001101001110000111101111000100011010000101100011110111010101001111010100001100101110110101101011
001110010010010110111101010101010000101111101110101011110010010000011101101101001111101001100010
100000100100100000001111100001100111010110001001110110101000110111011111101000000010101100110101
111100011100011011101000001011011010001001010001000001011101010010101111101001000100101001000001
101010001000010100100000001111111111111110010000011000110011001011011010001010101100101001110011
111100010001111110110011000101011011010110101111101101100100100001101100001111101100111011111000
110100100011001100111111110110111101010011100100001111000101011111111100101100011110110001100001
110000111100100010110000111010011100011110111010000011010011011010110100100101111111001101000101
010111111101101110111000010000011100010010011101000001100110111010110111010001001110001001011000
101111010101010001010000010001011001111001001111000001000001100110010111100001011101110111010011
100111110011111101110001010011111000100101101011010111010111101010100001010101001111101010101101
111011101011110000010000110000110001000000010101111011000110010011101100011100000001001000111010
111011100101000111111001110010001011011010010110010100101110101111000110111000101001010110110001
010000111000000111110111000101110110101111011001101111011010100100011111010010100001110001010001
001000100000111011000011100001111100011110111000011011011001011011110111001100011000101110000000
010100010011000110101111110010001111001011100000101110110101111100001000101000010110000101111101
011000000000000100001011111100010001011010011011111101110010101011101000010100100001001111000111
111010111001101010100011001010111000000110110110100011110001101100111010011010100011110011111011
100011100010010000101111011101100100100001100100001001000010110010000110110100111100100010101000
110111101110101000010001100111000011101111110101001010010011000100110000100011100000110110000100
000111010010111111010111111111000100000101001101011011101100010111011100001100100111101101011111
010001111011100011000000000110101100000000010101010110111001010011001111011110001011001000001011
001111001011101100100001111111110000101001101110000010110000000101001010111001000000101011101111
101101110101111101100100010010101100111010111000000001000010110101011101100001000101111111110110
001111001101001101111000110111011101101010101101011001100010000001011000110110011011000111001101
111000101011001011000111000000100110100000010001100100100010001000001001000100000111011001111000
001111110110110011010011000101010001111100101001100011111001010111110000100011111101111000000111
100011000111010100011000010011011011100111110010010111100001001100111011100110001111111010000110
001011101111010000000100010101011101111000000001000001001110101101001011000000010111000100111010
101111110110111110100010101100011000011001110100111000111000101011000010101000100001010001011111
110111010100110000010001001001110101111001100010101101010101000101111011110000011000011011000001
001110000100100101110000011000110110011011011100000011010001101001100100011111101001001100111110
100000000100100100000000000100101000000001001111101010110010000010110011001100101101000010000010
100111111010000001110110010000000110100100111010001101101000100000110000101001001110011010010111
010111010010000101110000111001111000101010111110101110000011111100111110111001111100000011110011
011010110000001100011000100010101010011010010011110011000001010101100100110011100011100110110000
100001011011010011100100110010011111101100000100111100001110010000011011111000100111110101011100
010110101000110100111110100010000101110000101010101001011110101111000100100000010100111001011110
010111110101011101101100111110000000000111101000111000101100111000110000110110000101011011111110
110101110110010110110001000101011010101101011100100000010000011110011010101000010101011111100000
010111101110100100110000111111110011011000110000011010001010111011011000100010111101100001011111
101011010100100001110101100100011110110110101011111000010000011100100111110101110110100101101000
001110000111010001100000100011111110000000110010110010101010101100110010001000010010100000000000
101111100101000001001000000111100110010101100000101010001000110001011000010000101011010110011101
010001101010001001100100000011111001000111111100101010110110111100010001111000100000010110110100
101111100110101111010111101101100001011100001100010101101011110100110001110001101101111100011001
111111101011010011101000100101001111001111110000010011000111000001000010111110100110001100110110
111111100001101011000110000001010001001101110011010111110110011011001000100111111110001101001001
101110000011010001010101010110101101001000110111010001011111101000001001010001010100111010111101
001011101011001000111110100001001011010000010000010001001100101110111110010101111100101011000111
011111110101100000000110101110010000001010011110011111100010110000000111110111110100001100010110
110011111001001011011010110100011011101000000011011100010110101100010101101000000011001001000010
011100001011000111011011001110001111010011001101000111101100010101100001010101100110100100110010
011101110111110110001100001010010001000101100111010000111000001010011011101011011011001111010101
001001001000011000100111011111010000011111000001100101101100011111000011011011000110010010110101
001111101100111010000001100111000110011101001000100111111110110001110010110110010000011010011101
111011101011010001100010000101110101011001010010001100011001011110101100001001100101010010010101
110101011100011111001000000011010011101100110011000101101100011110101101111111101001111001101000
000000111111111011111101100000110010101010100100000110101010000001011011000001110101000111111101
101000100110011000100110101111110110100011111111010110100111011000110001001010001010100000110100
010011001101101110110010000111011000110111000011111100011110001100111000101100011011000100000011
001110001011011101100111101011111010100111000001011111000111010100101010101111011011000111110100
001001010001010011010100001000010101101011101011111110000110010011010001100111111110111100001111
001011000010101001101011101110000111001010101110011111101000001011011000011010111010010100100010
111010011111110011001110100000110110110011011000100101010011001110000110111100100001001110011000
100000011000011101000000111111010111001010001110010010000111001010010000000111010000011110010010
100000001100110000011001001011110011010101010111010111001101110010000100111100100010001100010011
011111110010010011001100000101010100100111001000110110100010110000100000101101001011000101101110
001010000101000101001001100101101010001010011000111011100111111010010101010011001001010011110111
101100111010110111010001100101010010011101100000111111101000111001010100010111110110100100010110
101000110111001101011101111010101111100011010011100011101011110111111011000000010010000000001101
000111100101000101010101100110001011010010001011100110000100011111110000010011010000011000011011
001110100101111000111101110001111100101100000010110000101111110010100001000000100101000000011101
111100101001101111101111000101101011110010010000010010010001100000001001100101010100010111010010
111111001011010110100101100001001111110111100111001101000100100110100010011101011000001000100010
010010011000011111001001010011110100001001000100010110000001011100011011111111100001100010011110
001000011110011110000000001010001010110001010100011010111100110010000001101011000001000010111000
011110100101100100100100101110000001000010001100001101001000101000111001101000110001010111010101
101010010001111011001110011111010001100011100100010011011101011001101011100101010001011010001011
110010100010111010001101001111000101010111000011111011001100000011100100010000010111011011111110
000111000110100001001010010100001011011001100110010111100001100001011001011001011111100010100101
000101001011101111001001101011001111111101101000011101010001110010110110001001100100110001001000
001100000010110001111111011110110110010011001111010110011000000101110110010011001110001100110000
010101010110111100100111000011010110111011011111011110001111111101111000110110110010101100001101
001110110010010011101011101011101000000001011100000010111000101110011001111111110000110111010011
111110001110111111101001101111100110001100100110010110100101111001100101000000000010100001000110
010111011100011101100101100111100111100100100110110001010100010100011000001100101000111011000000
010001011110011100000011110100010011000111000110011010011000000000101010111111011111000101110101
010010110011011110001100010100011111110001000010010100001100110001101111010101100000111110110111
010000011100000000010000010111110100111100001010110000010001111110001101111100000011000010100001
010010100100111011001010000010010011100010111100001110101011111110000111110111100100001000111001
111000001100110000000110001001100110100101010111110010011101011100110000110001100000011011001100
110111010001001011001011111011100000111011000001010101010101110010010011110110010101110011100000
111110001111000001101101110110101101010001110101110111010000101111101110001111111011001101010000
001111100001010101011001010001001001010001010110010010011111010010000001010110011011001111110001
100010001101011100011110101110001100101001111000111001100010000101110000100000110111001100010000
001111000011011011001000111111010100001101110100101011100111010111101110100101101010000000101100
111011100111001100101001000110001001111001010011010111000011100111100110000010001100011100001110
110011101011001100101011101110110111000011001110101110101000001001001000111101001010101111100001
111001001110011100101001111001111101010100110011101100001001011110100000001001011111100010100111
011101011001001110000101111111111100111001011011010001111011000100101101000001001101010111000111
001011101110100000000000111100100001110111100001111111100101001010000000010100001111101001101100
101111111101100101101000011000000001110010111010101100100000100000111111011101011010111111100100
010110111110110101110110111111000101000010000110010000100110100010010111111101100101001000001111
100000110100001010010110011100010001011100110101010011100001001100011100001110101010101111110001
111011001010000011010101110000011100101001001011101011101001111001000110100110110100110000111010
101110110001110111001101101011010111011011010111101101011010110011110111111101001111000010010110
011100000010101001010011010011100000011110111100001001011111101111000010011101100110001101110000
001010011110011101000001101010011100000101101000010111110101100101001110111000110111100111101010
101110110001001000110001100000010011101101001110110100101000100101010110000001000111000111010010
101001001111110111111111000010000101010110001100110100011011000001011111101111001011101011111010
110011001010110111100000011101001001001100100111101101110011001011001010001010011000100110011111
101000111010011001110111110010010010010000111001111111011110000001001011001011111100000010101110
111111111111000000000010001000011010111100111011111100000110110000101011010110001101111001101000
101111011011010001101000101010100100001100001100110000111001000101111000000001000110010100010001
100011010101110010100011100010101010101001001010100110000110011010110011010010101011001110000010
100110100011011111101100011001000010010001011011000011011111110110100100101100010001101010010011
001011110000100000111001101111111111100111100110011111100111011110010010100111000111111110000110
110110100001011100101000011010011101001000110110001100010111010001011110101000010111101011110100
110111101110011110110000100010111111000011100001001111110101010010000011011001010110110010101111
101010011101000011101010101001101111000110111110010010101011000010111110101001101011111111010101
011000001101110101111000101100010011001001111010101010001111001010000000110101111110101001100110
110101001011101100110101101101110000110100011111000100000010111110011001110100100101010101000100
010110011001011110100011011110010110110010010011110011000001001101111000101010110100010010011000
110011101111101101101111011100010000000111110111011010110011111010010101011011100111011101001110
000011100011010100100111011111000100000010010101010111011111011001001100011101101000011111110001
011000010000010110111010100101001110011100101110010101111101010101100011011010101001010001001000
001001101110110111110000110001101000110000101011110011011010111111111101111000111011111010100100
011111111111010111011000101001110111001110010101001000000101000001000110101011110110110111100000
101100100011100001010110010110000001010100010001010110101100111111001000110011111010011001100010
110111100111100001111001111010110100010111110100111001001110011110100101011110100001100001010001
011010110001010000110111001111001000010010010100100100111011110100011010000110001010011110011111
000100100110111111100000111001101101101010111011010110010011001110110001101100111100000011110110
011001011001101111110100010000101110100110111011011001100101000011111101011011111110110100010100
010101001101001000011110110111001011001001110110010010010011001110111110111101000100011001001110
110101111101010111000000001001111010101000100101100111110000000000000111111010101100111101001111
100111000111010111011101101110011110100110110101010100110110000011111100100010100001110000011101
111000110100111001110100100011111010011111110001001101001100100000000001000000011011010100010011
010011011010100001110011111110001100101000110001000010100011101101110111011011000110110000000001
011110001110000101000001111101100111100001111000011110001101011111101000011100110011101001001011
100100001100101000001110101001101010000110110011111110011101100100110110101100001110010011011001
100110110011110101110101111001000100110110111111110101011100100111010011001011111111000001111011
001001110011110101111111101011101101001110111010101101111000010110110000100001101110100000010110
011011011001110011011011111010010110010000000111011010111000110001010000110111011010110101100101
000110010000101111001011110001111000001011001111111100001110110111011000110011101100010000101110
110001001001101101111110001111000010101000010111110100110001100000111011001110110111001110110001
100000011101110111101001101111011000011100111001001000000111110010100100000101011110111010001110
011011100010100011111011100100011001100011100010010111111111110100001001011011110101111110101001
111010001100111110111111011100101000110100101001000111010001101000110101001010100110000101110001
111100011010000110101110011110001101000000010111111110010110000011011110010011101100010010101101
001101111110000101000111010011011110100110110001000001110110010110010111010100110100010011010110
110010110010100011010011110110000101110000000011011111101000101001000000000000110110011010111010
101000001101011100101011001101001110110101111010010111101010000110000111010111001110000000011011
111100000101111110001100101011011110110010000010011000000101010001111000111101101000100001000010
011000110101101101101110101111010111110110100101001101010010100010111001101100110100001101010101
001011011110110000011100010011101000100011110100011111101010111110011011101010101010000001110010
000100100111100110110101001000011100111100101101100001011111101010110001001110000110111011110010
010100000011111001001000110111110001111111000111110111100100001110111110010010110101101000000010
101100011001110110101010111101011110001010100001000110111001010011100110101011001101011000110010
100010001110100110111110010100001011011001101011010101111110011011101011001111011010010010110001
100111101001011011110001010011011001011100011000011100000010100101000010011011110000100010001010
110010100001110111101111011111100010101000010011011010001110011111110101001000001011100110001111
010111001011100101000101010111111111110111010011010111001110000010010111101011011111010001110011
101101110111101100010111001100000010011111111111011010101000100010010011110100011010100110011100
101100110101100011101100010000111100110101110101011110110001100101110101111001011011011001100110
010110100000001101100001010011010011111111110110010010001011010111110100010001001110010000001100
101001010100100111110110111000111110001000101011100011010111001111101111111000110111000000000011
010100000101100011010000101110110110011110010101001111000100110111000100010111111001100110000001
000111000110010010110001101100101011100100111001010010100100111000101101001000011011101100100111
111001000000010000111011101000001110101111100011000100011100111100100110101000100000110111111110
100010011001111010111111010100110010010110001000100011001001010110111100000001000000001000100011
111100000010111101001001010001000111001100100110010110010000001001010001010101110001111010100000
000110111111001010000101101100011110110011100000100000110011010011001101010111010100001001001110
111101000010010001100010101010100011011110110010101000110110011011111010001001010110000011101000
100110101000011011011001101011010001000011001001010010011010100110110100110110010001101010111111
100001001100001111000101011110010010011100001010011101111110011000110010001100010011010111110011
011001010100001010011111000011000011110001000010011001101101001101110110100011000011100101110101
011111000011100101111010100110010001101111010101110010100100110111001001010100111111000001000101
100000011100001111001011011110110001011001110100110111000100110110000000100000011100010100110111
000011000000111110010000100001001000110000001011010100011111100110100110000100001000111010001111
110110010111110010011001101111111110101110110000001110011101110111111110100001100100101101001111
111000111110011111111101010110100001001101011011110001000010011110011010010011101001101101111010
111010010101000101110111100011101011111110100010101000001011001000001110001111111110000010101000
110011000111010101100111111101100101100100110110101101010110100010010101110101111000010010010110
011011110111001111100011000111111101101011010101101010011000111011000111100001100110110000101101
010111001001011000010011010001111010000110111011101010101001000001111100100011111011101100101000
001111001000101100000110011001000010000111011111111001010111100111101110110010001110111101001011
011100110110100111000000010010000001011000010110000111000110000111010100000101000000011101001111
110010110111011110010001101101111111000011111110010001110011101010111101100011111100111100010001
110101000111100000011110100011001101100101100001001100011011100001111101011010011001110110000101
011011100111000000001110010110101100110100111110110111110000110111100010011110101010011110000010
010001101000100000001011100111100010010000000110111101111010101010110111110100011000110010011111
100110000010000111100100001111110011011111001111010110001000011101101001000011000010101100100101
011110101010111001010000111010110101010000011110111101001100001010101111110010010000111110100010
011001001111101000110000111011111111110010011011000000101011100100101010011001100010101011000001
000000001000000111111010100101010001111100010100000100111011111101010110001000101100101101000001
001101000111011110111011011011011100010100111110000000100110011001101011100000100111100111100000
000011000110100011100010111010100000110101111010010101100000100011010110010001011001010100010010
010111011010000111101100011111101100111101001010101010111011011000011011001001000111001000011000
011000011101011011000111111101011101000101101101111010111101110000110101101111101011101000010010
100001111001001001010000000000000111111011001110000011011011110011010010101110110111010100001100
101011010100101100011011100101001000011110100010011010010010111011001000111100001010011100110000
110101001101111000000010110100111101001111100110101011001000100100000101010011101000100100101111
011100110110110110110110111001101011111101010010100000001011100101110110111010100001001001100110
100101010100111001110000111100011110001010100000101101100000111001101100001011100000001010001111
001001010010101011110011100011101010010000011011111101000101011101111001111010011101010101111101
101000101111011011000001110101001010101101001110010111100010100110101110010010001011100001101100
100011101010010000001111111000101111111100101110000011001100110011010000100110100111110001101111
110111101101011101111111001011010011101011000011100111001010110101011000100010000110100000010101
110111101110110101101000000111101101001110111101110010101111011001100100111000011110011101110101
101110011000001110001011100101000111011100011010000111101000111010101011001111101011111010011011
110110111101010111011110010010101101111111001101100011110111001111010101001111001101111111111010
111000100101001000010000101111011000011001110010000000011101011010000010110011110001110000000100
000111001101111011010010001111000011101111101100001010111100111111011100101011101011111101011110
011001101011100000110001011110000100111110111001110101001011000001010100110100001101110111111100
001001011000011101100110001111001101000100000001011011001010000010000001100111010000111110110101
110110001001100110111111111011000101101010111010111001011010100011101000011010100110010100011011
001000011010011000101110100110100001010101111110010000101100100001110110111110110011000011100011
100011111001010111010110010100001101010110101110111001011000000010000000100111001111010111000100
101111100101101000101011001010011010000000000100010101011111101010101001000011010110111001101001
110001100110000101011101001101100100100111011111011001111010110101100111110001011101100101110010
111111100000110011011000100001000100001111010111011101001000110101101010010011010110010011101011
001000110110101001111000110000001011111001100110000110110110000001011001101001010010010001100101
010100111111011110110101011101111011100110110101011001000010110000010100001010101010010000100000
100110101100001111001111101101010100111111100100100010111111101101100001111011001011110111010000
110001010101000100000001101111101010011101010011101001000010100001111110010000111011010001000110
010111000001010011010000010011011111000000111101100010000000011101010010101111000110110001110110
101010101110100010010101000100000111011111110010011001011001111101000111010100000010011110011100
110001011011111011100111000101111010010001010011110111110010100111001000010011101110100111010001
100001011011011001110111001101101110111000001010111011101001001001100011000110001110000101010101
111011101001110110001100110100101010010100110000111011001011001100000000111010101000011011001110
010011101100001110000101010101000101001110101101110100011000100010001001001000111110010101101000
010010011110110001100010000100101100110100011001001010110001011111110000011110001110000001011011
010101001000011101001101001000110110001011101101010011011011100010001110000011100011011010011001
101010111000111111000010000010000110110100100110111011000101001111011010110011001000101001010001
010011100100001010111100000000011010011101010000100100110001101010011110111100010000001000110010
000100110110101111101100111101101100010000100101001101010100110101101100011010010100000011110111
100000011001110111000101110101100100010110001110001101000100110101111100001011100110001100101100
101110011111000110110010010000001011100110110110010011101110001100110010001111110101011111110010
100000011011111101110001101111101100100000101001101100011110111110110010101010000001000110011011
011110001001100011100000000100100111011110011110101100000111100011001101010101111000110110011100
010100010110110011000111111010011000111001001010111010010001111101001011111011001001010011100111
010010101111100010101010001110011110010011111000110010110011101111011111001001001001011110111001
111111101011110010111011011110001011011001011011110100110101110100001000101100101111001100111111
000110110000100100011100011000101101010110101100101011010011000000100110011000010010011011110101
000001100010010011111110111000110010001011010100001110010010011110101010001011100101110001011011
010010110000001111111001110110001010010111101101010100101000100110011100110010110000100110000101
111000000000101010101111111010011001010000111110111111000010000101111011001000100101000111100101
000010010101101111011011110000110100101000010010110100010110101101110010010011010100111000111001
101110011001001000011000110011010011110011110011001100000000000111110001000111111101100010000001
101000001101001101110010010000111100111011010111011010110011011111110011001001100101100100111010
111110011100010110101111010001111001011000001000110101110101101010110011001000101110010001101101
100101011001001100111010000011010101110101110110101011001000001101101110110010010101001101001111
010011000100110000000000010100010000100110110110100010111011011100011101000011000101010111110100
000110110001100100011100100101011111101011100000100010000001110111110110110101001100011011111101
110101001110000010100101011001001100001011100111101100000111001101100100101010000001111100110101
000111100111110101111001001001110010101010110010111000001000100011110001000100001100001000011011
101101000101011010011001100011101110100010000000101001110101101110110100011111010011010010001000
010110000001100000010101001101111111101001110100000111101001100111011111100011001101101110101111
100011110110010001001000100110010111001110101000010001111011100111001000000110010101111011011001
101011111000010011110101110000010101001100011010010000100011010011111101011111011010010000110101
111100110011010001101111010111011001111001100001110111111001000001111101101110001110000100110000
110010010000101001000110000101000100011110101001001010110001001000011101011001001101101000100101
101001011010001100101010010111000010000000011111110101100010111110000011111110001011001011011000
101010000011010101100001101100100110010011011110110101011010001010000110000001101100000100111111
011011111011110110011001001101011111010110101011011100001010110000001111100000010101011000111100
011010000101011010101100111100111011001011001101100011110001001001000001110111010111010010101011
010000010101110110111010001100000101110010100101100100100000010101001011101011011010100101110100
111100011001000011111011010001110000010010110011000101010100101010101110011100010100001110011100
100110000101101011110010110100111000111100101001101000100010101001000101100110000111011100011010
101000010111111000111000101011001000101001111010110100001100110010010110110000101000010100010011
011111001001011011010111000011001111100101000000001010011010101000010010000101110000101001110011
011001111110001010110010000100100000101110000010011010011101000100111100010011101010100011011011
111010000011001011001000110010010111111000110111101101110001010010000001011011000110011001110011
101110000001011011101100011100101010011101000011010001010111001101000010100000010001001111001010
001100010010001100011010101011001000000110110001100000100110111010010110011101000010110110010110
111111010000111000110111111100110111100111110110100111010010000000101000111001111100011101100100
100001010100011111001111100101000101111010011111001111100100010101100111010110111011101100101101
111110001011011010101011110100110111001100101110011000101101111001111100000111011111101100100111
000100011111101101101011011111111000100000101010010011101101001010110000110011100010001000000100
011001100101110100011001101000011100110010110111000110001100110000011101010100011110011100101101
000101000001100100001101011010100001101001101011110110010101111101010111001110100000000100000110
001111110011101100110000011110111111110110111000110111111010000101000001101110001100110000100010
010001000001101100010111111100101110101111000100010000011001100100010010110100000000101011001111
001000001001111110000010111000010111100010110000000111010110000100101000010101110011010100100010
111000011010011001100010011001101001100000101011111011010011100110101110110011101100001010001111
100010011100010101001110100110000000001011100011110001111110110001011000101110011001101111010111
110110100011011011010110101100110010111000111100100101111101010010000010001011101011011111110100
100000111001110010101100000111110001111010111111111100010110111011001101011110100110100111010000
001011001010101110100000011100001001110111100000010000011101101101110110010101101000100101000000
100011111001011111110111101111101000000101110110101001001101000010000110111101101011001100111010
001111101101101111000001101011111101001101110101111111110000111100000111010111111001111100110100
111011101100001100000110010011101001011001001111110110001001101000011001111111100111001100011000
001011011110110001000101100010100111011100000011111111101001111001101011101000000000010110101000
011110101010110111010011011010100011011001111111100110001111111101100010101011111001101000000001
110110001110100010101100010111010000110010000100111111011000000110011000001100000011001011101001
110111100111001110101110101100101101100000101000000001011001000010011100011000000010000010111001
001000010000110110111100010011101110000110101011100100101011011010100000010001110000011101110110
011000010101100100011101111010100100001111101001010101010111101100100101000101101000000000100010
001011001100000011110011100000011000000001000001100010010010011110111010001100100000000011001110
110000010001011111100111000010101010100011010110001001001000111011000001110111001110111110110011
111110001011000111011001111111001101001100011001111100110001100001101011111111101001101011011110
100000010011011000100010001010100110110110011100100001010001110111000110110010001101111110110011
111010011011010000101011110010001111010101011101100110011111001101001011100010011111110100011101
001011000010011011010011110011010110011101010111010010110100011010100111000100100111001101111001
110100010110111001001101110001111100101101110000100000011110010111111100000010000000111100000100
110110001111100100011110101010001101101110011010000111111010100110011110000011010101101010101100
000011111000011100110100110011001101100110100000101001110110001111001110001000101111010010000010
001110000110101010101011110110010011110100010101011001111010111110011010010001001111001101111100
001110101010001101111010111001110111011010101101110110010111100100001111011100010110110100101111
101000100110101010100000101001000010101101000110110000110010010010001111001000100100000100101101
000111001110111100111001001000111010001011101010010100010110110111100111101110110001001111100001
000110100010110001110010011101100110100111110011101010010110001000100100100011000000110100001100
000010001111010011111011011100000111100001011010011011101111011100001010000110100011111010101001
110001011111100110111011110001111010001111001011000111101100111111100011101110101001001111110001
111100101100101000010100111010010110110101100110001100001100101011000111100110011010100010100110
100110001100100100101110000100001011001100000110100101111101010101001011101011010100010100100001
000001010010000011101011110011000000000001101010101100010111001111101010011111111011110101000110
011011101101101100100101101001000110001001010011100101000001100010010100011111101100010100100011
011011001000101101100000010110101100110001110011100111110001101010000011000101001001010101011101
001011101011001000101011001011000011001000101110111000101001011000100110001101100000000111000010
100110000111111111110101001110110010000011011111111000101100011101010001011001100100101110011011
010100101110000110000100111101111010100100100100111010000010000010011001110100010110010001011010
111111100101001000111011011110011011000110010111100010111110101101110101001000011110110101111110
111010000000100001100001101010011100111010101010000101010001100011000101010101000110100010011110
001011010010000000100011011110011000000011111010001110111001010000010011100001000111110110000101
110110010010101111100001010110100000000110000001110110100000100000110101001100011010001110001010
101110111011101011010111101110001101011110001001011001001110010001000010111001100010011111010010
101011110100110000010101100111000111100111011010001110000101001101010101011011010000101000100000
101011110100110111101001011110111001100011101111100011110000101111101101000010101100001001111000
111010111001011110000111110111011010111101011001001011000111001011100110010010111001000010100001
001100110011010100101111101001100111011000100101111011010000011010110001101110110011101000001001
000100010101100110110100000010010100110011011111000010011111010101100011110101100110010110101010
011110111110011111000000111001011000101010001111001110111111101110111010000111101010100010000111
111000100011001111100000011001101100001100011001101010100001001000100110101000011000110111010111
011000111011010010110000011101011000111011000011110100000100100010101010010001010011010100100000
011111101110110011100010011110010001011011001010001111010010000000101111001011101100101111101001
111110100001110011111011101010001110110001011101000101010110000001000111110010011001100000000001
100000000110111110011001101111111001011001000101000011001111111011000000001000111111010110111011
101100111000110011110011101000010001100100001111010111110111001100011001100011011110010001010101
110101111110110011111100111000001100001100100010010000110000011110010000100101001011110110111011
001000010011101110001101110101010110110010111100111101110101011011011000001110001011011011001001
111010000101001101000001111011111000001001010001011101100101101000000011001101110011000000011100
001111000010011100000010100100111111101100001001110111001001111001010001111110110111001111000000
010100000010011100000100111101000010001111100101011001001100010100001110001010000010100100001010
011110001110000000001100101101000101101011110111001011011111010010000000101111001000110001101101
010001010110011100101100000101111100111100110011110100011110100011100111100101100011101110010001
001010011100101001000101100101001111100101110111110011001011010100110111101110000101000100011000
001101010101111111110101001111100100101110011100100101101000001000111000011010111010010000011010
001001100101011010111101111001011111110101111001101001011110101111001010100101100111100000001010
011101010011010010111111110101001101110110011001100001111111101001001101001010110001010101010010
000111000010111001000010101000100011001110010110010111010111010000011100110110100011100101001101
111111111111001011000101010000000011000101110111001100011111000111111101010101110000001001111100
101000000111000011111110011110100010111010001000110010100010111000111000011111000000101111000011
100001100111011101110001111111011001010111010011110001010011010010110001110000000110010111111110
000101101100011101000000100110000011111010011110100111001111100101101110101000110111010011010100
101011001010011011000100000010010110000000101000010111101001110110001010100010001100111110010010
100101011111011100101110000111101111000001111010101100010011001101000011000010010000010001101001
110011100101011010100110100011111000101100100101101110111101110100111001000101110101110000110110
011010110101001111010110001111010001110011000010101011000101111010101101010111100000100011100111
110100111110000010010111111001000010100000110111101100110100110000011100110111110011101110001001
110111100011100011100110000100110000111101100011101000001100011000111101111011010100101101100011
111100011000111110110011001110001101011100110011100111110010011110011011001100100001011100000001
110010001010110010001100101100110010001100010110010001001010110001001110000000011111010110001101
110100000010010101111101100001100101000101010101110110100011001100100101011001000011011000111111
110110111100100110010111100010101110011011000111000011101011110100100100110100110010010001111110
010101011101011000101000100010000011101111010111110101001010001111110010011010101011101011101100
010100000001100111111010001100000001001010001000100011000111001101111001110010100001100010110011
000000111010100110011111010010000010000101100011100000101011011010111110110001100000101010100110
011101110011000001011001110100110011101001001101000010001010111001101100100110101001010011001011
111011001101011110100100100011011001000010110111011100111011110011110001111000000010110111010100
101111100011001111010000010010010010000110101000100010010101001100110000010111110100111101110001
000101110110101000000111000100100100001011000000101101001101000010111111010010100010111100000010
101010100110000110101000111110001100011011111000001010010000101010011000011110000110011101000011
101100101000110100010101011010010011010011101100010001001011100000000111110000100101100100011011
111011010111000010010010011010011111010010100001100111101110011001100010101100110101111110110111
010100010100011000101111111001100010000100001010111101000011111000101101010100010000110100110101
000000101000101100110000110011111010101110111110110111011111001001000110010110011000001010001001
010111010010111111000100001011000110000111010100000001110101110001000010001010111110110101000101
000110110101001111111101100001000011111001111100011010100111010101000101010100110011010010001101
001100000001010111101101010100001000111110111111110110100010000001010101110101010110010000111011
001000111011100110110100100011000010111000000101001011101110101110110010101100010010111011001110
001000011110010001110010011101101100111011100001101001101110000010000110011011000111001010000001
100010001100001111011111010011101101110000100110110110011011101000011101010100100001101001101101
100100010010000011001100101000010011110010111111101001010101000101111101110100010101000010100100
111011110110000111101011100010100011010110000001110111001110010101000011101001000011100111111001
100010101111101000110001011101000110100110100010110011001010011011001001100011010001110010000001
011101101001011110100010100000101000000001111010111010100101111100100111100000000010011100001111
011111000001101110001000010000000000101000001110010111011010100111010010110100101010111000000110
100101101001110101000010101101111000000111110111101101001101001111001000001000110101101110101101
111101101000100100001000001110110101010100111000001011000111000010100000011011000000100101001100
011001110001010011011101011001011110010101110111010001010110001101111011101110011100011001110011
100011101010101010100101100011000111101001010000011100101110100000011110100101100000110010111011
001111110001011011001010011000000010011100010011100111100100000111110000100100010110011001101101
110010110111100111001010101100101100101010010011011011010011100111000001011011100101101101100100
110010000001110010011111110011100011001010010101001111110000110001010101101011110111110100011001
110110001110110011010010100101101111100001010011010011010011000001001000110100101001011000000110
111011110101101000100001011001111010101111011001111011101001100110101110110100010010110000111010
110111010010101100011010000111001100110110011101100111110100010100001110111100101111000101000010
100111011110000110111100101111010000111011001001101111000011101101101100000000001111111010000001
100000000001110001101100010011011011010011111010000010011011011110011101010011100001001011001000
001110001000001001011110000010101100110000001111000111110100100011000101101111000101000101110100
100011011010011010000000001111000101110000000010001001011010010100001010000001001100000101000101
111010010101010101011001101110110000011101010011110111111100100000100001001011111111111100100111
010101011010101101101100010111011000011111001001110000010101111101001111101011010001111110111011
001000011111110101001100111000001000001110100100100100110010001010001111101110101011011111010100
101001100010101000001000100011100001011001101001000111011101100001000101110011010011110001100111
010101011100011011001001000000111100100010010111010010010011100110100100001011000011100010110101
011010011111001011111111011101111100001110000110010001010101010011100100110000010001111110000000
011111101111110001100000001000100011110011000011100001110001001101111001100001010110011010111100
011100011000011001101011100011110100011010101000011100100100110011110010110010000110100110110011
001101110111101001011010110111011001000000010011010000100111001110101000010100001000110110110111
001111110011100101011000100111001101101001101010010110010011110101110011110110101010011000100011
101101110000101101000001010110010110000101011000000000011110011001101101010111000110101100101100
110110011001101101100100101101101100001111011010101000010101101100101010010010110100010001111010
001011001010010101101001100101110110000001111100110010101101110011110100000100110010110100011101
000111110001110011101000000000010011100010100111001101011111111010110000110000001000111100101011
000001101010111010010001010100110111011011001011101101111001001100010100000001100000000000111101
000001111000001010011111001000011010001111100011100111101011100110110010111010110101110101101110
100110010011111101100000100000110110101110000100011000011111111101010100101011011100101100000100
101011110100100010010010111101101011011110010110010010000100001100111010010010001100110111101001
010000111100101011100001110001000101101100111011010011110000001111101001001110111000011010000001
111001111110101111110110101110100100001101001110000100011110000001101100001001110101110110011101
110010001111100101000100111010000111010110110001111001010111011111001110011111101001111110010111
110000001010101000011001000001011110001011010011110001001100100100101011101001100010101001011001
101100001111001111010110010101000100000011111010010110001111001110010100000001000100111011001111
101101110110111100100010010010111111111110111010110011110011001011011011010111001101110011011101
000111111111111001010111100111101011000110111000010111110000101001010101001100000010011001011000
000111101011000111110111001011101100100011110110111000011000001101101011111001111010110101001010
110001001001010110011111111010000000000110111000010110101100101011001100110001111100100100100101
011110001100010010111001100011001001011010010111000011010001011101101101100010010101010010010111
100100101010000101101110101011000011001000100101110011001000101111011111101101000001010110000010
001011101110110011011100111101111011011100010011010101100101011100000111010011011100000101110101
111011010011000000100111110110010011110001000001001001110110101001101111111000110110011001010001
111100111101100011000011100100101101000110000110110001110000000101101011101100110001000101010000
111101110111111100000010101011010010110011010110000111001110100110110001001110111100010010100101
111001001000111000000001000001000110101010110101110101001000010001100011000001100000111111101100
011001001100001111010011110110100000101100011100011011001010111010000100010000001000010011000101
000000101110010010001011001010110010000011010000011011011101000011011110000000000001100101000100
111011001110010110001100001010001100010111010010010010000010101010010110000110101011011001000101
110110001111000100100110010011100101110000100111111010000101000111010011110100100110100011001000
101010010110001010110000110011011011011011111001111101000000111000010001011000101100001010100110
110010111111110011101100011110101001111001111110110010101111111011111101001001001001001000101000
100001000001101110101100011010101101001111000000011011101011111010001101111100010110111011111110
000000111011110001011010011000011010000011101101111111010001110001000011101001000011101001101001
111110010110000001001000100001101101101000010111000110000111001111110000000111011101000101011101
010100001100011000110111001110101010001101100111110001000101001000100100100110010111000101011101
000000001100011100111101001101100010110000101010000001111011010001110011011100001010001101000001
111010111101010001000101000011010001111101000011100111111101101001111000110101011100110011001011
110000000111101001000110100000111011111010111001000001111000100010001111001100011110001110010111
001100011001001111010110011011101011110010110010010010100111011111101100101010000111101001110110
100111110011011100111110000110010101000011001111000110110000110101111100001001101001001100011110
011101010010100110001011010011110101100000111001011001000100000101010001111111101110011000010000
110111010000001100111000110000110011011101100011111101010010001101110001111001010101101001011011
101100010010101100010101001101110110100000111101000000110110011111001100100111001001101010000101
000110111000000011110101001100111001111100110100110010000001011000100101010001011101100010111001
110111011000001010100000101000000100010101100111111100001000000000111100100100100111000101110101
000100000000101001111110001101101010111101001011011011001001000111100110001110110111011010100111
100111011000111000001110010110100110100010110011100101111011100100101011100001011010101000111101
010010001010010111101100111000111000010111011110110101000111000110110100101000110001100101001000
000101000001110111001101001000111101111111000111001010100010000110101010100000111000010110000111
010011100110001101010001110111101000110010110010100011110100011000111111000010000110110001111000
000010010001000011010000100111001101011011100110001110111111001011111100001111101110111101011110
111100011101101000110110011111110000001100110111111101010101100010100010101111010000010110000010
111111101110000000111110000101010111100110011110100111111000100101110010010010000110110011101011
010111000111001011000011100111100000011100110110010011001010000010001011101111110000001100010011
001101010010010000101011110101110000011100010100100100001011111000001110111111101010111100011101
111011000011110100010111100011001010111110010001110100010000100011010110101011010101110001011100
101101111100101100111000011010100110100011111011111001000001010001011110110010101101001001101111
110101110011100011110101101101011001111000110010001000110101101101100000011011000011011110000111
010111110001100000101010110100001100110101000011000001111110101000111101101101000011000001111010
011010101100101101000101000001111111111010101001111111101000010000101110011110011000111000111001
001110001001011111100100001101111111010101111100010011110110100110001000011010010111110110001100
011010101111111010001001100110101011101110100101111101100111100100011111100101011101011001110101
001001101110000110011010110011100111001100010110001000011011110010100100100110010101010111110101
011000000010010011001010010111010110000000100011101001001111001100001001000011011010100111010011
001000100110101100100100000001111001100100100011011111000000000101110010111001010000110111100110
100110001101010111000110110001001100010000100100001101100111000001101100000000110101001000010110
000011010010010110010000011100011011001100001110111111101011111110100011101100000010010010000101
000011011111110000000101010011011110010010100111000110010100000011100011110110000101100010011010
111111001100010100011001001111011011011100100011101101000111011010111110010110001100010001011101
011100001011101100100101010011101011000100101100100100011111110001000110000001010111110100111110
110001011001111111110011000100001110011111000110011110001101101110111100010010001101111110101011
100110111001000100010010010111111000011111000010100000000010011101101000111011000011110111011110
111110001101010011110100101010100111001000000010111010000000111000010000100000101000011111101101
110001011101101110001000101111100111100001110101010000011010000001001011010011001111100011101111
111111011110011001000101101111100110111001011111000011111010010110111110100100001110011100100010
011111000100101000101000010110110000011001000001011110110011000010110011010001101000001110010000
101000110111010001111010001100100101011001101000111100100011111000111110111011001111111000110110
010000000010101000111001100101001100001111001101010101011000010111101001001111001111011110011001
100011110001001010001111101100011110110111000101110010111111000100101000110111100011000000101110
100100001101111000011101100010111010110010111110000111010010100000101011000000110010011110000010
001000011100110111101011000010110001000100001000100100100100011000000010011110110001001101000110
000000001011110010010100011000101101100010111001011110100101110011001001111001000110111001101101
100010010001111000011110000000010001110111010101011110000101100011100001000111011100000000001100
110100101111111000000011100110100011111010101101100100100010101000101010100110110111011111000011
110011100110010111001000110010110011001000011011010110011111100101011111100110101001111100101001
011010001011111011000010101111110111000011010011010000111001011111000101101010101101011110111001
