101010010111001101000000000000000000000000000000000000000000000010011110101000101101010011010110
000110100011010111000000000000000000000000000000000000000000000010011110101000101101010011010110
010010111101111101000000000000000000000000000000000000000000000010011110101000101101010011010110
101011011101111010000000000000000000000000000000000000000000000010011110101000101101010011010110
101010010101111011000000000000000000000000000000000000000000000010011110101000101101010011010110
011100010011110000100000000000000000000000000000000000000000000010011110101000101101010011010110
011110110100100000000000000000000000000000000000000000000000000010011110101000101101010011010110
100111010010011011000000000000000000000000000000000000000000000010011110101000101101010011010110
000111000100110101000000000000000000000000000000000000000000000010011110101000101101010011010110
111010101001100100000000000000000000000000000000000000000000000010011110101000101101010011010110
110010111011000000000000000000000000000000000000000000000000000010011110101000101101010011010110
001001000010010100000000000000000000000000000000000000000000000010011110101000101101010011010110
101100100101010110000000000000000000000000000000000000000000000010011110101000101101010011010110
010111100101011000000000000000000000000000000000000000000000000010011110101000101101010011010110
001011010110101111000000000000000000000000000000000000000000000010011110101000101101010011010110
110000101010111001000000000000000000000000000000000000000000000010011110101000101101010011010110
100101011101110101000000000000000000000000000000000000000000000010011110101000101101010011010110
010001010011001111000000000000000000000000000000000000000000000010011110101000101101010011010110
110101100100111010000000000000000000000000000000000000000000000010011110101000101101010011010110
111001101111111111000000000000000000000000000000000000000000000010011110101000101101010011010110
110110100101010000000000000000000000000000000000000000000000000010011110101000101101010011010110
111010111111101100000000000000000000000000000000000000000000000010011110101000101101010011010110
111110100110000100100000000000000000000000000000000000000000000010011110101000101101010011010110
000111000000010110000000000000000000000000000000000000000000000010011110101000101101010011010110
011110011000000110000000000000000000000000000000000000000000000010011110101000101101010011010110
001000001010011110000000000000000000000000000000000000000000000010011110101000101101010011010110
001000000010010010000000000000000000000000000000000000000000000010011110101000101101010011010110
110100101000110001000000000000000000000000000000000000000000000010011110101000101101010011010110
100011000111000000000000000000000000000000000000000000000000000010011110101000101101010011010110
111101001001000001000000000000000000000000000000000000000000000010011110101000101101010011010110
111100001001100011000000000000000000000000000000000000000000000010011110101000101101010011010110
111001111010110111000000000000000000000000000000000000000000000010011110101000101101010011010110
100001010011101000000000000000000000000000000000000000000000000010011110101000101101010011010110
010001110010101101000000000000000000000000000000000000000000000010011110101000101101010011010110
111111010100101010000000000000000000000000000000000000000000000010011110101000101101010011010110
011000001000001010000000000000000000000000000000000000000000000010011110101000101101010011010110
111001000111011010000000000000000000000000000000000000000000000010011110101000101101010011010110
101101011101101111000000000000000000000000000000000000000000000010011110101000101101010011010110
100011001010011000100000000000000000000000000000000000000000000010011110101000101101010011010110
000001011011000110000000000000000000000000000000000000000000000010011110101000101101010011010110
000011111011101111000000000000000000000000000000000000000000000010011110101000101101010011010110
111001000010110111000000000000000000000000000000000000000000000010011110101000101101010011010110
101001000000101111000000000000000000000000000000000000000000000010011110101000101101010011010110
001001110010010001000000000000000000000000000000000000000000000010011110101000101101010011010110
111110101101010100000000000000000000000000000000000000000000000010011110101000101101010011010110
101110110011001111000000000000000000000000000000000000000000000010011110101000101101010011010110
101000111000110101000000000000000000000000000000000000000000000010011110101000101101010011010110
010111011011100000100000000000000000000000000000000000000000000010011110101000101101010011010110
011001100001100100000000000000000000000000000000000000000000000010011110101000101101010011010110
101110000011010111000000000000000000000000000000000000000000000010011110101000101101010011010110
100000010111110000000000000000000000000000000000000000000000000010011110101000101101010011010110
101000001011010000100000000000000000000000000000000000000000000010011110101000101101010011010110
011010010111011010000000000000000000000000000000000000000000000010011110101000101101010011010110
010111000001011000000000000000000000000000000000000000000000000010011110101000101101010011010110
110001010110111100000000000000000000000000000000000000000000000010011110101000101101010011010110
001101011100001110000000000000000000000000000000000000000000000010011110101000101101010011010110
111101000101110000100000000000000000000000000000000000000000000010011110101000101101010011010110
010011000000111001000000000000000000000000000000000000000000000010011110101000101101010011010110
110100111011001000000000000000000000000000000000000000000000000010011110101000101101010011010110
001000000110010101000000000000000000000000000000000000000000000010011110101000101101010011010110
001110000100010001000000000000000000000000000000000000000000000010011110101000101101010011010110
100001110111000110000000000000000000000000000000000000000000000010011110101000101101010011010110
000101010101011010000000000000000000000000000000000000000000000010011110101000101101010011010110
111000011100110110000000000000000000000000000000000000000000000010011110101000101101010011010110
111110110000011000100000000000000000000000000000000000000000000010011110101000101101010011010110
110010100010100000100000000000000000000000000000000000000000000010011110101000101101010011010110
010001011100111101000000000000000000000000000000000000000000000010011110101000101101010011010110
011010010100101001000000000000000000000000000000000000000000000010011110101000101101010011010110
100010100001000010000000000000000000000000000000000000000000000010011110101000101101010011010110
000000000111110011000000000000000000000000000000000000000000000010011110101000101101010011010110
011110101110011000000000000000000000000000000000000000000000000010011110101000101101010011010110
011101010000100011000000000000000000000000000000000000000000000010011110101000101101010011010110
011111001101000001000000000000000000000000000000000000000000000010011110101000101101010011010110
110111010001110100000000000000000000000000000000000000000000000010011110101000101101010011010110
110001110100001000100000000000000000000000000000000000000000000010011110101000101101010011010110
001011000110011001000000000000000000000000000000000000000000000010011110101000101101010011010110
000010001101011110000000000000000000000000000000000000000000000010011110101000101101010011010110
011111000101001100000000000000000000000000000000000000000000000010011110101000101101010011010110
111011111111100000100000000000000000000000000000000000000000000010011110101000101101010011010110
001010111100101010000000000000000000000000000000000000000000000010011110101000101101010011010110
000111000110110101000000000000000000000000000000000000000000000010011110101000101101010011010110
010101111010011111000000000000000000000000000000000000000000000010011110101000101101010011010110
000000011111110000100000000000000000000000000000000000000000000010011110101000101101010011010110
001001100100011010000000000000000000000000000000000000000000000010011110101000101101010011010110
111111101010110100000000000000000000000000000000000000000000000010011110101000101101010011010110
011011001101000111000000000000000000000000000000000000000000000010011110101000101101010011010110
000110000110010011000000000000000000000000000000000000000000000010011110101000101101010011010110
010010000100011001000000000000000000000000000000000000000000000010011110101000101101010011010110
010101111011100101000000000000000000000000000000000000000000000010011110101000101101010011010110
100110101010100101000000000000000000000000000000000000000000000010011110101000101101010011010110
011001100100100000000000000000000000000000000000000000000000000010011110101000101101010011010110
010001101001000001000000000000000000000000000000000000000000000010011110101000101101010011010110
101011001000110101000000000000000000000000000000000000000000000010011110101000101101010011010110
100001000101110110000000000000000000000000000000000000000000000010011110101000101101010011010110
001000100100110101000000000000000000000000000000000000000000000010011110101000101101010011010110
010010100111101011000000000000000000000000000000000000000000000010011110101000101101010011010110
101011100111111010000000000000000000000000000000000000000000000010011110101000101101010011010110
110001100100001110000000000000000000000000000000000000000000000010011110101000101101010011010110
011110001011011010000000000000000000000000000000000000000000000010011110101000101101010011010110
001011111000111011000000000000000000000000000000000000000000000010011110101000101101010011010110
