010101011111011110000000000000000000000000000000000000000000000010011110101000101101010011010110
010111100001111100000000000000000000000000000000000000000000000010011110101000101101010011010110
010111101011011110000000000000000000000000000000000000000000000010011110101000101101010011010110
010111010110110100000000000000000000000000000000000000000000000010011110101000101101010011010110
100111110010001100000000000000000000000000000000000000000000000010011110101000101101010011010110
011101111111000100100000000000000000000000000000000000000000000010011110101000101101010011010110
011001101001100010000000000000000000000000000000000000000000000010011110101000101101010011010110
001110100110011000100000000000000000000000000000000000000000000010011110101000101101010011010110
001001110101111101000000000000000000000000000000000000000000000010011110101000101101010011010110
101110101010000100100000000000000000000000000000000000000000000010011110101000101101010011010110
011101001110001110000000000000000000000000000000000000000000000010011110101000101101010011010110
101010111011111010000000000000000000000000000000000000000000000010011110101000101101010011010110
010100110000001100000000000000000000000000000000000000000000000010011110101000101101010011010110
001101100011110011000000000000000000000000000000000000000000000010011110101000101101010011010110
010111110010011100000000000000000000000000000000000000000000000010011110101000101101010011010110
100010000001111111000000000000000000000000000000000000000000000010011110101000101101010011010110
001000000000001000000000000000000000000000000000000000000000000010011110101000101101010011010110
101110100001100000000000000000000000000000000000000000000000000010011110101000101101010011010110
110001110000011000000000000000000000000000000000000000000000000010011110101000101101010011010110
001110110011001000000000000000000000000000000000000000000000000010011110101000101101010011010110
000101101000010000000000000000000000000000000000000000000000000010011110101000101101010011010110
010100000000110100000000000000000000000000000000000000000000000010011110101000101101010011010110
011001011100110101000000000000000000000000000000000000000000000010011110101000101101010011010110
101011111011001011000000000000000000000000000000000000000000000010011110101000101101010011010110
100111100111010111000000000000000000000000000000000000000000000010011110101000101101010011010110
001111111001110011000000000000000000000000000000000000000000000010011110101000101101010011010110
110110110111001100000000000000000000000000000000000000000000000010011110101000101101010011010110
110001001000110000000000000000000000000000000000000000000000000010011110101000101101010011010110
111010110110111001000000000000000000000000000000000000000000000010011110101000101101010011010110
111100011101100000000000000000000000000000000000000000000000000010011110101000101101010011010110
110001101111100011000000000000000000000000000000000000000000000010011110101000101101010011010110
001111101000011001000000000000000000000000000000000000000000000010011110101000101101010011010110
110100100111101101000000000000000000000000000000000000000000000010011110101000101101010011010110
001110010000111101000000000000000000000000000000000000000000000010011110101000101101010011010110
111111011011010101000000000000000000000000000000000000000000000010011110101000101101010011010110
001101100111100101000000000000000000000000000000000000000000000010011110101000101101010011010110
110010100001001110000000000000000000000000000000000000000000000010011110101000101101010011010110
011011011000010010000000000000000000000000000000000000000000000010011110101000101101010011010110
111001111111110000100000000000000000000000000000000000000000000010011110101000101101010011010110
101100010101010000100000000000000000000000000000000000000000000010011110101000101101010011010110
100001010001110111000000000000000000000000000000000000000000000010011110101000101101010011010110
101011001001011110000000000000000000000000000000000000000000000010011110101000101101010011010110
111111100101011101000000000000000000000000000000000000000000000010011110101000101101010011010110
011010100111000010000000000000000000000000000000000000000000000010011110101000101101010011010110
001110100110101100000000000000000000000000000000000000000000000010011110101000101101010011010110
111111100101000111000000000000000000000000000000000000000000000010011110101000101101010011010110
010000110101010010000000000000000000000000000000000000000000000010011110101000101101010011010110
110010000010011010000000000000000000000000000000000000000000000010011110101000101101010011010110
101101111101100011000000000000000000000000000000000000000000000010011110101000101101010011010110
111000010010100110000000000000000000000000000000000000000000000010011110101000101101010011010110
011101010100101000000000000000000000000000000000000000000000000010011110101000101101010011010110
011111001001100111000000000000000000000000000000000000000000000010011110101000101101010011010110
001011110001111000100000000000000000000000000000000000000000000010011110101000101101010011010110
111111101110111100000000000000000000000000000000000000000000000010011110101000101101010011010110
010000110010110010000000000000000000000000000000000000000000000010011110101000101101010011010110
001001010110000100000000000000000000000000000000000000000000000010011110101000101101010011010110
100101110101111001000000000000000000000000000000000000000000000010011110101000101101010011010110
011010010110001110000000000000000000000000000000000000000000000010011110101000101101010011010110
011111101101011000000000000000000000000000000000000000000000000010011110101000101101010011010110
110110000000000011000000000000000000000000000000000000000000000010011110101000101101010011010110
011111010111001110000000000000000000000000000000000000000000000010011110101000101101010011010110
101101101011000111000000000000000000000000000000000000000000000010011110101000101101010011010110
110001110000111010000000000000000000000000000000000000000000000010011110101000101101010011010110
011010001111001011000000000000000000000000000000000000000000000010011110101000101101010011010110
011111010101010100000000000000000000000000000000000000000000000010011110101000101101010011010110
111110110101001111000000000000000000000000000000000000000000000010011110101000101101010011010110
001111111100000001000000000000000000000000000000000000000000000010011110101000101101010011010110
010100101101110111000000000000000000000000000000000000000000000010011110101000101101010011010110
100011110001100100000000000000000000000000000000000000000000000010011110101000101101010011010110
101101000011110111000000000000000000000000000000000000000000000010011110101000101101010011010110
111111111010110000100000000000000000000000000000000000000000000010011110101000101101010011010110
111001001000111101000000000000000000000000000000000000000000000010011110101000101101010011010110
110000101010100111000000000000000000000000000000000000000000000010011110101000101101010011010110
000011000000101101000000000000000000000000000000000000000000000010011110101000101101010011010110
101110101001110010000000000000000000000000000000000000000000000010011110101000101101010011010110
000111001100000000000000000000000000000000000000000000000000000010011110101000101101010011010110
001110000101011010000000000000000000000000000000000000000000000010011110101000101101010011010110
000010010110100111000000000000000000000000000000000000000000000010011110101000101101010011010110
110000111101101100000000000000000000000000000000000000000000000010011110101000101101010011010110
100010010001111100000000000000000000000000000000000000000000000010011110101000101101010011010110
011110101010000100100000000000000000000000000000000000000000000010011110101000101101010011010110
100101110011101101000000000000000000000000000000000000000000000010011110101000101101010011010110
111100110100011011000000000000000000000000000000000000000000000010011110101000101101010011010110
110011100011011010000000000000000000000000000000000000000000000010011110101000101101010011010110
001111011011000000000000000000000000000000000000000000000000000010011110101000101101010011010110
111101000001010110000000000000000000000000000000000000000000000010011110101000101101010011010110
001100100101110010000000000000000000000000000000000000000000000010011110101000101101010011010110
000010111101110110000000000000000000000000000000000000000000000010011110101000101101010011010110
111111011001001010000000000000000000000000000000000000000000000010011110101000101101010011010110
000110111101100000000000000000000000000000000000000000000000000010011110101000101101010011010110
101101001000111111000000000000000000000000000000000000000000000010011110101000101101010011010110
111111010111100011000000000000000000000000000000000000000000000010011110101000101101010011010110
011010000011011111000000000000000000000000000000000000000000000010011110101000101101010011010110
011011111110101100000000000000000000000000000000000000000000000010011110101000101101010011010110
111111001010010110000000000000000000000000000000000000000000000010011110101000101101010011010110
011011111010101111000000000000000000000000000000000000000000000010011110101000101101010011010110
111011110100000010000000000000000000000000000000000000000000000010011110101000101101010011010110
111000100111001001000000000000000000000000000000000000000000000010011110101000101101010011010110
011110010001000100100000000000000000000000000000000000000000000010011110101000101101010011010110
011111010111101000100000000000000000000000000000000000000000000010011110101000101101010011010110
