011100001011011100000110010001100000011010100100110010000010000101110001010010010101101011101110
100001001100011111011100000011001110001111011100001000011001110011001100111010001110010101110110
000111000101101010110101110001100010001110011000011101011111001111101010000001100010100011010001
011101110001101001010111001010010111110010001110010110110011101100100001111011001111001001110100
100000010100011010111100001001011101100100100100111101101011101011010111101101011000010011010000
110011111011111111001010110010000101100011100101001011110111011010001011011101000000011101111001
000000010001000101010111010110011111001001100000010111001101111100000001100100000011101100011101
111110011101010100000010111001110010001010011011110011001111010100000000110011111100001000111111
110011111000111110110000110010110011001101111001111111011101100100010111000111100111011101100101
011100101100110000001000010000100110101110001111011110010101011110011100101100110011001001010011
100101000110101101101100100000111100010101001001110010011001000000101001011101001100110000010010
101100011011011011010001100000100010000110000100100001111110110110010011000011000001100100110000
001011101100110110000000010000001101111110101010000001111001010111100110010010000101010101000110
100000111001101000001100000100110111111001001001000111001101000011100010101001101101101100000100
010111101000000011100010100001001111111101111011100110101111101100011010000000000100001100110000
000101011111000110010100101011001001010111110101000011111010001011101100001110100111100100101110
110011011011110000011110001001010101011011100101011000110011010110111101110010100010010101011111
111000011100001110100101111000101100001000011011110000100110110110011011111101110001001011000110
101110001000011100110110100100011100101111100010010101000000011011001101111110011110100110010001
101011000000101100101101001001110111000100011101111110101010100001100010011111000110110010101101
000110111100010010000000000010000001110110100110100101001011111110000100111000010011000010000111
010101010011111100111011110000001001001111010101010001011001100011101100000000111110111001001100
100100101100101011100001110111110010110111011001000110000100110110001110011110010111001010111110
111101011001100111101010111101010011100101010101010111000101101111010100111011111100111010111010
101010100110001001010101100101001110001010101100010000111000111001011110010001110011001001111100
101001100101010010100100010100000101100101110101100111110000011010011011001100000011101001010001
000111011110000000011011001100010111000011010011011100000110111100110001001111000111000110111110
010000001110000110011000100001110100111001001001010010111101000100101010101000110101110110010101
111000111110100100000110000001110100010100001010000011100111001111000111000111101010101001001100
100011010010010011011101001101011101000010010100110100010101110010001110001001111001001110101100
110100101110011010110010000111010011100111010011000011000011011011001111010110010111000011111011
110100101001110010110011010100000111111100101100110110001101000011110110111101100101010100101000
110001110010111111000111111111101100100100110111111000111000110100010110011101110101110000001001
111111011111100000001010001011110010110011101111110001000000111110101101110011010000000001101000
010111001011110000001110110100110000110010110010110001000110011111101001010110100110111011100011
010010111111011100000101001010011001101101001000101000010011001110000011000100000101111100101100
001001001100100111010110100100111101101001010110000101110011001000101001101110001011010111001011
111101111110000000111101010111110001001100100011110111000110100111001101101001111110000010110010
001010111011100011011000111111000000000000010001110111100100110011110001010001101111101001010100
011011011100011100100111110001011110110101001010110101010100011111101010100111011110010110100101
010000001101001110000111011110111010010010011000101100110110010001101001011010001111011101001001
110100011110101111010100010001011010000010110001100000101000000001110111111011101110101100000110
100001000110000110010100101010100011001011011101010100000110011000111001111001001101011101111111
101000101101011000110001110011010100111010100111010111100011010001111000110101000010101101110011
110011101011001111001010111110110111101010101011010000001100011011101110001000111001001110101001
011100001100110011101001010111000110010011111001001001000010111101111101111000011101000010011111
010110110000001100000100111101101011001000110111010110010100010110010011101011000011101100101101
110101101011010100011000001100001011000100110111001101110010100101010000100110101010011011011110
111100110100100111000110100010110111110101010010011010001001110011111111100000010100101001000110
010101000101001100100100000111101001010000100101101001111111110000001100000001000011010000000111
101010101011111000010001110111110001101000000100001011101000100110011101000110000000010000100011
101100111101011000100001100110111101000011101101000000001010000100101111010111000100100101011101
101000110010011101110011100011111101111000011101001001101111010010101101110000100101100101100011
101000100010101010000110001111100111101011101010010010100111010101001101101110101101110100111110
011111111001001100111011011111100110101000111100010000101100010011110111010000001110000100110000
001011110111100101011110111001000100111010000011100010011010010111000100100101101110111001110110
101010110111110100010010001011010111101001111011000100111111111110100011111010011100110000111100
000100011111110100011100001000101010010100000001010110110101110101110001011011000000011001101110
111000111110001100110110111001001011110011000111110001011101011000001000010000010111011001001101
111111110000100110000100110000000111101111011010111101010010111000111010101000000101110010101000
010110001010110111010000011101111001111101010011010101011010001011011100101011100001111010111100
010111101011100011011010101100011001010001101101001001101101110001011111000100001110100000100001
110100111110011010101110011000001101001011010101001110101001001001110110110110111010010110000010
000001011110101001101010111100110100000100100110011100101011110011110110000111100010101100001011
111000101000011101010101011001000101001001110111010101100100100110111111000010100001001010001011
110010001011101000000010010110100001010111011010011011010000110111101001110101001100011111011100
000100010001001110111011101110011110111111100000010000010010100011001110010100011111110111001100
100100001111110010100110011001000011110110001001101001001111100101010100111000100100101101011111
101010001010111111100010000100101110000100100111111100111111000110101110110111000111100111101011
011110000001111111100101001001000010110101001000010111010101011100110000010010111101110101111100
110111000110010001111000100100001100011100100010110101100110000000011110110000001101011111001110
111100111010011011000011111001100101011011000011000001101101000100011101011100000011001011010001
100110000101110101100011110101100000101001010000001110000111111100000110101100101000001111011010
011010000111001001111001000011000000100101000001110001101010010110101101110001110001011111011010
010101000010010001111011011001011101011101011110000000110101101110111110001000100011001001111000
110100100111111101000010001000100011000100101111001011001111001111111101100001110101011000001111
111110100001111000010100101010010011011011111010110110110001011000111001001010011111010110000101
011011000010010101100011110000111101000110000101110011101000110000101011111000011001010100110111
001010001111110101110011011100001111011000100111011001000111010110100101100101001110100010110110
110100100010000101010001101001111010010001011110001000011001101011001011101111111010001010101110
101000101011011011001110011000001011100110000100010111010110011001101100100010000110101110111010
100110001100001110110111011111111011000110010110110111111100101100011001111111100011011101101101
010001110011000100101010010001010100011000000000111011111011001100101000001111111001101101011101
001111101101101010000110111001011100011001111111101101011101101000100010010111101010101000101100
000011100110001100001011111101000101110001011011101111000101110001100101110000111111111111001111
001110110111010100011100001101001101101100010011010100011100010100101100100111001100101011100111
100010011000010011010010110010101000001101101000111010001100101001001001110110111111001011001010
111001111011100010110001000101100001111111111001100111100100111101101100011011100001111100101111
001101001000110100111010000101001001010001100111111100101010101110111111001111110101101010000101
110101001101101001100000001111000111001110010001110100110011011000100101111010100101010011111000
100100111100111001100110111011011111001101000101101100100110100001100111111101000101101011101111
011011000110011110010110001001110111000110101111001011110100100101001100001111100011110011111110
000101000010111101000111000000010101111001101010110011111100111100100010111111011111010011101001
000100100100111111110110100011000101100110000001001001011100110111011101010010001111110010111000
110101001111010111011111100100010000111010000101001101010001010010011000000011101101101110100011
100001001001010000011011111111111001100100001111101110100010010101101010100110101001101100010001
010110100000100001010111001100110101000011100010110110001111000011001100011011111100000111111001
111010110110110010111110110001100001111100111011010100000011001111100111011110111101011110111110
001000100111101111110110010000011100111011000110110111100001110011010001010010101110000110100010
010011110011000011000111000010100000010110010101101110000000101010111100000111000111101101101000
100111011100110110101110011001100010010001101000100010110110011001101001100001000110110100101011
101110111001110100011110000100101000001010100001010010110110000101001001011100100001111011010001
000011001011000110001100011110010000110010001101010010111001011111111001111000101011110111110101
011010010000110011001010000000101110101110000100001101101110011101111010010010000011100010100011
100010110011101100100111111001000001101001110000100111010100110001000101011100011010100110000001
011111001000110001010101101011010111101000011110010010001000010100101011100000111110001011001010
111101110010001010110111011101111000011110001101110000111010010011010111010101111100011101111110
111010000010101010000101100011001011111100111011011101100100001100110000010000000101001101101010
001011001110100110000001000011100010110011010111000100101001000101111101101010010110110100010111
101100101000011011110010010011110110010110000011011111110101110111101110010101001000001001100011
011010000011111000011001010001110010110011011011010101011000101110010101000010000101010101001001
011110011010111101100111100010011001000001101011000111110001011001000010110110110101010000100000
000000101010100111011010011011010010100111110100000110110110010010100100100011001100111001011101
100010111010100110101111011100111010011001100111011111101011000101001110000110011001111100100011
110000111000010101000110111101110010011100011000000100010110101000001011011010100011000101011000
010101100001000010010000000001000100100111111010100000110000011000111111100001111000011110010111
101011011001100101100111100110010100100010110110010101100100010000001101001100010011000111010100
011101101010101100011111001010101101110000110111001111111000001010001010000001011100111010101110
010111110001000110000011000100101010100011010101001011001110111101110100001100101011100111011001
000010000100110110001001111000001011100010000110011000100101011110001001010111100101000101000111
111100010010000010000000111110111111000110101000111010011011010110010111100101110110010101011011
100100000000101011101011110101111100101001001010101111000101011111111111000000111110000010010110
111001101010100001101110111111100110001000001000000010111111111001101101010010011100011101100011
101101100011101101111000010101001110011000010111100111111010011101101110101101101111010101011010
101111010110101111101111111010000100010101010100100001011010101100000011001010100011001101100111
101010110101001011111001101100010000110111010101011010010110011110110010001010000111110100110100
001001100001101100100100110001100010111001111100101001011000011101010010001001000110000010100011
010010011100000010111101010110101101100111010100110001100000100111001000001011010000111000000011
010000000111001010011100111100011011111001100100110110100000010111111010111010010110110101011010
001101001110011111011010011100011000010111101100000011011011001100011100111101101000011100100100
101111000000100100010001100011000100110100011110100010010101000000111011110000101010111101010001
111011001000101000011111110011111001001101110111011111001011101110111001111101010011111110001011
100001100000010010101010111010000100110010100110011110010100000111110111000010100010101001001110
101010000010000011001001000010110010101010000100010010100110010100011010001110001001000001101001
101000000101000000011101110100000100010111100000011100101011100010000111101110001011101011010001
100010101110100110001100111110001001010001001111011000011011010101101010000100010110011111111101
110001000110110111001100101011011000011111111101100111011101101100001100011100101001100110100001
011010110011100000001011101110011001001001010000110011010101010100111100101011010011011100001111
001001110010100010000010111100101010001100010110101100011011110101100000001111100111010100111101
001010100010100100111100001001000011011111000010011001111100001001111000111110001010011110001011
011100011010101111100010011100101000011000110111001000101100000110000110001110000000011100001101
101011111011101111010010010111100111100001110101000000110000010010110010000010111100111011000101
010001111011100111011110011101111010110100100000001110111101000000111011010011111111111011011001
100000011110000011000111011011001101111101100000011100001101100011010100101001001010101010101010
101111110101010101001000110000101001010110001101110111001110001010011110001110010100000001001001
111101101011000010111000001110001000101101110110110111010110110011111001000001110100111011010111
001011101100011111011101001111011100111100010111111110000010010000000001100101000010101011111010
000100101100110000110011000110011010010000100000011001101111110010010010111010111001100101101011
110111110011110011100000101001000000001001000001000000010110110000010111100101100000001100110110
100001100001110101111110011011000001001001100111000001011111011110000000101110000010101111101011
010011110011101000001111010111101011110100011011101111111010011100001110110000111011000101111011
110110101101001001011001110101101101000011111110011010110100000001011110101100011101111010001010
001111000011011010100111011100010000101110010100100100111000100001000100011000101100001000000000
001010100101110001111100110110010010110011000001000010011100110010011001011001000110001110100010
111101000100101001011001001110100010110001000010001010001111110001000111100100000011111110001110
000110111010011010001001010101100111111001100000010101000000101100011011101101001101010010010111
100010000000100000111101110000100111001101000000111000000101001110010011101001001000101100011010
101111011011101000011000001111010011101010111111111011110101100010000010000011100101010110101100
000000001011010000110010101100101011001011011110111011111100111111111000111100100110001111010110
001110010001011100011010001000110110111100010011101011000101001111011110111111011100101111011101
000100001011001100010001011110001011110111111000001001011101111100111100001000100011010001101110
000100000010100111010111111110001100110001000010010100111000011101110011000110001001011111101000
011111101001011000010111000000100110011001101110111011000001110011000000001110111011100111101101
011111100100010001100111001011101101011010100000000011110001101110100010001000111011010001000000
111011111100100010100100000010010111010001110010110000101100011011111111001011011000101111011010
110001000011011111011011011110001111010100110001110110110100101100000011101101010000010100100100
010000011010011100010100001011110001110100111101101011001000110001010111111001011001101011110000
100100010000100100100000010101011000101001101001110000010100001000110001011010001011010111110000
101000010001101100101001101000111010011100001110011100101001110101111011010100101010110110110001
001110100101001100001111101001001010010010011110000001000110001001000110101001110010110000000110
100010001000001100110001010010101111010110101010010000010101100101010010000100000000100000101010
011111010110001011010111000011101111110111100001111001000011010101111110110000101101011011001100
100110001101000000110100111000101111011100101011100100111100001111010011101110010000111011110100
000001110100100101111001000100000111101101110001110111100000000010100101001010001001011111110010
000011001011110001111010101110000110010001010101000010010000100111001010111111100100111011010111
000000000010110100000100111101000000100101110011011101010110001110111100111010101111001111011010
100100111110011111011010110110100000011111011101110100010000101100000011101001000100100011010010
100000000001011101000001110001111111010000011000011000000101001001011100001010011010001011011010
110010101110011110110000100111111101001111110111110100000111111001101111110110111010001110110110
010110100010100100110010100000001000110001100111011110010111010111111111101000000111110001111111
101100100001010010100110010111100010001011001010111100111011111000010110110001110000001010010001
100111000011000011001000000011101110100100111010101101010100111001101101100011001011010101010000
101010101010000001111010101010101001001100100001001010001001000100001010000111110110111100100011
011001110100100001011010101100111001000010110000101000001001001000001011001011101001110100000011
111001011010100111000000010101111010011000010110001100100010000111000100000111001110000001110011
111010010011001100101010011001111101000100100001010010000111010010011100011110001000100111001110
000100100011100001111111101000011010101101110111100101001111010111110111010010000001100111111110
100110110110000010110100110011001010110110101100000111010011000010000010010100000000011110110111
110011010011101001011000001110101100101001001010011010001100111011111001110100110101111110010100
100011111101111001110001100111100001011001000010100110000011010111110011010110101110111010011100
110110010011110110100000110101101101001100100000111010001011010010011111101101100011011011100010
001011100001111110101011001111010101101111110100000111111101011111000111010000001011100101111101
000001011110011110111001001000010010010011101110010000100111000101110010100101111101100101101101
011011000100001111110110001001010100101110101110001110010011100001111101100111110100101001110010
111011110101111000011000011110000010010101001011001000010001000100001000000101011100111010111100
010000011110110101100101101110011111111111010010110010110110100111011110001000101001100111000111
111000011001101110010100011001010010101010011001011011111000110001000001011011011101010111100010
010010010010111110101110010111110010100110001111011011100001000111111110101011110011001001001000
001100100010011001000000111100100001011001001110000010100000000010111010101110010111111010100010
010010000001001111101100101010101001000010001111011111100101001011110100000001010101100110000001
111101101101101100011101011100111111110111101100110001010010010001100000010100101000011110000111
000110101110001011000100000100101110110010011000100111101100001101001110100111001101001011000010
111110100101110000011110110000110010100010100111001001011011101101100000001000100100111011111100
001110110000101000010100100111000000000011110011111011100101110100000100110011100110100110111001
110010001000100010101000011101011001100110011100001001011000010011001011100001000111010000000110
001101101111101110111000110110100100100100111111111000001011010001001111111101101000111011111110
110110110101000101100111110000100010110100011010111110000101111011001111101000001000011001111011
101001110110110100010110000011101101100111111111100000100001100011110001001111000101110001101011
000000111110001100010001101110100110011010001011011101111001010000000110001101010000101011101101
000001010100100100001000100011101011110011101010100000000100001111000111011101001011100111011011
101100001011110000101100000100001001010011010110011101100011010000001111000100000000110111010101
110000011100000000101011011110000001011111000101010101101011000001100001110001111010011011100010
100000111101011101100100110110011000110011111110110101101101111011110110100010010011101011100001
011011001111111011111100111001000000101000101111011100010111011001111110110101011111101101001000
010000110010111011011100100101001111011010001111110010101100000000011011100110110110111001010001
010001100010100100101000011011001100100010001101011101110111101011011011111010110110110101011101
001100110000110000000001001000010010100000000100100011111111111101000111001110100111101100000011
110010001110101101100011111001001111110100111100000111100010101001000111111000110011101000100000
101001011010100111000101000111101111010001001110110101110001111011000100110111110111110110011100
100110010011111010000001101011111010000101100011011010001110110110001011001011010110010000100101
110001010101001101110101010101111001100000000000101000011111001011001000000011100110011100100011
101000100111100100110011001000010101010010110001101000111011101100011110111111100101011110110011
101010111101111110101001110000111011011101011000011011001001100001111111101110001001101000111101
000100011000001011011010111010101001011110011010101011101011110101001100101000001111011111001011
010001110010000111100001000001110001110100100000001000000110100110111110110000001011001010011101
010100010100000111000010001010110101000000010010001011111111101110000110110110101010001110001110
101100110111101110110100101101111101110000100111100101000101011100001101001110000100100111010111
001011001100101101100100000111101100101110101111111110000011010111001100001001010100010110100010
101000010100000110000110110001000110000011000011110000100101111000101000100001101111101001010101
101111111010111010110011001010111101100000000110011110110000110001001001100110001000100001111010
101001000100011100101001100011110101101100011100011000000101110101100001000011100000110010111000
111000011101010010101111011011000100011010011010101010001000110100000101000010101111010100000101
110101101100101011100111011110010100111000001111011010001010001000000101110110011000011100101101
010100100110011111011000001011000000011101001010111101001001010001011100100001101001010101001001
111101100111100011101111001010000000011100001110001011010100100110100010011111111011000100111100
101101001101101111000011111110101111000011010000000000011000011011110111111000110110111110011000
101000010001000100110111110001101010110101010101001010001001101011101111001011010010001100101000
000000110111011100010011100000001000000011100010011111101000001000001101011100111000110001101001
110000011111111110101000101100010110001000101011110010111000111110010001001101001101100101101001
110001001110110011011110001011100011010111001000110111110011100100001010011001010110101101110110
110010111100001010001000000111110010010011001000011101001100110010111001010101101010111000101000
000011000111101010011111111100111010010110001111000101101111000111111101110101011001001110000101
000110110111100100111001111010101110110101010111110100100000010100011101100001001101100010010000
111111001010001001010111001001111001110001101110011000011111000000110010100010100011101111111100
101000111011000110100000001101000111001100110001011000101010011111110000011111101000010100000110
010001100110000010110110000110011100100010000000110111011111011000011110000010111010110011010010
100110111000100100011010100100010111001000100100100000000001011000100011100101101100100100111000
111000101001111111000111111011000010110100110010110100000100001000111110110101000011101011001100
001000100101100110110100100101110001011110111010111101001100010110001000000001101100001101001001
000110100100111110010110001101000001010010010000100011011000110011001000111111000101010011100100
001101000110110000000001110110011110000111101010101110000101011111111110101001000111101111111111
110011100000011000111111110011010100001100010010101110101101110111110010000001001000000001000111
001001110000100000000000100001111000111101011011011011111111101010110001001100011111000001101101
110101010101010011011111101100101100001101100100010110010010100101010011010101001000000011100101
010000011010000000101101001101000100100010001000000100000110010100100010101100101111010111011111
011010110111111001010011111100101101101111110011101110100100011000010110111110011101111000110010
011001100000001000111000101000100001011010100011110111001110000100100101000001000100011011000101
011010111001001111000001100110101001000010110100110110010001100011101000101000001111000010010110
000000111101001110010001100000001101001011111101011000101011101001101011100000110011011001000011
011110010000011100101100000100001111111010101001000001010010010011110001110100110101100000100101
010010001101010100111000001000010110110011110010111110011001100010110010000001111010100101000110
001001110111101000101110100000011000010110010111011100000111111000111100110000001011000011100110
000110000100000011010011000111111000111100111010100111110011101101001010000101100001010110100011
001101001101100100001010111000010001010011110100101111110010110010001101101001011001011100011110
100001011001010001001001011101111101000100110100001001111001010100111011101010001110001000001000
011010011001111100010100110000000111101011111100010101010100111110000101001011110110100110110101
011100101100111010011111110111110010011000000100011101101111101110001011100011100110100001101011
001001011100001100011101100001111000001101000001101111100001101011100011110100110101011000111000
000100011100101110111110001011001011010000000111111101101100001000110010000100110000000101101110
110111000011010001110011101010100101010110011100110010111110000001111101110101101000011101101101
101001110011001111000111100111000010100011011101100010101110111111010011011100111010101010010110
101101010011001001010001100001011100101000101110011110010010110000010011000001110010101101111101
101101011010010001101010111010011101011001001101010110111000111010110011000111001110110010011100
101101011010001101101010001100001001001000100111011001100000011010001110110111111100111110000110
100100000001001010010101011000100100101001011110110011010110000010101000110110101011111011100000
111111001011001111100111110111101101010000000111011011011011100111010101111010110101000011011010
100110101010110111111110011110110011001110011110001011011110100010001110101001000111000000000110
101110010101000100100110101111100101110000110001011000011110110110111001011101010111111010111101
110011010100001111010001111011111001100100111001110001101001111000001110111110001100100000111011
110100101010100011011111101000111001100100111101011011010001010001111110101110110001001010011011
000000001011011000000101110101011100011010010100100000111110111000000110101100000111010100100111
001111001101001111001001110110110110111011111111000000001001101000101001001101011010011110000001
100000010100011000010100010101101101100010110110011110001110011111010100000011101011100001000110
011101001100110010110010001010011001001000100000110101111011100100001000010100100010111101001110
001001010100100000010101100110110110100101000111000000001000010111001011000100101100011111100111
001001100111010101001001000010110000001011010110010000111010110111111000001000100100000101111010
111110101000011000101100111111101100111010011110110101010110100110011110111110110011011110010000
110100101110000000100111001111001001100001010110000010001000011000001001101101110000111010011110
001001011100000101110111111110101001001100010101110000001000111100001100001010011101011001010100
001001110000011001010011000000010011010010010111100110000000010100000101000000000110111011101111
100111101111011010100110000111100010101111001101100010010100011010001101110000101011101001111111
101110110111101111001000110110100111100101010110001101111100000100001100111010001000010110001010
001110100010001000001100111001011001100101011111110111100111111010001010110101010000001101000010
001011100001010110111010001001101010011001111000010100000010000101111011101101001111100110100101
000110110100011110011001110111001100101100101111010001000001011100001110001110101110111100010110
000111111010101100101101110100010101001110010101001110010000111001100001101001011011011110011010
111100010010011101100111000110110011001000011001001011110110110011010000001110001101001100100011
001001101011011111000011010110101001100001000110111110100101011010101100100110010011110100010100
100101111110100001000101100110101000001010010011110100000101000001110010000011111010100101101110
110010100010000011111000010110100000001110001100000000101010011111010001000111000101011001100101
110001010000000101110001100011100000011010111100110011100110010111111101101010101111001000100100
001011000110011101101100010000110000111111100110011101111100011100101001110110110000111010000101
000111101101010001001110111001111100110110000010110100011101011101110011011110011010110001000111
110001101110010110000001001000000100000110110101000010000000110000100011011101010111100001000001
011100101001110010000000101100011000011001100010011011110001110010011111011000110001010000001001
100010010010100011000000100001101001110100010100000101011110010011101100001000010011011001100000
101011001010000000000101101110111001111110110010010000111010110111010110010101100000110010111010
110100011110111010100100011110011111101110110010011101100000011110101100111100010100101111010111
110100110000001011010011011011001101101110001010111000101110010111101100101011100100111110111100
000011011010111101111111101010000000011001101001111101011000000001100011100001010101011001000111
010111111001100011100010010010010110100101110000010010101111110000000011100100011111101011100010
101000111011001101000011011100111101101010101110101010011110100011110110100000111110001101101101
111000111001011100000001001111011001010101000010101000111010011011010100000111110100111110111010
000101000011000001011001110111010001010010000011101001010111001101100010100010011100111010001011
101011100011100010010110010011000111001000011111101111101111110011000001111101001010001101110011
001000101110101001011011001110010110000110001001110101001001110111110010001001111010110001110001
001101110001000001000010110111111011000100101011010000101011100111011111001001000111001111011010
010111101000011101001000111000111000111101100011111100100010011011101111100010011011010111100101
111010001100111101100010111001110001000101110111101011101111101011100011000111111110110010000001
010000111001111110110101000100010100010010111010001101100011100101000110011111001001111101011010
010100110111000001011111001110010000100110111011000101011011001000010110001100110101011011001110
010101010110001110101111110100000001110011010010100010010111100011000000101110000111111110111100
100010001110110001110001100001001111011010101000010010100010011100000110111001101101111010101001
010100010111110011110111111111000000100001101100011110100111010010100000100001101000100111010110
100101111000011001010010111011111011110100000110110111010000010110110111010000010101111001100110
001110100110001000001010000111001101000001011101111010000111001110101010001111000111011100110001
111000011011100110011010011000000011000101110111000100000111101010010000001001010010000010011011
010011111100011001000100101100111010111101100110000111100001111010010001010100110100010110111101
111111001001100011001010101000001100100111100000101110101001000010101010111010100101100000101100
110011011001011101111101100111000000001010111010010011010010111100101111101100000101100101000001
001100001001100100111111100110101100000110111010100110011010101111000011110010000011110111100110
100111000100101100011111100101110101100000110110010100100001001001111010111000011000110110100111
100100010101010011010101111001001111010100110101100111011011011110011001110100010010011100011101
010110011101110011111110101001110010010011010101100101010110111000101011101110110000101101000100
011000100001010011110000110000001100111010100110001100111001111111011000111010011111011111001011
001001010101000000110011001100010011011010111010001111100000010010000010001001001001001111010011
111111100000000101001001101110011100011110101101001010110000001010000111111101001010000011111011
010101101011000111110100111001110010010110110010001100000010110110011110110111000110000001111100
010000011010011001111000001110100111110011011011100101100101001011011000001011110001110110111110
011000011010100001101000011111001101101001111010011000010011100001101110001011011101001110100010
000111001111011100110100101001101110001000110110110101000110000011011111111111010000110001011101
111100100100110100101001101100000100110001000101011101101001000000000110001101101011000011010001
011111000010001101000110010001000101000110101101010100000000011100100100101110010011110100110011
000101100001001011100011001100110110101010010001011000011110100111011001111010111011111001011111
110111001101001101011011001010101100011101001111101010001110010101001010000111100111011110000110
010111110101010001100000110101010011011010111001101101100101100110100111000100010111010110010001
010010011010110100100100011011011111100011111110100010000110111000011100111110010011011011011010
101111001100110111000111000000111001110001001011000000111000101011110111011010100000101110101101
110011001101101100100011111100100001010000000110011100000001110001010001110100001101100010111001
100100010001101001111110100000100111011010000010100010010010010000111000110111011011101010110101
110011100010000000010101000001000100000100000110001010110010010110100111010010011111101101100011
010111001011011001100001111000010101001011100100110000000111000001000101001010000001101010000110
001110010001010011011111001001010111111100000011000011001111001010000010000101100101001001111111
001110001100001100110000101100011111111111010000001100010110000111011011011000001111101111101101
100000101110100110000101110000010000001110000001111010010010110000000001111111001010100111010110
100101100110101110010011100011111111110010100101000100010111001000011001001001011111100101101111
000111000010110101011010111111100111111110000001111001110100011101001100011100110101011100110101
011011111000011100001111011101100110110111010110100011010011101101100010100111000100011011001000
111111001011110110000001111111011111000100001010011111110001001100011011101010100001011000011010
001011111010111110010000101100010111101010000000010000101001010100000010011111011011010110100110
101011011001010000100011101100010100100111110111110101010100001010111000110101000010101000111100
001011011010011011001000110011101110111100001110001100110001011011011001100000011000000000010000
101001010000110010101001001000110101110111101100001101111001110011101001101101010011111000100100
000000010101110111010000111011011010100111010001111100010100001110000010101001100110010011001101
011011100000111011110111111111001000011010010000010011100101011110000100110111001101110001111101
001111001011010000101110010000111100010010000001101001011011110001011111000101110000111011001101
011011111001101110100100000111011000001101001000101010010000111111000100110111010000011110000000
101010000001111011111011101011100110000100001011001110101101101011001000010111111010111001111110
011011101101110001010111011101001010001100000001010101001010100010100100000001011000110001010100
111101001010010001001101111011000101100010111010110111000000011111111001101010111110111000010110
110010011001101001011000010010011001110100010001110000011101010011100000001011101011001101111111
101111100100011001011110010000110100100111010001110110111110101111001011010101100011011111110010
100100010000100101001011001110100000001101100101000010000001001101111110010110101101011000110011
111001110110100110101110101100000101000001011011000001010100011011000000011000011000000000101100
101110110000000101001011111011011010001101001100110101111111011011011111101101011111101000011000
100100100110110011101100011110100100011110100101000100000001010100011000001100101010001111000010
101010110001000111010111001001111000100111111000101111100011001001111100001110101000011010111000
001000111101110110111001111101110101100100011111011000111110101010000010100101001011101111010000
100001100111101001101000100000111000010100011111110111011101100011100111000111111101111110110001
111111110110100111001110110011010101100010101011001010011101111110001110010010010000110110000001
001000000100010110111111101001100000010010110111110111010110000011110000101001011001101101001111
111000001100100001001000011101111110000000100011101011011000101001001101101011001110111101111010
011101011010000110101110010000001100000100111101001101101000101010101101010101101011100011000101
111110001001011111110000000011110110011010001000100110101111100101010000100001111001000101110011
111000000001011111100100001011101110100101011000110101010110010011100101011110011110010000100111
000110000001111010100100001100100001111111111001011101110110010101011101101111110010000011010001
000000111110100010010010110111000111000101011001010111001010011000000011101111000110101101111110
000010010011000011001001001010001101110110010001101011111111000101110010101110110110110010000001
111110001110011111101001111101000100100011000010000011010110110100011111101000100101101000100100
000011000101110111101001000011100001000101000110000110111100101110000100110011011101010010110111
100100101001011101011011001011100110100011001010001101110010010110011111011101100011100011111001
011000001111110010110010101001011101101110011110110111000100101010000101010101110000010111011100
011100010110110100110000100000110000001011101001000110000110110010011110100011000001111111011110
100010100111000010111110011001100101111110010010001110100000100111001001010011101110111100010000
011011000001000001001101000100100001000100101000101001011111011110110000011101010010100010100111
111100000110100010011000111001110010110001011001101000110011011110101011000010010110001110111010
100111111110000001100010010011110001110110111110011011111001010010100100011000110001101011001011
110111001101011110101111010001000110110100110010101000111011101101100011000000001110101111111010
000110101110100101100110010010111111101011100100011101001111000111100110110001000100110011010000
000010111101000101011001110011010011100111000100011001110011010111100001000011000010110101110101
111111000100111011110101011101101011110011001100001100000110010110001011011001111011000011100011
111100100110001101110101100110000100010110000100111011101110001110110010010011100100110000010010
100100100101101010100001111010111111010000001011100011010101000010111000111001111100000001000110
011100001101010100100000001111001011101011101010101001000011011101001110011011111010000010010001
000100101110100010000000011011010110110101100011110001111100100011011111010100000011001100100010
001011011001111101010101001110001100010110100000011111100101011010011100001111011101011111110110
100111110100010011000100110001011110010000001000000110010110111010100010101110001010101001101101
100101000000010110011110000110010101101101000001100111101111011110110011000101100011010110011111
010000111111111001100110011001111001100011001111111100101000000100010101011100011010000100110001
111010001001010011000000110011000001011101110001110111101100001111010011001110101010001101110000
001000111111100001010011110011010111001111110101110110101001100000101001101110101101011010100110
000010101110101101001001111100000000010010011101010001000000100111011100111000100001010001001100
111100100110010001011010101101010110110000000111011111110011001010100110101111110000100111100101
110100011011111011001100010110101100100101100011110001011001110011001001100111000111000010000110
011110000110001101100111101101111110110001111110100010011001111111110110100000001000110000101100
110010000100100110011010110100100000011010111101111110110001011111111000100111110111111010000110
100100110000001010001111111100100110111000011010000001110001100011000111110011111110011101010000
000010000001000011101100100001010000000000101011010000110110100100100011000101001001100101011110
001000000110100001001010010100110110101111111101001110000100010100001100011010100100111011100000
111101001000110010010011110100000000110110110001001111100110110101011100100000011100011101001001
111111100111001111000000110000011101000001111000110110010100011111011000000010100110101001100101
110110010100010011011111000011010110101100001111111010110011101000101101111011011010101110100100
100010000100001100010011001011001000110001000010110010011010101110110111100101001110110001100001
100010000100100100011100111110110000100101100011010101001110111000010100000100001000000011101010
100001101000101001010000100100100111100010101101000101010000000111101000111101101110110100100111
010101000111000000000111101101111011111010100110110100000011001100111101111111100111101011011011
101100110111010000100100111010001111010100100011100001100111100011110011000011000100011101111101
001001101100010110100001011100011100010001111011011011101110111110110000010000111010110111011010
111011001111100011001001100110110010111001110101000010100000011110100111011010101101101001111001
111101111011110100001001010111010100110110110011011110111100001001110011101011110101100000101011
010010001111011100101100010000101100100010111000011101110100011110111001101001010101100001010111
000111110100001001001111111111011011100001000010100101100101000010101111100100110000010111101110
000010010101110011100001011110111001010011001101001110011100001111111001110101100101110111101100
001010110010100000000000111100011101001001000010011111101001101100100110100010001111111110101010
001010111000010110110011111100110001111001110101101000000011101110110110110011111001011101011001
001011111110110111111001111100010011111100100000001000101000111001011011000010000111000000101011
111011100001101100100100010100100111111110001111010001010010011111110110010000110001010100100110
101000111011110111010111101011100001001010001000001100101101011100111100110101010101111101011100
101011100010100001001011110011100110101010000000101000111000101110010101001001010101011001010110
111010001101100010000100111111010010111101110001011111010110110011010111101110100010111110001010
111011101011110001110101010111011101000000100001111110001100001101001110000001101011111001011110
001011000110100111011110101101110010101010010001100101100111111100111010110100000001110111011111
000011011100100010110010110011010111000001011101011111101101010100101010011101000001001111111001
000011110110101010000110110110001011011001001010101001010000001001110011010011010101001001101000
100101010100011100100100011110100010000111000100010001010010010101000011010000011010011000100010
101001111010010100111000011101100010100101001111110110111011110000011101111101111010111110100110
011001101100110011110000001001111010011000010000000100101111110110010101100111111111111001111100
101110000100101101100000111110100110101010111010101011110001101110000010100001110010010010100001
100010100001111111111001111000111100001101000000101110011100000111101000101100001110101110111000
111001110101111100001011111000001001000001100101100100001001001010001000011110001010111111110000
001000000000100110110010111001101001110011010010010011001111110100011001101000101110011010110101
000110101101011111011111000110111111001000101001100001111110010100100011111011110010111010000110
001101111001101111000101101110001010001110110101001011011111111001110001100101110010011111011100
111100010110000101100010000011001000001111000100100000001110001101001000100011010111011010011011
100111101011010011011010111010110010011100011100111001010110111000001100010010101011001101101100
011110011001111000110100010101101110111111010100000111110110100111111100000111000010110010011100
110101001100101110111110100010011011101110001000010011110110101111010010011001111001101010000111
001101100111110011100111100101010101011110111101110001011011101011101101001011111011111001011111
101101110100111110010101100000011110001100011011101101111111011011000001010000110001111101011110
110101011011111101111011011011000001000100000110001011111000111110000000100011010000001001001010
100111101001111110000010111101010111011010101010001010010000010010110001010101011001100111101101
101000001111011000111110011011101100111110110000111111001001001111111100111101011011110011110000
000110110011100100001110001101001101000011000100110100001001011101000001110010011001110000000100
010100100100010110001110011111110000001010100100010110111001101101111100000111000011100000100011
010100110110011111000100011110001001100111010011110010010010010010001101100111101011011000101010
000111001010100100001001001100010100111101000010100011111100110000000110011010100110111011001011
011011110111001100000111010001010010111010000101111101110100110001001011110101111101010001101110
010001110001101101011101101111100101110001100100110111100111111010110110101101100001101101000100
110001100101110010110110101110001110110101111001100110010010110100111101000101000110010010001010
111110001000010111100001001111001100010000101001001000101001011000001000111001001000100100110101
110111111011111010000101111011111001001010011010001111101111111100101100000110100101111001000100
101100111010110101111000000110111011101000111001011001011101100111010111110101101000001010100101
011101001011101010000001111000110011001001110011111100011110110111101000000101100010111100111010
010000110001110100111010001011101010101011001111011000100011100101011100000110101110001011000010
111111101010100000001101000001011101100100110000001000000010101000011101001000110100100000110111
111011000110111111011000010001100110110110111100100000100100001000110010010001101101000000110011
101000001000011100111110110111001111100011010011101111111111011010100100111000101010010011001001
110110111110010100001110000010111100011101100010100001001011001111110101000010001100000111111101
101011011011101100000001001001011111100100000011011000110001101011101111010101111000011100110000
110010111010000010111101111011001110111110001110010110011100010011110000010011001011000010001101
101011010111100100000010001100000100010010011100011111101001001001011100101101010101000011000001
100101101111011101101110010010110110110011011010100010010011100101010111000001001010100100100011
001010011100000100010110001111111111101011110000110100100111011000010111111001011100001101001000
001111000101001100001001101101010001000010110010000110010010100101101000010000110100100011001011
110001111111000001110011000011001111111011011011110100010010001000111011001000110010000111100000
111010001111111010110001000101100011011010110111101001001000110101101111001101001011101011110000
101100001010100100010010110110011100001001011011010000110100101100110111111101101001101100001111
010110010011110000101111110010101100011001011100100100000111111100101001100110101111010111101101
110011101011101101011011011111111100000111110001000100110111001111110101011001001101100100101010
011101111001010110111010001000010001101110010111001100110001110000011011110010100011010100100110
101111011001011110101101001001011001000010010011011100101011010101110101011101110001000001000010
111111000101011000011010010000001000110010000010010101111010011100110101010000010011110011100010
010011001010101010010111001111001100110001100101100011001111111001111000111001101101111000001000
011010101110110000101000110111000111011000001000010000010001100111111111100001000010111100101111
110100000101001000000101011001001000000101101100000101000010101011010100010010111111111010110110
011010000011100101111011101110001011001011100111110001011010110110110000000101110000010101100011
111001100010111110101001101100011010111010110110111001010101010011011111001000011011010101010101
110001011011001100101000001100111001011011000001111001011011010011010100000110001100011100111011
000100000110010111110001110001101110111010110011100001110100111001001001110110110000011111101101
010011011111100101011100101110011111111000001111001011101011101000000000000101001111001011001000
100010011011000101110101111110010110010000101110001010100011101100011011111110101001110100101110
000000010001001011110101111111010110100100010010011001011100001011111000110011110000001000110101
111110100010101100000110101010011111001010011011001011001001111101110000000111001010111001111001
011100000011001000010000010010111000001111100011000010110011101001110101110010010110101111001000
110101110100011110000011000101000000011100011100010001000001100101000010111011101001001011011011
011001011001101100101100010001101000010010110110110101001110011110101000011001010111010001100100
000100110111101010011010110011101110000001010000010000110111011001110001101001010011001010001110
001000000101010101100101010011011000111110011001010110011110110100100001011111010111110100001011
010000000010001010011000111110000011111101100000110111111010111001011111001110000110110110011111
110101100000001000100001010010100111010100010111011010000110101110110010011001110001101010001100
000000110010110010110001000110100100011000101100001100001011001010111001001011100001111011100000
110101010001010111111100101111110101111011100101110100011111010100001110110011001000111101111001
110000010110110111000100010000111110000000011001000111000001010101010101000101100010100010011010
001000001001011111101000100001110110111001101101000001111101011100110100101100101111111001001111
000001001111000110010111100101001111010100011101111100000001110000010001000011011101101110000100
011111000100000001111010100111101101011011010011111000110001100000101011010001011000110111100000
001110011011000011011111101101101101101010011001000111110111101110000100101100110101011101000001
110100100101110001100011000111010101000001101001100110110101110101100000111010000100101111111011
100010011001010011011101111010111100101000001101001101010101111111111010101011100001111011110100
111010011010011101101010111011100010101110111011100110000111111001111101010011011000010010111010
010010001110101001010001100010110001001101000110100010100101101011101111001010010001010001110100
101101010100111001010010101101100111010011111111110000100111101010110000110010111000010011001001
000010111100010000100111011000011111110100010001000010000101100110100001010100111111000100111110
111100011100011101000000000110110101001101011101011001110011010010110101111011000000110110010110
110001001001101011111110000011000001001100001001000100011011111110000111100000111100100101100011
111110100010010000110000100011010100101100001001000010001111000010010101110100001010011111011100
101010010110011101101011100011110010111010111010000000000010101101100111000001101100100111110110
101111101011011111100001010011001000111001100100000100000110001111101111101101010011010001100000
100010000001010110101000101110110000101111001011110010110111010001100100011110111100101100101010
010001000101101110100010001111111110001100101101101111100001010011100000011010101111010010000110
111101101111011011010111000000011001110010011110001000111111010001000001010110100111000111011000
000000011010011011000001000110101110001010011001000101001001000101011000110111111000000000110101
001110000111110010011000001001011011001011100101010000101001010001010010101010001010010001101001
010001111111001011111100011000111001001000000011001001101010100010110100010110100101111110001001
101100001011110000010100011110010000011101101101001110111000100010010000101000100101011111011110
101100001100011001110110110000100011011110010011111100101111100000111111011110101010010000101000
011010000111111101010101111100110100100100010010000010000110111101110010100101010111100000110101
001101010111101110010110010001111111110001100101000101001101000110101000110110110010111010000111
100100011100111100111111001010110000111010001101011101010101011011110011101101001101100011111001
010101011011010010000011000100001010011010011000001011101010111001101000100100010110001010100011
010100100001101110011100010111110100011011011101001111011010011000011001111101000100101111000001
110101010011101110010110111011010001100111000101011100011011011100011001011000110000001010001011
100011001001000000001000100110000001000001000011010101100001000011100001010011111011010100011110
101111001011000101000011111110000010111000001000101000101100110000010110000000101101111011010110
101101111000010100011000010100000100110111110000001010000111010101011101000111000111101010111100
111101100111110110100101000011100100011010101010100100101010111110101001100110000100110000110100
111110000000101110110101001000010001100000001000000001101010011111110101111110100000001101101000
000111100010100001110000100011101011110111101011000000111110000001000011011010000110110000101110
110011100010001111010000000100010000101010100001100011010011011010000110100110011001111001110000
111111010001000101111011110000110000011110110011100110001100000000010100110011101011101111110111
101110010101110100001010111001110011110011110000000111100001010100101001111000001010100110111011
001011001001111010101100111000110010001001101110001110101110100010110011010100101000011010100011
000001100011110101011110000000000110100010001110000100010011001111001101010011111111000100001010
110001101111111011000011000000010000000101011001011011100110110011111000111010110010011110001101
000001010011001001101001101001001110101001110101010101101101101000011110100111111101111111001000
011011101000010100010010000101010101101100010011011111001011100001001010111111001000010111110101
100001111011001110100010100100011010000111010001110001001110110010101000110000100110000011011110
001111100001101000110000101000110100111110111010000000110011000001111001100011100000100100101101
111111101100001011010000111101011000000011010000101010100001000011100110000111111111001110010011
011011111111010100100010111110011110110111000101010111011011101100011100000111111111101100101111
001000000110110100110111010100000111010111011000011100010010100001101011111001010110111010101111
111001011110010101111101111001101110111001010000111010000010110001000100000010101110001010110111
111001100111110011101110110100010000000001011001010111010010001111111111000110110001001011101111
111100011100011100000011110000111000100100000000010010001100111101011111110000011110010101100001
100101010011011110011000011110001010110011100000011000100010010000110110110110101010000000100000
010011011010010010000101001010110100100010110101000101001100000110100101011101011010101100101011
100011100001100000000010010111101101110110011111110111000101000001011110000010001000010101111100
001111100001110001011011110011010011100011000111111110110001100101000100101111101111100111111111
001000110111011010111001000000111001001011011011100010100101110110110111000010100000000000001110
011100100001111110111001100000011110100011011111001100110100111100011110100110110100001110110100
101110001101111011100010001011001100100100011100110010001000100001010001000011101011011101101111
010100100100100111111011001110000001111100010001111101000000001111110111000100111011111110101111
000010101101110100110111101001110010111101111101011010110101100111100000000000101011100101100110
000100001010001000100010111010000110110000111011101100010110111001110001110011010010101111111100
100010100000111001001001011110010000111110110000000110101010001110111100000100101111100000011000
100111010100101011100000111110110100111000110000010001101110000010001011010000000000111010111110
000110111000110110111010101011110000100011101101010110101111111000101001110010111001001011110100
001101000011100110110101110110001101101110111110000011110011111100010111010010111100010010001101
110011101111111110001110101110110011000010110100110000111111110111100010010110011001100010110101
011011111101111001111010010110100000101110110111100000010000010110011011100100000000010100100011
101110101010001110010001001011101100000011110001011000001001111000011101110000001100110010110001
000000101001110011111101000010111000011101010001001010001110010111011101001001100010001101010011
001011110001111000000000001011110110010011011001101100011100111011010011011100100101001100001010
101100101111000100001000000011110000111010011111001100011110101111000101111110101001110111000100
001011101000011001110100010111100001001111010011101100001011111011001111100100100101110001100100
010000001010111101100001111110100001010011101101010001111101000000010010010111100001111110010101
010010110101011000101010001101101110100001001100101101010100010101000010110001111010011001010101
111001010010000100111110011110000101001100111000001111000111111111010111111001000000101010010010
101011101110111100000111101111000111100010010110101110111010110010100111000000110101111101100000
000011111010111101011100000111010010001001000001101010001101010010000101001011111110001011100110
110110110101101111111010100011011100000000101010000000001011111110000111110011010010110011000111
110100011100101000010101110011001111110010011001011110110101110011011101111011100100010100010100
101010011000000010101101010111100111000010000110010011100101110110100001010110111001110110000101
110111001000011110010101111001100011011001000001101011011001001100100000100011100101101011011100
100100000101010101010001110001001100001000110001110010001010000110000010101001001011100101110010
011100110010011010100111011100100111110100110011100111110111110111111011010000111000000011000010
010111101010100001001000000111001011100100111100111101000010110000001000000111111100001110001100
110011001010011010010010000110000100001100001001101000001101101100100111001111101110111110001011
010111000110001011100010100001011100101101011001111101100110110111011001101000111111001100000001
011000111101101000101111011101000000100100001100111110011101011001110000010100011000100100000101
101111001011111010001001100110101010000101111101001011010101111011110100101100100110100100011000
011011000110011101010000111100100101100001000101010100010100110011111001100101110110000111101110
110101101100010000001001011001000000100000100000101001011110111011010000101100011000100110100000
001110000010101011010101100100011010001110111001110001101001110001101100000000100011100100011101
101100011100110011100100010010000000001001110110000111100101110010100111110000011000000001100001
100000101111110110100011110001000001111010100110100001110001011101100000100011111000011000001010
111101110010011011110111110111011101101111010010010110111100010100010011010111011101001100010110
001011011011001110000011111010001110000100010000110011001100110110000001010111111000100100111011
011000110110001000110000110101011111111111110100011000000011011110011001111000111110011001101011
100110111000001011110000000010111100010000000011011011111100110100111010011110011100101101000100
110001010110110010011101100101110111111100000111000011111010100011100000110101101110101011011011
101101011011000010000000000000000101100111000000100111010110110100100100100101101100010100110000
110001101110111101010100100101011110011110001011110100101001001111001000011001111001101110001101
010010110000110011010011100101000111101011001011111100010101101100010000110000001001011111110010
100101010110101100011101101000100011101100100111111000010000011001001010100001010000011110000010
100101101100011110010111000100011000101001001000101000111110100011011000000001011100010011001011
110001101001001100001001001001001111110000000001110110010001000010100011101100011111100100000000
011001111100100110110101010101011101001000110011101101010011110101101011100110101010011010100100
010111000111100001100110010011101000011110111010101011111010011001100010111100010110000111010001
111001001110000001100011010100111110100100101101101011100011110110101110101101000011111011101010
001101111000111101110010110101010000110110101010101010000001100110000010001000001000110010110011
010001110010010000010111111000110000111100010101110100110100000110000001011100011110100100101010
001100100010101100001010110010010111100101001000100010011000011011100111010010110001001111110101
100110100000100101011111110000011101100110011111110010000110110011101110111011100100000110101010
110101110110110100010101001110010100110100101000011000011100001100010110101100010100010100111110
000100000110111011110111000001110101111010100110011000110000000111010110110110011110000010101111
100001110010011101000100010010011110000111011001010100101100010101001010001110111111111001111101
010101101010110100101111001110001000101111001001001001100111001100001110110010000001000001111000
000000101110010011100001100001111101110111000010101011011101110111011001111010100010100001111001
010011010111110111100011011110101010010101110101100001110000100011111111100001110100000000001100
000110011010100111100000110011110101101010100100000101111011110000001010010000111101100101001001
001011010001001001001110100100001010010011001011010100011011010011001011111110100011010010010000
111101001010010001111111111110111100101011010001000001111100111011001110001011110100101100011000
101100000101110111011010101011110010001011100011001101100110010000100000110010010110000110101110
110000111101110101001110100001011011110111100010010110101100100000100111111111011011111000111011
100001010100010100010111001010101000001011010101001110000000110001001101111000100100100000100011
110010001111100110111011111011001010011000101001001010110100111110011011100101011000010001011000
100011110111001001100110010010101011101010001011100001011111000001011100101010011110000011101011
011010101110000110010100001110100010111110011110011011111010100000001001111010111010111011001110
011110110110111011110001011010101011010000110011001000010111000001011100101001100101011100110011
000010000100111101111101101001110100010111010100111110011101100000100101110110111001111011110010
000101010000111010100100011001100110111100111010110111000110000101111011111111010001011001100110
110110110100001100010000110001101100010010000000000000011010010000010110110010010000011001001011
101001100101111101100001101000001000000000000100101000110010100011000001001101010110111111100000
110011010100010111110101111111001111101110111010110100001110010101011011101010111011100010110111
000011001001101100110110100001000011100101100001011110010110010111101000000111000101010001000110
101000000011111001011100110010010010110100011010110111100110100000100001010110011101111010011110
110110011001010100111101110000011010000111011001000101101001001001011000011010101101111101110001
000111000100100100101011011100101110010000101111001011101111011001000001010101000101010101111100
101010111111101011010001110000010111101000100101101000000101101010010001111011101111100111011101
100111100011101101111111111010011011111101110111001100100111111010000001001000101010010100110111
000000101010001101101111111010001010011110100101100001111101100011100000000010001101000011001100
001100011010010111100111011100111111111001101110000001010010111001011100001000110101010101010111
011100000001111011011100000111010010011000111101011111000011101100111001101000011000100101100011
010000010011001111101001101011000110111000011110110010000001001100010111101100110000111101100010
110001110110000010010010111111011111110100101010101110100100111001100110001101111010111000010100
100001101110101111000111001000000001111001100001100001101100100101110011101110000101001101000110
110111000011000011110001010010111101001111010011100101001011011001001101101111000011011011110100
110011101101010010000110010100000010001000001101010011110001101000100000100000010011000111110011
001111010000110100000100101110100110111111101110011010111000111111101010100101101110110110011100
101000001011100010110010001110010101010011010000111010011010101001001011011010001100001010101010
010000100010000110001001101110001000101100101100100001110111111110001100100000000110101001001010
000110011101110110101001011101011110100110100001100100110000010100001011111110010101000010011101
001010111001110000011101111110100111011101110001011001000011110011111001000000011100100000101011
110010101000000000010111001010001110111011101111110101000111110010001111100111010111010100111111
000000110001100010110001100011101001000011100010000100110010111101010011000101000110111001001111
011000101011100001100110101001011100001000001110101011011101110010111110100101100110101011011010
101011100100110111010101111011111110011110110100110010001100110001101011011010111110010001110010
101010010111011110010110101010001011101110010111001010010011100110001100000010011010111110001111
111101010100011101011110111011001011101111011001000101010111110110001101100110001011001101010100
011111110100101010100101111000101000110000000010111111000100011110011000011100001111100000101101
000001101101101010000011011111101101001010000101001110110010011111010010010111011110101001010101
100000100010000000110101011000010011110011110010111000001010000111110100001011101010011101011010
111110101110001110110011001101011101100101000010110000001110100000010100011101010100110101111000
110010100001110101001001100110011011011110111001000111011000100111001110011100111100011001101111
110111000110000011100001010010111110111000110101001011011111010101011101001001010000011110010010
011000111110111011011100100001101100110010111011100110010100011000110111111000100100010110000111
000000000100101101110110100111000110111110110000011101001011101110011110001111101011011011000001
101011100110011001000001100111010111011001000000000010110101111111011011101100110100010100101110
110010000000101100001111101000100111101010000010000000101001100001111101010111001111001110110100
101010000100110111100001001111001100000100100101001111100000111111111000000000001110100010101111
101101101101111100000000010100101101000110010010100011111000010110001010100111100001001001000111
001111011111111010111100000010011110010010111101001110010001000100100010001010001000000001101100
110101010001000100000011111001001011010100010010000001101101010110101111001011001011000110100010
101101101110101010110100011001001101100111001001100111000111110010111111011110101110011000010101
101010000110001011001101110110101000011001101100101000101100010010011001011101010001111101110100
010110110110010000101000010111000011111111000010111010000110001001000000010000101000011011101110
100110000101011100111000110100001011000010011011011010110100010010010001110011011011110100111011
101101010001010000011000010111000001011111110000100100010100001011110011011110101111010101010101
001011001001110100110100000101011011101001111111011000011111110101011011101011101110111100101100
111011001000111100111010101100000011000101101001111110111000001101001101010011011001101111100110
001110011001000100110101101001000010000000011101111010000000001010101000111110001110111000111011
110010010111110010100100110101010110101110111110101001101111001000011101011111101010100001011001
101001000000010011100100011001100101001011100100000110110101010110000100001111110110001111010000
000100010110110101111010011001000110100001110100101100010011010001101001110000110010011000010110
000100010101100011101100100101001010101010110101100011001101000000101111111100000000011110010100
100010101110100101000000100100010011011100010010011001100101011100100010010010100100111110101010
101001110100011010010010001000101111100000111011110000111101101110011101010111010100101000111100
001110000100100111000000010101010111000101001111001111101100010011111011101010100000110000100000
001011011101100100101001111001100111101000101110010000110110110000001000100100011110000101111001
000111110000001111010010100101010001010011110100001111101011101001010011100001110011110011001111
111101110000100100101011111100111100111110110110011010010100000101001100001110110110100010010011
110000000000101101000010110101100010110111011000011100010101100110110110100000100010000010001101
001111011001010101111100100100100011001110010101100100111010011110101100111110100100111000001010
111111010100111000011000010000101001010100110001110011000101100110010001010100010100110010001010
111111000100110011101110101111001001011001100011100101110110011110101100011001101101011100001101
001011010010001001111110100110101001010100011110000011101101011001100000110000011000010111101101
001111100000100100001011100111101110101000010110101100000010110101111110010101010000011110111010
111111001101011001111011001110010011100001001011011010001111011111010000011101000101101000001111
111001100001001011011101001000101010101100110100000100111011011011110001111010111010001011000000
011101110010011111100010101111010111110000011001001011111110000110010110001011101111011110000101
110001001011101111110111101011110111100010100011101101011010111110100010101010011001001101111110
100000101010000101101001111001000000101110000111010110011100101101110001110111011111011010011010
101001101011101010000100111101000000100111101101000111001011111111000110101010000001111111101000
111111010001001000000001000100011100111111001100001110010111111001000011110111001110010011100001
010110110111011000000101110000011001001111001111101110111111001101010100110101001101001101101111
111100110001100000111000011000100011000010100100010011000101011101100010111000001011001010110011
000001101111001100010111110110010111100100100011010011111111110011100100010110010110100010100001
111101001101101000001111100001101111000111010100101001111011001000000000100001010010100101100000
110011010110001110110011011101001111101011101001100100001000011100000101010111000110001100100000
001001001100011001011101000011010111000110110010101111001110001001001010100000111000011101010110
010111111011001010110010000011100001100100001010011001110111001011110110011010111000100111111110
001110100011010111010011010100011011000011110011110001001101110111111000001001011100100110010101
001111011101011101101101100101001100100100101010100001000011011111011100100011010000110000011011
011100011101111010000001010010010101111010100110000101111011010111011110101101111000001110001011
111111100001110101110100001001100000001001011101000000110010010100111001111011010000000011100110
000101111010100001110001101010100000100011111110000010010000101001100101111010011011010101011100
010011011100001100100101010111110001011010001011100101100101100101111010001111010010011100011000
100111110001100100101010110011100001010110010011111001101101010101000101010001000000010000011001
111111111001000110010001011000010101100110011010010111010110101001110010111100110101101010110110
000101111100000000011111000000110100111011101010011101011100000111010000001100010110011101010101
000100011100011001011111001011010000010011001111000000001110011010001011001001000001001000011110
101000011011000001111111010110100001011011000100101010100101111010000010110001111001000011110010
000010001010011101110100111101000001100100011010101011111100000100111101000111011011000011101110
000000001100001010111010101000010111001000111111101110101011010101010101110010000100010000011001
100011110011010000001001100010000101010000001100010000011110001010111010010000101110010100101101
001001010010001010010101001011101110100100010000110100000010100010111011011110101000010010100001
101011100110010001000111010111101010001111110111010010111011001100111101100001001111101110011110
010100100011001101011111100101101010111101100111111000010100000001000110010110111011000001010101
000000110100101100101000101001111001010000000010111111111111011000011011000111101010101010011010
111011100100111110010000101101011000010010010001101100100100011001111110100000011001000010110101
011100001011011100101111100100100011010100111111011011011000011011010110001010100100001000100100
010101000111011001111011000001100000100110111100110110101001011110010000001110011100110101100101
001011100111110011111000100000001010001011010111000101000011101000111101000111001001111101011011
111100010100011011000000101111111111010111111110011100100110011111111111010101010111110110101111
111111111100010010101110010101111010111000010000000101011000011010000110010110110000001101010010
111100000111001000010101001010111101011110000000100101111000100100101010100000111011001010101000
111111010000000001101001011110110010111010111110010000011010010111011010010011101011100101001010
010011011110001100111010001110000000000111111010110110110000011001011111010001011101010100100101
110010110000111001101111100110111100011011100011000101100100011010110100111001011101100010011001
111000011111111101010010101010110101111000101010010010100010001011111111010111011111101001111110
110000011100100000000011110101100100100000011000110011011100101010101000011111001010010111011111
010010110111110010101001011011011101111010101001000110110010111011110001011100111101011010101101
110000010110100101110011101000101011001011000100011011101101010000001000101111010100011101100110
010011000011000000011111101000001110010110101101100011001010110001111011001011010010000010101000
000100110110010011010110110100101011100001011000011110011110110110001000001000001010101110101100
111101101101110000010100000001110111110100100000110010011000111100111101010000011101001000110110
000011000010011011111010011000010000010100001101011111001110000111100111010101010010101111111101
100001011101001100110101101000000101011001000110001100001100010011010111010111110111111001001110
000100011101001110111101011010010100101000110011111100110000100100110011001111110011101111101000
110111100010010001110011011100111111100100010111000011111100111001111100100011010111011010001001
101110011011001000100110110001001110110001110101100101010110000101001010001000100100111101001101
000010000010011111000011111100110011011011111011110101100001000111010010101110101001110000101010
010100101010111100001001111000101011101101010110111100001001110000001110111011101011010110011010
011110110111001010110011111001110111001101100111111010001000110100100001000011101001111101101001
110101100101100110101001100011000100000100011101010010100111110101101110101100100011111110111101
110010000100000011101001001101101101001110011000000110111001000101010000111100101001011111010010
110011000101001101001100100001101101110010000110101111100000001100111110010010111011111000110011
000101110111001001110010010010100011101000011000100011101110010010110011101101110001001111101101
111000010001001111110010110000100000101001011001010011100010011000111101111110000001100000010110
011000010000011010101111100011000011000110111101000011010110000110011001100000001001110001011100
010101101011001001011010111101010110011110111111110010111011101010110011101010000001010101100010
110101001100001000001100011111100010110011110001010110010001010111111001101110111010110000010100
101010101100000000111011011010011111100010000001110011100100100010001001100000011011011011110110
110001011111101011011110011000011001001001110000100011100000001011101010011001110011111001001101
111000101111001001111011101110010100000010001110011011011001110101011000000100100110000011000001
000110100111011101100101101111010101100011011010011110011001010011010011111001110111010000101111
101100100001011011011001110101011001111010100100010110011110100011110011101000010100111010101110
100001111011010101111100100011110101000000110100111111110010010010001100100111000100101010110111
100100111101100001100110101101001111001100001110100101011001110110001010110100010010011101001100
100111011101010111111010011110010011010011111100101111111100101000111111101101110101011111101000
111000101100101101010010101000110010000110001110001110011011111001111110100000101100101011000001
111000100010100101101011011011101000111000110010100001001100110010110011001010010000011110000111
000010100100001100010111111011011110010110101110000001001101011101101111110100111111011001001101
101011011101100111110100111101010111101110011000000000100011010111100001111001001110001001111110
111100011011000110011010110101100010001111000101111011010100111110100101011010000011111101001111
100001011110011001111100000000001110010100011000010110100111111001100111100011110011010100010000
010110000110011001100100100111110110101010100011100100001111111100010100011000001000001101111100
010111100100111011100011111110011011101100001100111111110001111011101111000111000010110100100001
110101000001111101111100011011111111010111011001110000000001111111000100110101100111010100001110
100101100010101111001101111001010010100101000010110111010110011011111111111011010101000011111000
100100101011111111001110110000111010000101010100011000000111100011000000110011001101110101000011
011001101011011110011000100010100011011101111001101010011100011100010011011010111100010101110111
011110100011011100101010110101001010100111000011111000011110110010000010101010011111101010000111
010111001111000011100110110100000011000110000011100010101010100010001010111011001000001111111101
000100101110111110011001101001001111110010111111011111100111010001100000011100110010010110001111
000100000000110111011001000011011010111011011000001000100111111001010000000101101001010100111001
101111110011011110011111010000111011011010100000111110101110011010110000001100000011010000011111
011000110001011010110000010110101110000000111111011000111100100111000100111000000100110110001011
010000101010001110010111001101100101111100001101111010001011110000011010110010110011010000001100
