100101110001110010101100000000100100010010110100010101101001111000001101101101100011000100110011
110100110110010000010100011000100110100000001011101011000101001111001111000000101100111111101100
111100111110101010100110110101110110000000111100011011011101001001101101000001111011010010110011
101100010010110001101011101010101000111111010110000110000001110010000011100001000010100111001110
010100010001011100101010000111100011011101101111001000101010110010101111011011111110101000100001
000110101111011101110110110100101010010001111111001011001110010110111111011111101111000011101101
110100101101001010011110011110101110111100010001100010111100000100011001011110100101001000010011
100101011001010100101010110110000110000100011111000011000001101011110001001101010100111101011111
000001001000101110111100011010101101000100111100000110000101011111010000010010111100000001011110
010000010110111110100010010101111000001000010110011100010111100110100010100001100010000001101001
111011111001111001111010000100110010110011100000000011111101110000010111101101110010100010100110
100000100000101000111101000100001101011110111000101111010011010001110100101111111111101101100010
001000101000110011110011101010011100011111100010010101000111011111001100110001111010000000001011
011010010101011000101100010001110100101011110110010001001101101100010001100000101101010010011101
011111000001011010111000000010101011100101101010001111010111111011011001101010110100001011101110
101111011110101111111001101101010111111101110110000001011110011001110101101110011001100001100011
000111101110001111100000100100011010110000110111101001010101001001000001111100101001000110111111
111011101011010011110011010000101011010100100001111011100100011001110111011001011001011011000000
001000110011011101000111001010000010010011010010111100100111111100111010010010100011000011001010
011011101000001000010111111011001001001111111100111011011110101011111010111011100110101100101110
011011100110110010110010001010001000101011000111110111010111110011100110011110001001110010110011
110010011000001110100100101111010110101011111000011101101001110110000011001010011110110100110010
100100111101000110101100100010011100010111010101101001100110111101100110000100011100100001010111
000000011100010111011101111011011000110010111101010101011101000101101110101011100000010110000100
110110001011011101101011111110011000011100001010101110001010001011011000101101001001000000100110
111100101100001111101001001000001010000010110000011010101110001001111111110000100100000110101010
111101001011011100111011010011110011010011001001110000010111010100011001110101010100111011110001
011001111110001111011001101011111000110100000010010100110100001111001111110111000100101001101000
110011110100000001110011000111101011101000000010100001011001101011010111001001111000111000010101
100000000011111010000011100101010010000011010010000011011101000001000001001111011100100001010010
000010101111110110110011101110111111010001001001100000000010010101110011101010001010111001001011
010111111101111110011010100111111101110000001101101111100110110101010100110001100001010011101010
000111101000000000011110010000000111011110110110101100110001001110101111000101010100010100011111
011000110011010011000110111100001010100110101011110100101111011000010010001110001111101110001100
101010110011010000010110100101110011110110011011111010011010110011101000010101000010110011110100
011000011111110000100111001111100000010110111110010000101001001101001111010000011110000100110110
000110100001111010001111000011100101111000011001100011011001111011110010011100010100011011010111
111111111010100111111011110001101000010010001110000110000001001011101111011001101100111011010010
000000001110010101010110010110101001101110111100100101011001011111110110110111010101010111111011
101000110111010101110011110110101000000101010111000111101000110111101111101110011101111011000000
001000001101000111001111110011000101000111110011000110011010010110011000001101000111010111110000
101001111110101010001110011000100010111001100111111010110000000011000101111011101101111000110010
111111011101101100110101000100001000001010001010101000010011100010101100010100110001101110111101
101100000101111000101011101111000100100110101111010101011100101101100111101000110101010101000001
101011011000010000000010011011110111010000010001101110111011110100000011100101000110010100010000
111010010110000000011110101100001101101101000110011011110011100010111110100001000000101010011010
000000011001111100100001110111101000000100111110110100100111000011001010100011110001110111111101
111011000110100000011010111011100011000011000000011111100111111001111110011110111010000010101111
001000010001011110100000100110010010001011011100100000111001011010100101010010100000001000001011
001111001010011001100100110111110001010111111111111111110100000101101101000011000111010110111111
111010010111101101011000010010000110001111011010110101111110110011110100111001001010111001001100
001100111110001001101111100001001010111011001011111011010010000111000100010101101000010101010101
000110110001101101100100100000011101110000000100001110100000011000110100111010010111100110001001
011000111100111010100101100000011110001010100000110111100010100010111100011110111001010001001111
111000100111000101000000001110101001000011011011011110100100100011011100111011110001010011110111
110011011110000010110011100110101110100100111110111000100111000100010110010100100100001100100110
001001100000100000111000100010001100100101001111000000000001001010001001011010111001100111101100
111110111110001001011000001001100111100001011001100011101110001010001100011100000001100110111100
010011010110011011001100011110111011011111110101011111010111101001110111100011010011110100101110
100011110010111101010101100111001010010011011110010111011100100010110101111001000000001100010001
110000101110101010000000110010011110010001110001000110001000100000010101001110001100110101010011
100000100110110010010010000000000010100011000011000110000111111011011001101111110001010001010101
000110111011111010100000000101110000111011001010001110000100101110100101110100011000110101100100
110010001100100010010101101011001110111101011001111101101111100101111001110111001011001000100100
011111011110000011001111100110101111011000100111100100100110010110110110000101111011010000101101
101110100000010111010110010111000011100101111110100101011101001111011010101010111110110111010000
110101001100111011101110100110010001001000000011011101110000101010000000101110100010000101100100
110100110000011001111110100100110010111110011011011010010100000010011010110011100110010111110100
101100001101100010100110110100111111001101011001100100100001101010110101011101000111100010000101
100000111100100011011011101000000011010110101110110100011001110111000111001010011001000111111000
010111100011100100101000101110010010101000100001111110001110110101000110011011101111000000010111
010011010101011011010100110101011101110101000010101011100110101101010110010001100011111110100011
110111011100111110100111110011100100011011010101010101100110010110010001101111011001010000011111
010100111011011000000101000000001110000010100011101111011010100100110110000101010010001101000000
111111001011000010111110110110111001111011111111000100110110110111001001011000110111000010001110
010011101101010100100001000011100001010001010110010001100101011011011111011010000100110000010101
111000111000010111110001111001110001010000000001001111110000000110110011101010001101110110101001
001100110100111010101100011111110001000111110001101100101101100111000101110100110011101011000101
100110110011010100011101011111110010101100111110101010111100101101111011100011111100101111111110
100000010110000100010000001101100111010001110000000000100010010011010000101110110111100111100000
111111100111000000010100100001101111011000101010001110011110010001111111111011011000001101000000
110010111101101010000111000001111100101001111011111111110011101100111100001010000010000111111010
001011000111100011100100100101111010101111100011101101111000111011100100010010000011000100011000
101001000001101010000010010111100110101010001101011011001101101001011110000000100011110000110111
101101111000000001001001000000010110101000011111010111010001110110010000110011010111001101101000
001011100000000110101100110100011110110011101110110110010111101010010000110000001110001001010101
111100010000100100011100010100110001010000111001000010010110001100001100110110000101010100011010
111000010010000110000000010011110101011111100111110011010010000011111111100101001101111001011101
010110110101000111111110000110010010001110100000010101001101011101100001001000100101100011110101
010001110000000100000010110101110010111010010000101111110011011110110001000010010010111110011011
010110011110000100110000100100100011110110100111111001101001010110100110111000000111110110000100
010101110011001101101111000000001001110000100111101101101000011110001011011100010111011101011111
011000101010011000011011001010110101111101000001101011100001010011110010000010011111100010010101
101100011111000111011111010100111111101011010010111010001010110110111011000000100111011011100000
100001110101111000011111100011110001001101100100011110111000101101011010010001110110011100100110
010110001011011010110011011011101110111010011010000110011011101001100101100011001111010010111100
110001101101111001100100100101011110000001000010010001010000010001110000100011110111110110111110
110011110100010001111101011011111011011111010001000010101000010110101000010010100011110100010101
111011000111111101100101010001101000001111101110110111010001110110100101101110101100010001100110
000010110010010110111010010011000110001000011000011100110010101010000110101010001111001111001111
111001101110000001110111011110010000100001111111111010010100000101001010010111011111110101001100
100101101100000011110010011111001110011111011110101100111101101101100110011111110010001010011101
000111010101100011101101011110011000111111010101100010100011101111001011011111100001101110101101
011100101101100110000101000100000011101101101000000010011010010011110011000111011011010011011101
000001111110000101000111110001100010111100011100010101010001010010010010000101100101110001100101
111100000100100101000100111001010100100001100011010100000100010011111110101000101110101011010000
111001111011110110001001110110001010110000111111001000110010000010100100001011001111111111001111
100010101101010100001101011110001100110000011101001011001000101110101110000010111011011101001101
110011101100001001011110000011000010111011111001111001000100100101100100011101111111001101100101
111111011010110010111110111010000010111000011011110101001111000111001110110111000100011100101110
011001001001000010100000000001111011001010101011101011110100111111001111100100011101000111100011
011011101111100000110101100010100111100001110111100101110100100011011001000011100001100000001101
011001111111011110001101010000010111011101110100001111110100001000010101100111111100001001011000
000111011111011001001101011100010110100001001011011000101101110110101100000110101110001010101010
000011011111110100101011110111001010011011011110100011010000111010100100100110000001101101100101
011111011101110101001000011110110001010011010011010001101111000000101001110100011110010110101110
001000101010000101010111111101101011011110101001110001010110001111010011010100101010000010100010
000111001010001100001011000011011001101001111110011000110100101111011001011011010101101001011011
111110011000010001111101100000100100000101110010011101110110001000101000011111010111000101100110
011101010110011000011110111011011101010011011111110101000000110000101110001001001001100001000100
110001001011010001100100011101010110111011001110011011010011000011100110100011011110000010101010
101001110110110110110010011011100100110111110110111100011110101011000101010001100100001111100011
011010000000011010100011011111010000100001111010111100111100110001000001111000000000111111010100
000011011101111100011101101011000001001110010110111101000010010010111110000110111110011101100101
101100001100100100101001010101000101001010110011000010110110001110010000010101100100001101110111
110010000010100110101100001011011111001001000101110101000011101100100000001100110110111001110000
010100101011110101111111110001011110111001000110000101010001101000101101110010010011011011000110
010010001011011100101000110001100010111101111010011100001100110110010001110000110000011101110000
101101000000111011000001100000110100001000101111010000110110110111010000100000110000001000100110
011000000101011111011010010100100111010101011010011011111100110000011100010100001010110100011101
100011111100000111101000110101111010100000100110110110100111000100101110100001001011001001001100
100001111111110111100000010000100010000111100110110011011110110100011011000011100100000111000100
011001001010000100110111110110110110001111100010001111111010001000010101000010101011000011010000
011111010000100001100111110001001111011011001101100100110111010001001011011110111000000010101001
001110111011100101111110100001100010001100111110000001111101101000110011111011000110001101011011
111010100100000010100000011011011111101001100110001011100011001100110010101010001001100011001111
101000111100111111101001000100110001100110101000011101011111110101111100010110010010100010011111
011100111011001010011001110001100110100010011111011111011011001001011011101111100000110111000100
011000010010010000100100111000101110110001111101001000000100101011101011011101010011000010111110
111101110111010111001100010000011001100011110111111000010111111010001000001101000111011101101011
111110101001101000110101000110100011001111100101001101011110001000001100001101100110010110100011
000001111010101011001011101011111111100100100001100000100000100011110011001001100111101110010010
000010111101001101011111101110110101001010011101111000101011001010111010101010011101111110011101
101101101000100010100001100101011111010001110100010011000000111111000111010001000010100001001000
010011110101011101110101100011110110100001111011111110111010111111011000010111000111110001100110
111100111111101111001010000100100100000110000000000100001011000111101010011011011101001000110011
110000101100000110110000011100011101011001001110010001001101110100110000010011011100011100111100
110101001001010000111100111100111010011010010110010010011101000111110010010011010010001010110010
101011110000111011110110100010001011101101001110001010101110111010100100000010001110101110011000
101110010000111001100100100000111111010011100010100111111001100001010001111011011100010001010110
011100111000000101010011101011101001011110011011001011111011111100010000100100100111110111111111
100100011000010010111101111000010110111101111000110110100101101100110001010111010100011101010011
011010110110111111110100111101011110000101001101100100111111000110010100001000111101111001111101
010111010011010011000000010100011010110101111000010011011111100100010011100101100111101101100110
111111111111011110100111110100100011100011100001001111110110110110111111111111011010110100001100
010111101111010100100001010100010110010001101100110010101100000110111000110011001110101000001101
100011110011011000111111111011101100110110110011001001110110110011110011011001100000000011100001
011110001001000011010111011111000010001001010010111011011001001011111111010011011011000000111100
010101001101000100110001000110010100110011001110011011110101010011111110011001111000000010010110
010010100101001010101111011011001100000100010101110110011111101011100100001100011100011110000000
110000101110011101001001010010110100110101110001001100010111011000011111110100011000111001100100
010011010010000101010011101111011001110010100100101111101010110101100100100001000011011001110010
001001111010001101001000010011010011100000111000111011000011000000111110110000001010111100000101
110011001110010011001010001110001001110011100111110011010010110000101111001001010100000000110101
100101000011100000000001100011010000011111011010101100010110001101100101001110110111001110010000
001010001100010101011010111110000011101111110010100011011111100001110111100101010011010011110111
010001110101110001000110111111100001010111010111110001100001110100100111101111111001100101101001
101001101010110100111110011000001111111010111001111100011011001000101101011110001001010101010001
100110010101000100110000010010011010011101001000001010101001001100110111011101101000010010100110
010100011001011100101011001011110100000011101000000001111101010011111100000101110011110111111110
100101001100111011101100101011011010101111111100010000001111010001010000010001100011101100100000
101001110010101011100010011001000101111111011001100000011000011010000011010001000011010101111001
100101010100100011010111110101100100011000110011010111110110001111010111000011100101011011011111
111100101010011011101111110010010100010111010011001011100001011010011000000000111101001110011111
101111011000100111001011010010001110101001010011001011110111110010110000110101101001110011101110
010000111110001001111101111100011011101010101011111011010010101110101110001100001100011110110111
110010101111010010100011000011110000110110110101011010110001100011100001100001011011000110101010
011110001100101110100110000111010111111001000101000110001101111101011001110000110001010011000101
111101111011000010110100001110011001100011000011000100101011000110101101000101000100101110011011
111110100110000000100110001010101100111010101011010111110101111001100011010101000101101000111010
011010011000011000101110100100010111100010010100001011010011001011000111111000100010101100110100
110101110111100101001001111111011011101000110101110000101011011001111000010010111011110001000110
010111110111000011010101011010001000101100000001101010011001001111011011001111010010001001000101
000011000011011111011000001111001101101001000010010011100001011111101111010101111010100101110011
111111110010110100100000111010100111011001011010011000110100000000000100101111100001110000010001
001110111111010100011110010110100101110000001010011011100101011101110111010000001101110001110101
011000001011000001001010101000011011001110000001101101001011001000001100101110110010010000101110
111101011100000010001001100010001110011111101011000110111110010011101001011010011010011100011001
011000100001001100110101000011010110110101000110000001111101010111110110001010010101010010001011
001111100000001110100001000001011101110110101001010101101110010000010110000001111111001010110001
111001110100010101000101101110011111011001001001101111000101101000010000101111110011000011001010
000011001111011101011010011001011001011001001101010101101110100110101001000111100110100011111011
001100111010000101101110011101011000011100000010101001111011001010100111101100100101011111100101
110110100001101000110000100110101010110101101101101110100010100000001101100101101110101001101011
010111101101100110000001000001010101110100101011000001001110010111011110101011001101110111110100
111010111100000101101000111001101111101101010100110010100111000110001111001011011111000001101001
111111111110111111101000110011110100101100011001110100011011100100101010101011100101111001000110
110101000111000110101000110111101100100100011100000001111000100100001111100111000000100010100010
111010011111101011000111001100011010001101110100010100011011110000001110010110100100000110001000
010100000010001010011010011011000000011011111011000100101101010001000110111111000101000010010011
011110110001100001000011001011001011011100000111011101011010001011111001000110001000111101010000
100100011100011111110010011011001001000100101111110010101011101100100011101000101101110011010011
001100001100010010001010111010010111101001111011010101101010000111111100001000101000010010011000
111111110001001111010011000001000001101001111111001110000011010010101010100010000011110111000010
001101001001011101000100101101010011000110011100111100010101100001000000010111011010111111100010
001010100101110000101101011100111001001101001001000101011001111011100111111100001111100000101010
001101111001011100001011110110000111001001111100011110111101001100110111100011000100100011100010
100100001001011011000010001011111111001000110001011011111101111100010010100111001001000111111001
110001100010100101000011011001111100111001110101000000011101001011110010101100110101010010111110
011000010100111000101111100000111111010001001011011001010001001111111101000100101100010011001010
011010001001001110010011110101000100100101100001011110010111101000101100010001111110111000100011
100011000110010010011011110000111101001111010111011010011101000001010000100110000110101100101000
000010010001010111100010110100101011000010000100111010001111011110101011101111000111100011111100
011011111011011110010010000001001101111001101011101100100101101010100101010001101110101000000101
001110010010101111101010011110011011110000111101111010100011101111110101001100101000111110111111
010011011100000011101010001000000100110100110101011100000101111010001001000111001100110010100001
110101011100110101010111010010111010011000110011111011010000010111100111010100001111011110010110
011000101110011100111010011111110000011110001000110101011011111010000101101011000011101111000100
101000010001110010101110110010001001101000111010011111100011000110001010100110110001111100101100
110010100100110101000101010110110100101011011100011001101010101010100000111110111001101110110101
011111110111000000010100100010010001111010101000000011111001110001101010000111011100001100000010
010111000101101000111110001101001100100110100000110100110100011001101100111100000000010010010101
100111100111101011011101111100111101010101000001011100011101111101111101111100111000010111100100
111001001000101101110110100001111010000111100110010100011111111110100101101011001111100110001100
101010111100110111010000110100101010100001000101001111001011110111001101100110110101101001001011
100101011111000101011111111111011001100000010101110000000001111100001110101110101000001111011010
110110100000001001110010010000001100111111101001100010000001001010000011011000011100000110110010
100000100110001110100010011100101100010001010011110111011100110100100100010000101110000011110100
100001111100010110000011000000001110011010011110110111100001110110001011011010001001000101000000
000101111001110011000110101000101110111000101000110100010001011001100001111010100101001011100001
000111011000110000101101110010001100101000100101010001110001010011101000111110000111000100110101
001111101001110101011001101111110010000111010101100011100100100000010100011000111001111010011100
011110110000011110100010011100011001101110110011010010101010100100000101100001110100001100010100
011101100100001110011010001110110001001111111011001101111000110100010101100101101010111011110101
000101001100110001011101111101001101111110101100001100100010000101100101111000011010011110010111
101010110000010101010110011010100100001000111110001111110011101100010110111111110110001011010110
110111000100111011001111001001010101001100010110111010101110111111110001111010100001111101101001
100000100010111111101000101011000000101111001000100101000001110000101011111101011000111101110110
100000001110000110011110000010001111000010111110110101000001010111100011000101011010111101100101
110000001111010001010000100010101111000000010101111111000010000111011000101111101011101011110010
100101110101011111111110001011111100011011110001011111010001101101111111110000100101111000000001
100101101010100011011111111011101111011100110001100000000010011111100111000101111000100010000011
101111000110001110001000010100010001111010111010001001010101111110001101111110001101000010011011
010011011011000011101100010011000110001110101000001100001000001011010101010101001100100001100011
100001110111111111010010011100110101101100000101110100110011000010101011011000010010000000001001
010001101000100011000010110100111001111101010001000001101100001010110100100010010111001111100101
111010010110000111001001010011011011000000010100010110010010100001000111110111010111001001111110
011011010111000111000110011111011001010001011111110000110101011111111110110001011100110101111100
010110100001001000001101010010000010110111011110001111101010010001011001111100000100110000100011
100010111101000101110011001010010101000011011110111001000110111110001011000001010001111111011110
100001100111001001000011100100000111111000111111101000000100111011001010011001010011000100110011
100001001011101110101000001001100011111000101011101111011010110010000100100001100111111000010110
000000101010000111011100011110111010000001110100111101011111110110001010000010000101111101110111
010000001000010010011011110010001101101010100111111110011100110100111000110010101000101110111011
010111111000011110010011110011110010110001110100001100010111010000110101000001110110111101001010
100110001101110001100001101010101110011011110111111110110100101011110101101111111010100100011100
111010001100110100000000010010010000010010010100101110110000001010101110101101001110110011111001
101011001001011110110101101011101011010111000110011011110101010100100101010001000111100001100011
011100000001001000010100100110111111001010110010010001100101010011110100110011011000000110001111
000001001011011001111100110011001011000001010100111011101101010110110010100001100100100000110010
011111110011101000011010110111111111110010010100001001100001010100101101111010001101000010111011
010101011011011001110110111011000110001010111101111111101001000010100100111110111110001100011110
111011100001100001010000100010110011101111000010111011001111111100000000100111010100100000111010
100001101011100000001010100100101100001001001011100001001010010000100011000001001101001001101110
011101111110000100101011111111001100001111100001011100100100100110010110000001011111111001011101
011111011011010101111110110011111010010100000011000000001111011000111111110101001000001101111010
101101101011101011111101001110101111101000110101101100000101000001111101110110010101111111010100
011110101001100011010010001010000100010000100011100001111010100000101101001101001111001110111110
101101100010000011001011001010001101111100011001100101101011011000011001110101100010001111110110
110111110111101110000100001011111001101011010010111111000010100100010010111011101110000010001110
100101110010001101111011111111000000000001001111010001101011100111000100100101001111111010101100
010110100110100010110001000110001011011011010100001101000011001000011001111000010011010110100111
001000100011111010110100100100011010110100101010101010111100110101000110000001000011011011011111
000000000111111100111000111011010010111010111011101000100000001100011011100010110100100111001101
111110000100000010001101001110101000101011000000110100001101001001011110011110100000001111110101
001111000110011000101000001101110000111111000100100100100101000011111000001101010101011011010111
111100000001111110000001000100010110000000101100001001000010100001111000000001011011101011101100
010101111101111000101010110101111000100011110011111111101011101111010100110001000000001100110100
111011001110001000000111010111101101101011100110010010011110011010100001011010101010101001010011
001110010010001010100110110101010110111101001001001111010010111011111110011011101110110010111101
001110001101001110001000011001001100110100001111011001100010001010011010110111000000110001000111
010101110111101110101000101110000010000111000101000011101100011100110011111011000101011010011011
100010100100010110001110101011000101000101100110000011011101011000111010100010100000001111001010
111010000101110011111110000001111111001101100010010110010100110111001000100111110010010111110010
000110001100110101111011010011000111110000011011100011001011000011000110001111001000101110010001
100011101101001110011010111001011001111011110001101001010111010111000000000000011010010101101111
110010001111111100111111001101100101001100111011100111011101000110100000001000110110111110011000
001010010111111011011011000000010010100110010101010010000001111011111000101011001001100111100000
000110100100000101010100100100000011110011011100011011110001000000110100111001101001111001000110
110111001001110001111011001110110110000100101000010001100001000110111100000100011001010110010011
100101000110000101110110000001100011111000010110000111000101110101101111011111101010000111110000
101000101010111010111010110101010110111100010011001101111100110100001010100111000101111000000110
101011101101101010101101011100101100111010001100010000110111001110101011000110010000000000000000
000000001111011010011111010010111111100100101100001110010010110111011011110001000010110000111100
110000010001010111101001100000100110111011000101110001111000111110101100111101000001110110101011
001100111011000101101100010100011100010001000011010010001011000110100010110000100110110101010011
010100100001000011000101100011000100001100110101011100010001111101101100100110001110111100010011
101001110110101001100111000100000011001001111110110100011000110100010011101001011000100010000111
101101011100100010010100111101100110110101100010100010100111000101110111111000010010001111010001
000100001011111110000010111100100011000101100100111011101100110010111011000111000111100101010100
111001000101000010001100010001101101001110000011100100111101001010010001000001011000110001001111
101000001010110110111100100101010111101101111111100011010000010011111101101110011010001001001111
100111111001111111111111001001101000100100010001000000110111001110110100111111100100000100100011
000011110111011110100111100000000011000010101110110001110010110101010010110100111000011100111011
101010110000111110011111011011101011110010010000110011010110000000000001001011001010000101110000
000110101111011001100101001011000010111011000001000111011100000011110001010001111111111111111110
100110001001100100100110101010111111010001110111010011011001001001010000000001101011011110011001
111111101111101101110000010000000010000100001000001001010011000000100101110011111100000110000001
100001111000101000101110110001001001011001011111010110010010110010000111101110001011010100000100
100011110011001100001111110110001000000011010101100111001001010011000100000010110100111001111000
110100011101100011000001101111110001001001110010110101111000100011100111101101010111010111001000
100100101001010101000101111011101100011101011111100011010110001101010101001101011011001001111100
111101000100101011100101111111000111011101011000100000001000001000000100001111000110010011101100
100010011001111011011111000111010101001101010110000110000001111011001011001011010110010110101100
100001100111000001101011010000000000010101110110101001001000111100010001100110100011000000011010
100000111100110100100101011010011111101100110001110111010010010010111000110000000000001000011111
000001101011000101000101010110000100100010101100011101110100101001010010101101010011100100100100
100100010000010000100010101011011101011100010100100100010100000101111110000110001111001111110101
111111000001001011011001010011110010100111010011100001001100011010111101101110110001101000001111
001001010111000000100101101010010101000010000111010100101100000000000001110000000101010111110010
111110011011101011100111011011101101001100111100000011100111000000101011101111011011011010010011
011100111100000101100000011010010111001111011011111110000101000011110101111101001010000000101101
100001111110010111110010000101001000100010101111101101000001100101010000010000100001110000110010
110100101101001111100111100010111100011001011001111100111110110101011010001001010100010001010110
001000110001110110000110001100000101001001111000100010000101110111010110010100011010100110011100
101110110111010001100011101000110110011100000100010100110011101010000100010001110100101110001111
010011101111000011011011110111011010101010101110101100010101110110100000010000110010011111101110
010000000011100010000010100100111110100100111111100111100001000011011010010110101000001110010101
101011111110010000000010101001110000101111000001100111101111100011010110010101100011010111110100
000010011110101111100101001111010101000100010111011011011001010100010100001111101101010000101001
000100000000001101101010010010011011100010100100000100001101011011000100100110011101000101010001
110101101000001101000001000011000111110111000000100100000100000001110100110110001100010011010110
001010011101000011111100010111010011010111000011010000010111010110111111011010011011000010101110
000010000010110000000111011100000010011000000101000010001010101011010010101001000110000000011011
000111101011110111010111010101011011111000100110010000000001110011100011010101110110101001111110
001101111111100101011001100000101100110001111100100101101101100011001000010101011001100110110110
110101010011010010111100111000011110010010010000101100101011010001111110000001000011000011111001
001110010000011110011100100100001010010101110101010110011100100010000100110110010010110000010010
110110011101111011101000011000010000000101000101000010110011100111010011101100110000001010001101
111010100100110011110011110110111011100000000001001111010010100001011011110100101100010111101111
100011100000101110011001001001000010001110011011010111101100001101111110111111011010100100110100
100111101100101111010100001101110100010101110000011010111000011101100111011011010000000100111000
100101000011111101001111011011101110000111101000110111101110011110111011101011101011011110000111
100111001000100000111010110101010111010000100000010011001101001101010101100010010011011100100010
111010110110100110110000100100100001100100000110010000000000100111011110111001000010110011110101
000110000100110010001101100011000111010011001110011011111111100111011001010101010111001111111100
001001111000011111011001010000111101001111011101010010010111111101011001101010011000110101101000
000100111011110001011111010011010011000001010011111000011111010100101101100000101100100111001111
101110011011011001100100011101001010000011001111001010000101001011011101100100001110101000110101
010111010000100000101110001010101011011110101100100111110001011111111100100111001101100011110111
111011100111011001100111111111000001111111110111010111010001010110001101101000010100100100010010
110010000111001100100011110010011101100100101111111010000100001010111011111000110101010100110000
011010111111000110010010010100001001101011110110101111000111011011101110010000111111101011010100
111001100000110010000000110011100001001010000000011111011100111100010101011100011010010110011101
110100101001111110111100010000001001100001000000111011011111011000111011110011011101110010001111
101110011010010110011100110010001110111110111110000101011111010101100001100000100111000101111010
010001011001111101010000000100110011101110111110011001100110000000010100110110101011001100010111
101111011100011110000011111111000100101111101110111110011110001100011010111100001100101011111001
010111001000001101010001000000110011010000110110001010110101010010011000101001010011010011000110
011100001100001000110110001001010001000111110111001110000011011001111101111001011110110011010110
011100001100011001010010110011001110001000000010110000111010011010011100111001100111011100000100
101111111111011001100011011110100101100000100000000000111000111011101011100010001001111110001111
110110000001000010111100101110100000010111110101111110011111010011000100000010011100011101101001
111110000100110111110001011111101010100101110110110101010111000101111000111110001010000001111111
110110011100101001000011100011101111010100011010000100000101110101011001101011111010001011000110
011101110110100000010111000101011101111110111011001001101100000010010001111001001000000111010010
011011001010101101100001101110010001010111110011001011001011100001000010001111001011111001100001
110011110001011101001001000001001000011110001010000100100010010111110001100110101001011011001100
100011111111001010001100001000101011000011110100101110111011011100101100101011000010111110101100
110010000011000111101111001101101100111100101011000000010000011011011110010011001001010101111100
100100011111010000111001110101111101000011111110111101000011100100110111101111100010011111110111
000101100100010000010110111111110001010001001110110010011110101010111011000100111000011111011101
001000010000010111011101111011001110000001100011110100101011010101100101101100001110000000110010
010001011010101000100011101011111100100100110111011110000101001010110010011110001000001000010100
110001000010111011010000001111000111101010100010001011001001100110100111000100011001101001010000
100101010100101000101110001010101101110101000100100010100100011001010001100011111001010110001110
111011101111111000001100001110111111010001110111000001111000111011110010010111100101001001100111
111110011100111001000110011000111101000100100101001000111001111101100111100010010101010000000110
000110011000101111100101110110011101110111101111011100110000111010110111011001011111101100100010
101011010001101111111110011100101111111000010100101010101001000001101111101111111000111111000000
011000000011001110001100101100101111110000000111111001000110011110010100110110001101100111001010
011001111010010011001000100000001001100101101001001011001100001110101100110011010111000110101011
000011111111111000011100011000100101110010011111101001000110111010011101010111001101101101010100
100011011001011011011001100101100101001000101000100001110101111110110001011101000001111000000000
110010011001110011111001101101010101001110001011111001000111101010010110000100110011100010000000
100010011101100110100011011000010111110011000100000001110111101111101111100011011011001110001111
111111101010110010011001011110001111100110111110000001010011000011010111011110110011011000100100
011000011100111111010111001101110011100110000001100000101010110101010100001111110010111100001101
110101101011110011000010100101111001110111110111111001110011111011111110100000001000011000000011
101011101000000001001010010110110010101100111100111000100111001010110011001001001001101101101100
110101111111111101000100011110011111101101010111000000010010101011110011001010101100010010110111
011101110000111111011100000110111001011101010011100011110110010111101110001000000001000111001010
100110101001111000010110100100101010111010011000010111010111100011010100101011001000100010100001
101001101110100000111101000010100100000000001000001110100000111001010001010110011010000100100001
110001011110000111010011011110100111100001000010111010101001101001001110100111101101101101010101
001110111000001011110001000101011010010100011101001010010110001101110100100001100010101101001001
011010010100100011010100011001011010001001011001100101000011110000101111101111111101100000101101
011100111110010111011010001110010010000000101101010000000111110110101000011101000011110011010111
001111110000101110011110110010011010101101010101110110010111000001101101101101100011001001001111
111101010000000111110011000010110111000000000111010101011101010100100000110100101011001000110110
101001001001111011101010110111001001000111010010111110100011111100010010110001010001010001001000
110101011000001001001100101101011101101000111111000010000001010010001101000101100101000000001110
111010101011100010010001110011001010100101101001111110101001000001100110100110010011101010101101
011001011001110010110100100010111111110110110001110011100010001100101000100001000001110110000101
101011111111100101100111111100110101101011110100100100010010010110000110001001100010001101010001
100011110000111101100111101110001011111010100000110111000100111010111001000011011011101111110101
101010010000010011110100011100110001111011001110011101000001101110111000001101110001100001001111
001111100111000101111111010000110000010110011000110000111101000010110101101010001001100010011110
110101110001110110000001101100010110001001011010100010101001100111010010000101101101111010000010
000100010011011110011001110000111100000001110010011000000010101100000010100111101100111100010111
100011010111111010001100110100000010010000010011010100010101110111011001110011111001101001010000
000001110001101000111100110001100000000000001001000111000100000111011100110110101011100010011100
100010101000100011100111111110000010101001101100101110011101000111111101011100001110101000110010
100101100011111000110010111011110100100000010001011101011111110110101011100110101001011100000000
101100111010010110011101010001010100110001100100011011000010101110011100001011110110000101001100
110011001100000001000110001111010101111010001010010010010100011100010111110011101000100001111110
011001111110111011000001010010100011011011111100001011100011111110101011101000101011011000001001
100111110111100101010001011110001010001001110000101001100111011010001110100111101010011000111100
110011100011001010101001010110101000110101011111111011000101000010001101011001100100101000111110
001011100010100001001100111000110011000100111111101001000011110001111010111001101110100101101101
011011110111011010111110100001101101100010011000010101011011101100110011111110011111000101100001
001011101100101111000101001101011110000010010011100011101011101100011101111100011000000101000101
001110111010100010011011100010100000101011001100101111000100010010000000111111000101010100010011
000011101111010100011101111010010100100001110110111011101111111101110010100100101011101101110001
101001111000001010000101000001011010001011110110111110101010000110110001000001110011000111111101
111011001111100111011011010111111110101000110010010011110001011111110010011010110000101110100100
110011001001010100101001010101001011100010100111000000000101000110110101011110000110101100000110
000111001011100101011010000000010101010101011001111010100100101100001101110110001010011100000000
011100011100111100010101110011110011100110010001111010111000110011000110110111110111100011101111
010010001011010100101111100000011111111100001011100100000100100011110101010001101110011010011100
101100011010101010100010011101011010101110001000110000100100110111010001000010011010111111000001
110011100000111110101010001111101101110100100000100100000010100001001110111100011110101111110010
011000101000100111110110100101010011011000101101010101001110101111110101000010100001100111011101
000010011011000010010110000000000101000010001111101011010111010001001100111000000010101111110001
100100110101110111100110001001111100001110011000010011110001010101100111000001000111011010101000
101100111000001011110111111110100111001010111100001001110110011100100101010100011010101100100011
010010100100010111111110111010010011100100001000000101000100011011100101001001000110011010110000
001110011111101001011010010110110001110001101000011100100101011100101111110000101100011111100011
001100001010010000110001011110011110010001011001011111111101011010100010111110110110110110100101
011011000110111001001001001000010010011000000001001111010111001110101111010101110110110100011100
011100110001010001011000001011001010111001111101100110001011100110100001100100110100100111100001
111110101100110010000010001111100111011111011001111010001001011100001111110101111011111011110011
000100111111010100011111011100000010000010010010000100000111100100010011010101100111001110011101
000010110111011111001101110101000011010101010010000111000110011111100101001010110101000100100111
101001101011111110011000010000011110000110110001111000111011110010010001011111000101000101111111
001111001100111111101101011111011001000010000001001111110101110111100000010101001000001100110100
011111111010111110111010111111011110010101011011000111100010100100100000000110111111011100100001
100000111001010111111000110000111100101111110111111100111101001111001000110000110000111001010011
010101100001110100000100001101010110010001001000000100101111011100110000000111101000001011010111
000011101010010110101011100000000001000110100010101011001001001011001100001001100000000000111000
101100000010011001110111001100000100111001101110001000111101001000111000101011001001001011110111
101100100000101011110111000101011101000110101000000000110101110111101100010110011001100110110110
010111110101000010000011010110010001100110000001110001010100011110010000000011110100101011101110
011100001100100000011001000110010101111001010111101100110001010000100000010000001001011000110100
010000100000101101111111010110000100110010001010100010100000101010011101101100111010011100010110
011100000111010111011001010100101011100010110100111111011100011111100100000011100111010111100111
011101010101010010111001111101011001111001010001000011001100001110010000000111111100110110000001
011000100001001000101100110101101100100101110000111011010001100001000010011101001000000010001000
110010111111001000011010000000101110011110010011101100011111001010101010000010110111011010100000
111101110100000100111111000000111100100100000111011000011010000011010001000110000001010111100101
000000000000010110111101010111011100000110111110010001001011111001011100110011000011101001000111
110010001010011101000001001111100001010001001001101111011010111011001001001110001001101000011010
001110110111001010101110000001000010101100000000110101100010010001100111111110101000011001101001
101000000010111000110001110011110000101110110100100100000000010010000001100100001000101110000011
000101011111001110101001000101111000010011000101111110000001001101110000100011000001001010111100
100111010111101111110111101010010111010000101001011000100111010100101001100100110011011001011001
111001010011001010000011011100011111010000000101000011110101010001111000110000100110100010000011
010011100010100110110111101111101111000101000001000111000100001110010100101111010101000111100111
000111001010101011010000101110001110000000101101010011100001010101000100101110100010011010100001
000001111010001000011001000000110010001001110011100010010110011011101000111001000110010100111111
000100000110000001101110110110010011001101011111100010100101100101101110111110101111111001101000
111001111101000000010000010010111001100000010100111111001101000001110111001100011011100110010000
001101010011010001000101101010001111010111001010101000011000101011010110111100111010101110101110
010000110100001111100010110000110111001110001001110100111010110110001101000001100101001101110001
110110100111001101111111100010011011001011110100111011011001110110001001011110100111110001001101
110011011101011100100111111100001011001101011100001110000101001000010110101101000101110000110011
110011001010001100100001110000000110110101111011011010011000111100011000001010110111110000101010
101010111110011100001001000101111011000000110011001111010101110110101101111010001111111110111111
001110101001011001011010000000000111111110011111001110011001100010000100110011000110111111101101
100001000100011010110100110111000010010110000100101111010011101001011001000111111100000010011111
000100000110001101000000111001101001000010110111101110001111011111000001101111101000011010111111
111111011110111100010011011010010000101100010010011011101010010000100100110010111111001100011011
010011010110001100010010001011010110010110000010000010110010111101111101010110001101111111100011
011001000011010001111011010101000101001101000111111110001111111100001100011111100111011100100100
101110001010000010101001110101110110011001000001000101001100000110110000110000100100011011001110
010000010101111011011110101100110000111111010011111110100101101011011011010101011010100011101100
011000100001110000100011111010011011100010101111100101101011101100011110110010110011000101110010
010000100101010111001101110011000111011100010111001001100100011010101111101011001110000000111111
011101000001001010110101010101110101001001101101100110011001010100011000011010010001101111101011
100111100000001110100010111101001100011001110101001011010110001110000110001100111011000111111010
010011001111001101001100001001000011010010000010001001010010001101100001100111110000000000000000
011101000111010001010000011011011011110010101001001110001101101010110100101100000101101100100010
010011101010101011110000110010001010110000111001000111110001001001101001101010100010100101010011
100110010100000111101001100010011000101111000101010001001100001110001110011011011100111010010111
111101010111000111101101010011001101111101101111010010101100000000000100111101110000010011111101
001101000110100010111011010000101111110000101101111100110001110010001110100010001110010101111100
000000110011100100101010011011000011000110000110010011001011101001111101010110001101101011101100
110001000100101101011010001110111110100101100100010010000110001101001010111101000101000001000010
111110111010110111010100100101110011001111011000110001000100000111101101101010010011010010011011
011000100100000000011001101001010111101010010001001101011001111101111101011101101001011010011010
100001000101110110000000100100100101100110110110001100010000000011010001100011011001101101100101
000000001010000010111111111001001111001001100000111000000001011010010101011011000011101010111000
000100100011000110000001110101010110011010010010001101001011010110100001001000101010100000001110
110101001100001110011001100011001011101010011110000101100011011011111110110101111001100011110001
111111011010001100101001010001011011100001110000010001000011001001010111010001101001001000101101
010100011000001100010111111000110011110001111011000011010001000111010100101100010000000011001101
000110001100110001101010011101101100111000111011000011110101000110111010111010010101110011110101
001110100110000011100001101000011001110001101010001100111100111110110011000001011110011101100110
110001001000010010101011010011111011000010011000010010111101000101000100010011011011100000101010
010100111010001001001011010010100010100010100100010010101111010010011101111011001000100001101111
010100101110110010011010100101110110011010111101100100001000111100100010100110101011001000100011
001111101101110011010010010101000011100100010000000111100111001100101011101011011010100000010010
110111100110011011101101001011010101111100000110110101110000101111011010001010010100101000100101
010110111001010100011110110100110110101111110000000000100110101000011010110111001000110100011010
101010000111011010011000110110001010111100110111100110001110000001101110011110100100011000001001
111011111001000101101111010100001100000110010011110110100100100011010011001110011111110000000001
111000110000000001100010101000110111101001010000111000001111101011110010000011010100010010011100
101001010010001011011100010110001101110011011111101000000111110000100011011110001001001011101111
110100101110011111010000010000001101010111101010000100111100111000010111000000101111101001000100
011111111001010011100111110000101101110110101000001101011000001010010011000110111001111110011110
001011100011110100001111101111101110001101100100110111111000111001010010010011101011000010101100
101100100010110111100011110101010100000111011111000100110111110001010001000010110110000011001001
010001110001101100001010001110001111111000000111101111011011100111111011001111000001110011111001
110001010000111011111000010001100101001011000011011111010000111100111111101011000100100000100111
000110111101111110100111011110100111110011001110101110001100010101010110111010111101110101100101
100101111110101110111111000111101101101101100100111000111000110001100010110110001101101001100110
000100011100100010000100001111101110000000111101101110100100010111011000111111010111111110101100
110001000101110001000010110000100101101101010011001000110001101110111111101010101110110100000000
100110111011010011101111011010000011101011011100110010011101010100111010001111111000100100000000
100010000100001110000000111110010011101100010000001110111011101001001011001010111110001001101011
101111000000010011001101110011100010001100000000010000010000001101011011011100101001000001010001
010011101000111000011110111001000011101000111010100110001010100010000110001010101101011111010101
110100101011001110000011000001000010110001000110000110011110000000001111111010001100100011100101
100001111000001100001101111000001100000110000110001001001011110010100010101010011010010100110101
110011111100000100010010111010000111000011011010111010101100001011110010000110001001010010010110
011111101011000010011101111010111011100111001000000100110110101000110001000010001111110001101001
110100111100001001111110000000101100100000001101001100001000010010101111110110111001010000000110
110101011100110110010001100011110001000111010100011111011001001111010100010011111111101011011000
011000010101100111100000101100110110110000111100101111101010000011010110000000101011110111110100
100000011001001000110001111010001110100100000110010000100110110011010011011111000000000000110011
110100001010010100100010110001010011011110100001001110011101001010000110001101010011101000110010
110001011010000001001100110001011001100111111100111100000110011101110001111110101001001010011111
111101100100111110000011000000111010101011110110110111110111101110100111100010011110101010100110
100011100100001100100000111010100111101110001101000011011101110110000001111001111011101010100101
011100011001101010101000010011000000011000010110110101010000111001010110111100110100000101101101
011010010110000011011111100101111100101110100100011000100001101011100011011100111111010101100111
110011010001001001111010111101100001001111010101110101110111111111110111111111010100010001011001
101111110100111010111111100111011011001110100111000000100001111000000000110101000010111101010111
000011011000110101000010100000010000001101011010101111111000110100001100000100101011010111111110
010001100011001000111110111010001001011001011011111100001000001000010100110000010001001001010010
010001001011100000100111010001110111111000111111110000101100000011110110100000011001110100011000
101011001110101001000110110011100100001110010001010000010001011001010001001101110010110001110100
111100100100110100101000000101101101001100000101011110010101111011111110011111100000011110111011
011010010100011000100110001001110001110110101111011010000111010111000101001011010110110111010011
011110010100000100011100110010100011111010000101001101101100010010000010110100111001001000100000
111100001010111011011111111011110101111010101000000101011110111001011101011100110100101010001100
001000111101111010111110010100100000010010011101101101011101011010110011001100101001111111001100
000100001011100000011000011101000100001100110001101111000000101111010111111101010111101100010101
010100101000100010101000000010111111001001000010101001111110001100101101101001010100001110110010
101011110011100000101011111000100111011110100010111101011010101101101000010101111011110100001101
110001111011101110111110100010000011110001111100101000011101000100010000000111100110011111001100
111000101101001111010111100110110000111100001111101100011100010111101000010001110110011000011101
101110010110111111001100111010110110011000110001011110100110110000101000001001110011011110110100
101000100001011100001001011000101110001001010001111010011001000101001100000111101010100001010111
111101100000100101111110110010010111001000101010100001111110100111000100101111100100010000100101
101100101110001010011100011100100011000111010111100110010101100010001110011010011111001011101101
011110010101111011110111111111000000000011111110110010110001110000011101001101010100111100111011
001110100010011111110000010001000111010000110000101010010111000100101000000010011001110000101101
000011101101101100110101001111001010101100110101000100111101110011101111011011101110001001010000
011001001100000100001100100001001111101001010011100011011010011101011100000001011010111001001010
011101111001101101101111100101100001100110010001110001011010110011110100100010110110111010111111
001110001111011101110010110110010101111001111000000011111110011100100001110010101011001000101111
010101110111010010010100011100000111001111010110010111111100011000101100101100000111010101011110
100011100001000101001111011100011000001001011010111100001010110011111100011001101000101111010001
100101101011100000000010100001011011010000100010110001111011010000011100110110100101111111000010
100001010101101000000110100001111001001101000000110000011010100010000101100101001100011010000100
110100111110100000001111111111101100101110000100111011011010110001111011101101011111111101100100
111000111100100101010010010011010010100011110001101011110011111001110001000001111110110011100111
000011001111000110000010010000000111110001100111100001100001001110001010001010110011100001001100
110011001011101000000111010101010100110011000011101010100001011100000101011001100110100100010001
101000100000101111010001011111101001010011010011111101111010000001000000101001000101101101001001
011110100111111010110011000110010110100111011110101111001111100001001111101001101001010101111010
011100100100001111010111001101111110111111111111001101110111010110101011100100011101011110010011
100010101000101100001101100101001010111100100000110101000001110111110101011101000101001011111110
001111100111111001000001000011010101111110001011101110101001100000010001001001111001100010001101
000110011101110101001011110000011101100001110010000110111001001100001110100100011110100101100110
110100111010101011001100101010011110011101010101100100011110001101010000100111001000001110101010
011100100010011011111011010110001011001110001111001100011110100000101010000010010110110011001101
110011011010001011001010011101111011100100111011100100011111100000101111001010001101101111001101
010101100101100101001111000011101011011111100010000010100000111111011011101001100001011000001110
100001001011111001011001110001111110100101100110110110001001110001010010011101010010111010101000
010101101001110110101011111100111101110101101000011000101101000101100001000100100101011001011001
110110101010000011001100111011010010010010000001000000001101111101011110100010110110110110000110
011010101001010110110100000101101010000010111110110010000100011111011011111101100101010101111100
100011111100001001101111101011100001110010011001111110000100110100000111101000101110100000110101
000000000110100001111111100110110010101110001100110100101101111000110111001010011110100010000110
110110100111011010000011011110010110101100010100100001101010111111001010011110011010101111101111
001101100011011000100011011000110001111110000111010110110000000001001100100111100011110000000101
111110110011011101010101111110011000000001111000011011011110100100101100010100011011010010101100
101010111001000111000010011100100000101111000110100001000100111010000001000000101111010001101000
110011001111000100010011100010110101011101010000101001100100011100100110111100100010011101000100
011100110000011010111100011101100010100101001100101100011011100110011101111001001100110010011010
100010101001101001110011110011101010101110001101010100100110110011001010000111100101111101011011
010000101000000010001000001011101001101110011100101000100101101100010011110010000011000111100111
011010011100100011101011011100011010101010001110100000010110101101001110010000010010101000101001
101100101101000011000001011001000100111011100000101011100001110110000111111011100110101000011101
000110111101001001011110001101100101000010000111100110111011010010001000101011111111101000011000
111010110001001110000010010010100011110011011000001011100011010001100011101001001010110000100000
000101111000100000010111001011111000010011100011001011100111011001101111000001111000001011101000
110100000010111010111011000100011111100101000011000110011100011000000001110001101111000101101000
100101011101111001011101100111100011011110101010000011110101010010001010110111011101000011111111
011011100010111001110001000110000011000001001100111011100111100000100001100100110010011011111000
000100111010001110001111010011111010010101111110011001100000011110101001000000000100011100110111
100110011011001101111010111010110000100000011101000010010110000000110100110001100010110010010001
110010010000010000111000001101100001110100011000011111010110100101111111001110011111101010100110
100100011011110100100000101101111010110110001011101110111010001001000101010111100010000111100110
000011101100001101110000000011100000110110100001011011100000000110000011000000011010100011101100
100010110100000011011001110001000110010100001111111110010111011000111000010010101111000111100111
101100000010000101100011000010010000111000101110101011111001010111011000101000111101000010000111
010001000000101111000001101001110000000010011100010010010111001101001110111100000110010011010011
000111001101010010110011101010010000110001010010111110111100000100111001110010000111000100100111
101110000100000110110101000001000001010010010000010010111011111101111111011101111100010110101111
001110001001011101100010100111001011001111111000100001100100100001000011111101110110101001100010
100000011101110010101110110011101010001001111011111001000001100001100000001101110111010001001101
100100111000110011101111011011110110000001010111101100111010001100110010001111111011110101010110
101000101110110111010011000101110110110000101111001011010010010100000110110111111111001111011010
110000110000001101101110011001011010000011011101011010101100110000111100010000011001101000101010
011101110011100010100000111110000011011011100011100111000011100101001101001010110011110110110101
100001111001010110000001011100101111000011111100111110001110110010000011001001110010010111110000
100111111011010101000001011000010010000101000010110100101011111111011001100010000101101101101001
110100111011101011111110010101011011010100000101111001101110010011110110110100011111010000100101
111010010001111100111001010110010110011110101110000101011000000000111011100000011111011100111010
011100101011111111011100010011010101010111101101010101111010111100111101110000110011010110101011
011101100100000010010101111100001000010001101000111100101011011111001000100100101010111101111100
011100010111100011010001000100110001001010011100011101010110110010001101001011000000001000011100
101000011111111011110011010010010111000001100100011100111100000110111101011011001001000001010010
000101110101110100000011100000001000110011000011110100000011101111000011101011000111101010000011
110000011000111010101101000101011011101000000110101100111011110011111101011111001101111110111001
011100010000000000000110101010101111001101100111000001000101000111010111110001010010100110101101
110011011011111011000100011100010111111110001100101001111011100100100011011010111010111000110010
011110011001100001111010100110010010001001000000101010010110100100011010010111110110011001101110
010010011001000111000110010111100111110110000011110100011000100011100011111011010011101101011001
001111110100100011011001011001101110111000010101101000010000000010011010011000111001000011011100
110110101111000100101100100001111010010010110101100011101011011001110110011100000101111110111000
000000111011111011110110000110100100100001111011001101011000000010111100010110010011011111110111
110001000101001000101011111111101010000101000011011001101101000100100010111101111001001010001011
100100111100100111001001011001001011101001000001011001100011011110100110110001110011111100001001
010111001000001010010001000100100111100010000010111100110101111011011010000010000111010000000110
100100000101100101001001101111101011101101011111011101110101101101001010111010100111010110000101
000000000010001100110100101110111001100010110011100001101111111000010110110111101110011000111000
110011110111110100110001110100110001001101101111000010100010110000000100010111000001101110010000
110001101111110000101101000101110110101000000010001100111110100100000001100011101110100100101100
111011001010110100010110100000010010010010000111000101110100001101100011000000111100001101000011
100100110111111111000110111111001001110100100101011001010010011010110000101001000011110000001010
000010110001101111100100110110101100101110110100000100010101000010110011100001000100111000101000
100001010110001011111111011001101011110010011001000100110101001011010000100100100110110100010110
000111110001000101010110001110101110010100110101011100111000000111100111101110101100010110110000
111100100011100100000000100101111011110100111000010001110001101100000101011010111001000001111111
110000010100110111100000111111000101010100000110010101110111011111011001011101011010101111111001
010110110110000010101001001100011111001011110011001001111100001001010000000110001111111011100011
011110010010111100001001111001011001000110010111000100010100100011111011110101011111011001011011
101000111101001001111010000011111000001010111011110110000101100100010001110101001001111100000111
111011010100001000100111101000010101100010001100001110000010011101101110110110111101001110011100
010011000000100010010000010110100100110000100010000111111100011111101111100001110011110010010110
011110111101101011101000100101101010001000101110011000110001000110110100010100001101010000111001
111101000100111101010111001000110101010011110011110010101011011011001011100011011101000100101011
010011001100101100100100101111000001101011010111011011000001110101010110100111001010001001101000
010100100111111110110111001100011001001100000011110011010010111111001010001011011000111100111110
101000101000011011110000100100011111100111100100110000010001011101000101010000001110111111010010
010101110001101101001111010111100110001000001010010011011100110011100111010100001000001111110111
010001010110000111101100000011101111101100011011101110011101101100111101110101110010010000110101
001110000100110011101111101011001010111010111001010011110101010010000010010010101111100011101010
111011110000000101001011000010010100100110011010101101101100010111001110010100100110000010000000
011111110001000001001101000001000000011010001110001010101100001111110110111010100110110110010110
101000111001111000011001100111010100111011101010011000000001010101001101001000101011001001011101
000101100111101010111001011111010001101011100011000100111000001001000001000110000000111010100001
110001001011101001000000101001001010011101000100000110110111110101000110100011111011110111111011
101111010100001100000011110010001000100010000110011011111000000000001001010010001011000000000101
010001010110000101100100001110010110101100100011110011010000100001110111111110100000100000001111
111011100010110111001100011000011000110111101010001110011110001011000010001001000000110100001011
011101111001111010101110111111101110110000110011110111101011111000000111011010001101001101010101
100100010111010100101100001110001101100001011101000100010111001000111110100101100010111000110101
110110111001111001111001101011011010110111101111011100101100001010100000110000010011010001001111
111111000111000110110110000000011100110001101000001011010110100100111001000000111010010111011001
011000010000100110001101010110000000011101010011011000011111001010101111111010010111100111100100
000001000011110011011111100001010010100110011011011011101110101100110000010100101100010011100110
101100100110000001101010011001001100011100011110011111011111101011000100110100100000010000100011
110111001001111111000001010010100000101111011110000011001111110001110010001010001001111000000000
010000010010000000111111000111101011111100100101010010100100100001110101000110101010010000111000
100111011000100100111100100000110001101101011000101001001001000000000111110010110000111111101111
001101110011011001111001111100001111101011000000100010101000010010001001100111110011101110011100
110001100100101101101101101100110001001010110100101110010011100001111111101111111011010010100101
001011111110001110010101000100010111000100100011001100001110100000101100001000110010101000101010
111110111111010100110010110100101011111110011100110011111010101001101000101110011111001010111010
000000111111101110010011001100011010001000001011101000001110100001101000000100000010101001111000
110111010101100001110111001100100111000101100011011000010001110000010110001110100010010101110110
011011010000110001100101011011011110110001110100110101101000110011101111110110110100110000111110
110111001011001011000011010011111001111011101110001111110000000000011000010010001000011101101110
100010101111000110010011111100001011001101011110101110101011000111101001000101111001000100110010
101111000000001101100000001010100101110111101010101101100101000001010001110000001000001111111001
100111111001011111101101111101011111000100111110111011111111000001011110000101001011011111110100
110100101011111001101111101101011001111101000100111001101101110100011101101001110110001100100001
100010000110100111000111100111101101100110000010100010010011010100010100101011010001110101101110
010000010110001000000110100100111110001110111110001000100011011011011011001100111101001001010010
010111110001100011101001100110001001110010100110010011110100100100001001011100010110100100110101
111111110010100111110011111001110010111001010001001011110101001000110000100110111010011001100010
110101110110011001010010011010001000101101110110011101000110001000000010000000001001000110110100
101101000101000110000100101011011110101101011000100100011101100111000110111111001010001000000010
100101001000101100010010000001000110111010111111000111000110000000001001011011010110000100111010
100111111001010100100001110101110011011001110110001001010001111011000010011100001110111101001110
101011101011010101111100010010000110100001101110101100000100111000100101011010101101110111000100
000100101011111000110101110011001010001011110000100011001110011010111010111010101111101101101001
100011111011011101100000011010001100110110101111001100100101111010101101111000101011001011111001
100001000100010011010101010011000010000001101011001110001001010100100000011111101001100011111010
011001100100010010010000001011001110100001100110110001100001001111000000101010000110111011100011
010111000010101100100101001110001001100111101000111000001011111000010010010001101111111010011110
001110001010111100111100011101111000001001000100011000100011101011011011101100000011001011100101
000110111101001110111010001000111001110000111010101011001011100100011111111100100111001001100010
011000101110100110000110000010011000110011000010101010001000010001010000110010100010101101100001
100101010100110111111011111011000011111110000001000000001001001111011001010111001111011000101011
100000001100100011011000011010110100011011000010010111001110110101010000101011100110110100011101
001110011100110010010100000001011000110001011001111011100110001101010011011100101111110011000100
101010111000100010010000010110001010001001100111110101101000110010010110001111001100011100010011
110101000101000001110000000001101110101010001111011110010000011100100011101000010100100000011100
100100101100111010111011100001001100100011000000101111010000110110101101110110000110110110001110
111001000100110000110001000001110011000011101011010111000100111000111101010011001111001101000101
110001001001011101011100100011110101010000110010001101100110110011110110000010110010100000010010
010011000000100100100101100110010100001001010001000000101111011110111001010011001000111111110110
111110110010001011011110010111101110011110010001001110110010010011111000110110101101010001100011
011110101111001101001101110111100111100010000110000110100000101011101100011100011100000111000001
110010000100001011011010011000110011110111011001110101001010010000111111111110101011001010101111
011101011010110111011001101010000111110110101101111011100111110010010111010111000010000111111001
111110000011000011001000011100101100110011101000000000011001001001111001110101111001011101100000
101011010100000100110001001011000110100100110001101000010100011101110001111111011111000011100110
110110101110001101011100110101110111101101100000111010101101111110010001010110100010111011111111
000010001011010100000101001101111101101010000001101111011010000101100100101011100011011110000010
000010011101111101111111101011000101110100000010000011110010101100101010000000011000011111011111
001111001110101110110111001111000011110000110111101101101110100110001010101100010011000011101001
101000000100101011001100111011100101001000111100100001011000011010111011000001001111011111000110
010111000111001001000110000110100111111110101001101100001011010000111110110000001000011000101010
010000010001101001101101000011001101110000011110111111010001011011011111100010111000100011110001
000111100101011111101000000111101011101010101101110011110000000110011100010110101101011010010110
100100001100001011000000100111101111100000000111100000111001011010101100111010011101101100110010
011011001100101111001100111110101001101110011110100011100010010001010110010110110110100011011111
110100001001111110111100000000110010101000111010100111110101101101100010000010101111011011010011
101010001011101011010100100011010101010010010100111010010010010010010110000001111010110111010001
111110001001110110110000101110010011011110110101101100111101010010011011000100001001111110011010
110101010101100110101000000000101110101011011000010000001011001100101000000000011110101011000001
101010011110000101111101000111000000110101001000001010010011110011111110011111000000111111010001
101010011111101000100111001100100011000110000101001111011011111100010000111111110010110110110001
000000111001101100011000000011101101011101101101000000111010001100001000000100101000011010111010
111111010010011010101001011011110010110101100110001111110000001001000101111001000110000100110010
010000111110000001100111110010000111110110001000110111011111100010110111101101110010110010111100
010000010100111000100010011111001000000110010010000101111111001010101011110010001100000010111001
011000011011101100010100111011001001111011000000010101111011101100001101010000010001010100111010
110111100111010000001000101011100111011011011011011010111001000101100110101110101011111000001110
111111001100111000111010011111010111111000110111101011011100110111000001010000010110110001011111
011010111101001111100001101110100001100010111000100001110111000001101110100010110000101001011101
010100111000111000001001111111101010111100100111000011100111001101011010010100111001000011010100
110111011110101101001010100011110001010011100111111100111000111111110000100000010111110110111010
010000101010100010001000001110110110010101011000001111010011011111101001000011001010010011100110
000101110100000001011100100010000111100111100011110010100010110110011100100111101000000111000100
011110011100101101011100100101111010011111011010011111000100010110010111010000000101010100101100
010101101110011001100010100101001111110011100001100100011101000011110010101111010101010111001100
110111010110101100001101011011000101011101011101000010011001101100010011001101110011000000100010
111110111001100011011011001101011101010001001111001100011010011110010010111110101111011011000110
000001000000100111010000111011011100001010001111000000000111111100110000101000111000011100110100
100111001000011101101100011011000000011001100111001101111111111100111111011101110001111000111110
010101011110010011101100100101110010010011000001100001101111111000111101101101011110100001100111
100010100011000111000101110011111111011101010110100101001011001010000110011111001110111011001000
101001111010100111000101100110001010010001111000001110001100000111101100101101110001101011000111
011000010000111000100010000101010101101000111101000101110111101111011101100100101110000000000111
000110010101100101001100101011011001111101110010011001001000100111111011001000111010010001100001
001100011110001110001101101100000110010100000000111001001001000100011010000101000011110110001110
111100011011011111111010101101011000100110110100001110100010011010011110011111111000000000011110
011010010110100101010110110100000110001111001110110101111110110111111111001000110010110101111001
000001101110011001110000101011100101100111010011010110011001010100111001010010101110010111001111
001111100111101101011000011001001010010010101011100011111111001000001011111111011110111110111011
101100011001111111111111100110001010001010100001000111001111001110010011001110000100100000111111
110011110101010100111010011111001000000100110010111001011000111010010100111111010010011010001000
110111111010000100101000000010011011100110011001100000111100101100000011101111111000111111101000
100100111111111101111010001110000100111001101000001011011101011111001010100101010011110100111111
101101110000101111011110010101010100110001011011010100101010101010110100000110100110001101001111
000001110010011000100001111111110110001000100011001011000101110101000000101011010000100011100010
111011110101011010000011101111100111101111100010010010101111000010101001011100011011010010010001
011100110101101100100111110010010011111101110010100000000111001100101100001001011011010000101001
010110000011100110000000000110010011001011110010011011010100101100010110011000111111110000101000
010001101100111000000100111101011011100010101011111001011100011011010100111001110111010011111110
001110111000110111111000001001111111101101011001100011000101110101000101101101010010011100010001
001000011101010010001100100111011001011000100011110001111111000110011101110001000010100011001001
001101101011011010001000101111010101110011011111100001011000000000110010001001110110001101100111
110010111111110010101001011110100010111111000010010010011100110111101011000010100001111110110010
110000111001001011100011000111010101010001100110001011001101001101111101010110111110100000101001
010011110111010110110001110000111001101101000010110011111001111111011010011101001010001100110010
101000100111100110001100000110010101010111101000110011011001110011110100110111000000001011100111
101101001100001010010111010000101111001100000101100010011110110101111111010011101100101101010100
010111101010110011000101011110110011000111101100011110100101000011101011000011011111000010111100
011011101100110100011100010001000110100010000110000000100000001000011101001001011010110001010101
011000101100001100001000000000101001100110001111100000011001101101001000001101001001000100101011
101010010101010001101110111011101010101100100111010000111100001000011101000011011100111011100101
