010101000000110111011001100101001010101011011101101111101111100010110000010101000011011010011001
110010100000110111011111000011000111100110100111010110011011010011000110101000011000000101000010
111011010111010110111110011010110110100110000110110001001101101100100011001101010000011110000110
001110100101000001100110001101011000101010001011101011100010111010101001111110100000000100000000
111111000100000110001000001001110010101110000000110101000010001110011000010000110101101001110100
010001011010100110100001010100010101000000101101000011110011110011010000000001111001000001001000
011100001011101101111010110001101011001110001110010000110111110110000011010110100111011111101110
000010001100011101001100000111100000001001011100110110111011111100110100101000111111110100001000
100000001100110110101101001111010010011100100001001111110101110011001010111010000011110110000110
101011000011111011001100000101001100111010011010111001101011100010000000010000110000101111100010
011010111101100011001011111100101011001010000000111010000101111111100110100010010100001001000011
101110100010001011000101011111010011101011011111001111100111111011100111001101101010101100000000
011000001100110000110111011001011000010001110010111000011111111100000101000100010110001100000000
010010100010100111101011100001101010001110000011000100001101010010100101001011010000011000001111
110011111100111011011001101011101101001110111110100110110011100011011111001111000001111011001111
100101010000010010001100010000001000011111000001101010111101000001001000100110111000000101011101
000100111110011010100101101001001000000010111101111011000011100111100011001110101110101010110011
111000011001111011011111011100000111110011011000110110100011000101011110011000010011010001000010
000110101101010110100011011101100110001001100010100011010000111100101010001001010111111011100111
011101111000010010111000111011110011111100011000010000110111010111010001010101000111101101111111
110011011011111001010001000011001011011010110011000001110010010100001000011010111100001001110110
010101110110010111110001010111000101010000101111101001011101000001001011100100001111010000101001
010000011100011100000010100010011001010011000000000000110111010000111001101110000110111100101101
000100000000011000000011011001011001001001000110100000001111010101100100010010111001111010110011
001010101011111010000000101000011010010011110011110001010011111001011011011111000101100101011100
011110000101110010011110111000001111001000101000001100001111001100000000010100011010101010011000
000000001010110010101001110100100010111001010111010110000010110110010101111101110010010000001111
100101001011111100010001110010000110110111001011010000100000101011110011001000111101011101111010
011110111101100011101001111000000001111101011100100110111111011100110000101110111000111011001100
011000100000111001001100111010101011101111111001110110000011001100011111101010011001011100111100
010011000100111110101100111110101100001110010000000101011010100100110110110010001111011000110011
110000010110011000001011111110001001110111101101010110111101100010011010101100000101111100111100
110111010000111000110100111001111010100110110111101100111101001000011000111101101110001110001011
011001000010100010111000000011010010100111100111011101100101110100101110101111001001000011001010
110101100001101000100111011010010101110011100000101101111110010100111010110111001111011111111011
110011010011011000010100010010110011110010101010100001010111100111001100110101100011101101010000
001110111010010100110001000110000100101001000110110101010100100100111100000110000001011100111001
111101101011101100111110111010110000110011100011010101000110010111110111001101110011011001011000
001111011010011101110101011001001000001101110011011011101111010101110001011110010101001101100000
010001110010100001010000010010100001111110000011100001011001101010001101000001000000000000101000
110101101101010101001011100100111010101100010110101010110000001101010110111111000100110000110010
100111010101101011110000000111110000101111001011101110100101010110110011110001110111110001001101
111101110001110000101101001001000101101000011101110000100111000100101111111100010111111111100111
001010010000010110111001000110000100101101001110010110101001111100010001011110100100111100001111
101000011001000011000101000111110010111011000100001000000001111010100101111011010101010101100111
001111011000100100101101101101001110100100101100111111010101110011011010001101100001110111010100
001111000110011011110000101011010001010000000110101101100001011001101110111100111001101100010000
000001101010010100011001110100010010100001110010010000100001111000110100111101101000100011100000
110001010110011001110010001001110001010011110010011101111011101000011011011101000010001100011000
111001011111100001011010100101001100100100000101000010101010011011011001001011001001111110100001
101100111101100001111110111010011000000101000100111011110000001110011111010001001100001111110101
111110101000110001000100111101111000101111100000100110000010011101011101011010001000011011100011
001100110101101101001011011111010001011010011000101011101101010110001110001100000010010111110010
000111111101001101100100111101000101011001101110101100111110010010000001011111010110101110001110
100101111001111000011101011001100111110110011011110001100110011000101001011011100111010110001101
010000010100000011110010101111111010010010111011011001001111110110100100110011101101100011110001
011101111010001101001001000000000101010001101000000101000000100101101010001111001101110001010100
011110101111110010111100011000111011101110000111001101101011101000011101011111110101010011011011
000101101000011011101001011010111000110010011100011011110000010111110001100100011001011011100101
011000010100000110110101001001110011000100101011011101010100011101000001010111011010010010000000
100110110011000000101000001010101001010110110010010011100000011000011110000111000100111101010011
001011010010001100100010010100111000000011011011010101010100001000000111100110101001010011101011
010010101000001100111000110100010011001010000010001010101011000100011110000110101111110000110001
001011011101010111100010111011101100100100010000000001110011001110010111101001111011000100010001
010000011010001011101111010100111010110100000101001000000110011110011001100100010001101101101100
111011000010101110000011100110100110010000101011100001101011100011101100010010110010101111011001
011000000001010001000100111011111001011100101100100101101011101111000101100000000011010110101110
110000111011100100110100111111111001001110010011011000101111001101010110000011010000000011000001
000001010001100111110001001000100010111111000111101001101011000010001110110101011100100010110001
000110110010110100100110010000001101010110000010010010011010100010101000001000010001000111101010
001000111100000111100101110100100001111011001100101000111111011000101100100001010100101001100010
010110001101011111110110000100010001001000010011101100000001010101011110101010111110110110010101
101101001111010101110101100101011111111010110110110110000100001101011001000101000101101101010111
101001001010111011001101011010110101000011011011110000000101001010110011111110011100011111010000
100001111100000000010101011011110110001000000110100000011010011010110001100010101011110100100011
100010010000000101100110100110011111110001110001110110100000000011111110110100000101110011100101
011010011100111100010110010010101100010011101101011011101100001100110001111011001100000101011111
001001001000011101100001101111100101001111101001011101111110001111011111100110110111110110000100
001010110010100110111111111110001100000110111000111010010000101000001001100101100011111110010110
011011011010011100111100011000100111001011000001000011100110100110101111010011011110100101110011
101001000001001100011110001010000010111011111000000111101100100110101100111010010011100011011111
100101000011111010111100001111001110100111001111110111110010000101010001100000011010010110000100
010011001000100010100000000101101111110111111100000001000000000110001110101111111111111010011100
011001110001011000011111010010011111010101010011111111110100011010000011100111111111011001110000
100010011111111011110000000001101011010000011010010001111010110001110111011001001000101000100110
110011001001110001111001110100001100011011011101000101000010101011001011110000110010101010001001
011010101010001110111001110011011011010010110100011100110101011011100100111111111111000101001111
111110101010100000011000100000110011110010000101001001000101110010101010011100111000110011010110
011000010000000111111001110110101011011011010100111001000001111101011011110100110000111000000100
000111100010010001100111110000110001110110011100110111010110011111010101101011111001001001110111
011011111011000111110010001100111111111011000001001001000000000011000011110101101100001110001000
100100111000101101011111110111111100010010111110001101100111101111011101001100010111000000111100
011010110101000011001000001111110110010101111110101100100011110111101011100101111000001011100001
010110010101000101100101010110001001100110110110010000011100010111000101000101010100010010010110
110110000000010100111001101001111010110011101101111110000000101011010011111001001000101111100100
111011111100110111001001110001011011100110001101110111100110000011010100011101001100011000111111
011101111011010011111110001111101110100000101101111000011101100011110010100011011000000010101010
001011111100101011000110100001101010010111110010001010100101101100000111011011011100110100001100
111110011000101000101100100111010011010110101011000110100101000110110111100110010000011000000010
111011001111101001101010100010000110010111110001101010000111101111011101000100111010001011011001
111100100010001101101010110001011000000101100000100010101111100101111110000110000111110011001001
011000010001001110000101011100011100010011111101010000110011011010100010101011010001110011001111
001111110011011111011000110111011111000100111101000111000111000101111110101111011110010110011100
001101000101100011001011010100001110110001000100100110000110100001101101101010001010100001100011
010110111111111111010111010111011101001111110010011010000011100011010010010001110111011011110000
110001101011110000000000110000010100110001100100000101000011001001010111111101110100000001010111
101110110011101110111101001100001010001110001111011011000011111111011000000001000101111011010001
111100101100001000001011111110111010101101001100010000111001011011000111001001001101100000001111
100000110110110100111000100010001011111101100110101010001000010010110111010100110001110111010111
110000100110001001011011001000000010101000100111101110001000111101000001111111101011010100111000
000110000111111011011011101000110101111001011101011110110110110101001100001110111010010101100000
110000011000001000010010010101011100100010110011011101110100011000111001101010010110101010101001
111000100010000001011101110101011100100100000011011110000010011011101101000001111101000100100001
100000110000111000010000110001000101110011001001100011111101101100011111100011000000110111101000
101110111110001010111010000111110111010111101001101111111010110110011101110111001111101101010110
111101100011101111010101001101010001111111100111100010010111001100001110001010101000010001110111
000110001100010100101011010110101001111111110001110010101100100110110001000001100110000111000001
100011001110101110111100101110101001011001001010100111100100100000110010001000011110111000001100
011001100101011000001110001111111110111001011111110110101111011011110010100101001101100000001001
110111000101110100001111110010001001111001001010101111010000111100101111111110111010101000000010
011011100010001100011101100100011001000011110111100101000111011101100101000100111011010000001111
101111010111010001001011101011000010000001111101010011010111000010101111001000111100110110101100
101111111100100010011010110100011100001000110100101010100101011001010110011111001000011100000000
010101101100100100101011100110000100100101001010001010111000101111111001000101001110001101001101
001100111011010011000001111000100010000011000000101111001100010110011100000010010011011001100011
000010000001101001000011000011101010101101011001100001111111111001000111110011101010111011010000
001111001010001111010111011100100111000100110000100001000111101101010011010100010010011011111011
001100110111100100100010010000110000011100110011010111110111010100010111000010111011010101100000
100011110000011101111001000101001111011000010010010111010101010001000110110011111110101011001011
011011001001010111001010111111110010001010001000010100101000000110000011111000110101101101100110
001001000001101001000111111111010101100010001010101101001001111000101110010011011001000000111101
100010111000111000010101011011001010101111010100011111001110110111000000010000100000111101000010
010011011010001011110110011111100100000010110101101110010110001101110001010111001000000001110101
111100100101110011001010110011101111110100010001110111000001001110100011011000101001110011100111
110010111011000110101011110011101110110100110000000011011110011111111110100101000100110010101001
111011100011100001010000000000101010110001101100111011111010010011111011111010001001110001111101
111111000011011101010100101111110101101010000100100010110001001100101100101000010010000010111000
011011101001010111000101101010011100001100011110110010100001001100101000101000001111010100100100
100010011110011100000001110100001010000111110101011100110101111111110000101110110001000101011000
011010100111011011000010001101111100110100010100100000000110000000010100110110000000110110100101
100110010000110110010111010001001001010011110011010010000101000010000000100100101110010100001000
010011111010010100110011011010011001111100111001010111101111100101111010001011101010100100011111
001001111000101100100100000001110100110010101110100110111111011011101101000111101110011100001101
101001010010011011101110001101000110010101010000011111011001011111101111111001000011010101011110
101001111011110000100001001111000011010000010001111100111111000001101111011110111010011000110111
111010110011000101011011001000111010101100101110010011110001110101010110000100111000100111000000
111010001100001000011011000110000000000111001111110010010101111001011000110000011011101001110110
110111110110111111000100000111101110111100001011010110000110010001111010001001100101001000000111
101000010000101011111110110110101000001001001110111100010101001100011110001100010010100000101111
101111110101111000011001010110110011110111010101000110010010110000111111110010010111010110101100
100011101101011111100011010111010000111001010111100001001001001000010000001100110111000010000101
001101010100100010011000010010001111011111111010101110111011100100011010011100011000111111101101
111001010111010010010000001110011101000100111100000101100101011000110010011011110111010001001101
000111011101001000110001110101010011111111111101011011101001010001100001111100100011100100111000
111010101000100111101111100100011111000010111011011100011011011001101111101111100110000101000101
100111010101000110000110000001110100011111000111011010001000111100100010111100010011011000001010
101010001111101011001000101101101100110110110110100101101010001110101100100011011000010100101000
010111000111100101100110101100001011101110000111001100011100010011101111010111010110010101100101
010110101100011001010011001100100010010100001001100010110011111110000011100110001000101011001110
100111011010000111100101000111111001111011101110010000000101010111011101000000101101001110110110
101011100111111110010100101110010011100111001111111001000100011111000101111111101111011101011000
111010101110011010000110110000100010010010111111110110101011001111110000111101011001111100101110
100111000101100010000001110100011110110110001001110101101001000111001110001110100000101001010000
011100101110010101011111110011000011010101111000110001110100010001001010100001111011001011010000
100111100001101001000010111100010001100011110001100011010010111101010101000011011111111001010001
010001011011011110111011010101111101000011010010101010001010100100111011010011100110011001000010
110100111011000111011101001000101101110001001011001001101100000000100111100111110000101111101111
010011011000110101000110001000011111110001001101111111011111111000111011101111110000100100111101
000010110010010011000101010011111000010000110011010111100100001111100010001111001011011011110001
101001001100101101111001110100101101010011010000100010111000101011001010100100001011011010001011
111111100100100101100101000111010111010001001100000000000100000001100111101101110001011001000110
001111000011100101000111111111010101101001110011111011000010100101111110100110111011001000001100
001001111011110001001001001010100010010001011000111110100011001000111001000100010001111110010010
001001011000100001000011010010010111111000001111100010101000101010110010011011111011001110100100
000101010100101011000100111111101011111011000000110001111001101111001011000000011001001010101000
000000010000110001101010110100110000011001111001010101000101010101100010110000111011010010100100
001100110000000010111011010011101010010110000110001000110011101001110000011010001111111010110111
010111110010011011101101101100000011000000000001101111010010001101111000110100011111000011111111
000110101000100110000010101110111101100000111101001000100000000001101101100101000101100000011001
010001000001101010001011101001001101011000100111001100101110010011011101001111101100011000111101
000110000101110011010100010100000110001011110010010101001111010000101101010110101110100101110101
000000011001000100001001110010101010000111111001000111010000010001100001010101110101000101000010
110101100001001011000010011011100110110111000101011001000001110100000010010011111011010100000100
101001111100100101100101010110101111001010111001111101110011110101001011010001110000000011100101
100010100010100100110110110100000100100011111100100001001000011011011110010011111001101011110010
001000010110100000100010101010010100101000011111000111011001100001001100100000010110100010111100
000001001000011001111100111011100001101101011110001001111010010011110100110010010111110010111100
101001011001011011000010110010110100010010101100011101111010010001101001111110011111111010001101
100100110111111110010011100101010001010100100011110100100111010111000100101100101000011001000001
111111100110001010110110111101000010101101000110101011000011011101010000000011110100101001100001
100010100100100101111001101111100110010101000111000101000101100001001011101101001001101100110110
101010110110100010100101100101011011100000100000101011111111100101001010010111010101100110100101
010001011100100010000010100100100100001001111100100110111001010000011101100000100100010111100011
101110101011101001011000110001011101000110111011001101011010110011010000100100001101110110010010
111101011100011011111110110000010000111100010110001001110010001001000101011101111001110110011100
111011110001110011010110110001011011101110111011100010111000011001110011010000100011100101000111
001001010110001110110110010101010001100111010100001001001001110100111000110100010100000011000001
110110001010000001111010001000010010101111101101001000110010011001100000101011011000110110101010
100100110111011110111100111001100100001101101100111011001100001011001110111110111111111001100010
010000001100100110001011110000110010111110100101110100101100011001111100100000100110010010011001
001011011000101100100101111010101010111111000101011101011111011110000110000100100100101110001110
110010101011011111110100100100110101110000010100000110010001011101101001011001111101000000001111
010111110111110011111111111101010100000011001110100111000010010011110000001010111000010010001011
000111011100001101110011011011101101111011000010001110110100110110111000010010111010001000101100
100010100100110111110101010011111111010000111100110011011011011100101111011000011100110110101100
011111101000111001000001010111111010010010110010000100100011010111101110001100101110101111100010
000101100011111100110111010100101100111010110001000111011100000101001100101100000010000011011011
000110000101101110111111001011010110100001011010010010111010010000100011000000100101000110001110
101001101101010001111010001110111100010110101010100011011101111011011110010101000001001100101111
011110001100010000110111000110001011001110011101000011111101101001011011111101100010010110000100
010111001001000000111011111111101100010011000011100100011100110001100101010101011011001010011000
101011110011001010100000100100111100101000001011010100001110101010110011100100101011111010111000
101000010001001010111011010000011010111110110111011110111100100001100010101000010111010001101001
000010101111110111000000111101100000100101011001010001000011001000100111010100000110101100000000
011110111100011111101111001000111010111001101111110000110101100001101001110000111010011011100011
001111110000011111001001011011001001001011111100000111110101001001110101100001111010000010111100
110010000100001111110100011111111010000111011001101100000101110101101110000111100111110011110000
001101111000101110100100011100011100000111001110000010110011100100001110100111000100000001111011
110100010110010110110010010110000110001111111111100011100111100100010111010001100010110001100000
000110001010111111100110111111110110111110001011000101001001111011000010111010110011110011100101
000101110101011101000111011100000010010001011010001001010001100000100111100001101000111110111000
110000111001100001010111011000011001001101111111000000100100011100010001001000000010111100001011
000101110111101010010111101111101101111111111100111110111000001100101000011010010111001101010000
110001010101111011011010100100000001111100101101101101110100011101011000111011100010101011001001
100010011101101001110000110010011010011101111010111111100000011000000111101011111110111010000011
010111100011010000010010111000100100101010001011011101011001100110001111101000001110111110010100
011010010011111101011100110000111001110100101000101000001001111001101110011110100011111110001101
010011110000010101010101101101101100101011010001011000011101111010101110100011110101010000001101
011110011001000111000111111000001110000000000100101011001011100100100011111111010000000000010100
010111011000000111110000110110000011000000111010111011000101001011101101000110001010011111000110
111101000101011101011010101100010101100110011011011101111001100100101010100000111100101100010001
101010111101000011101100011110101010000000100010101011100101101111001101110000100101010100101001
101001001010010010111111100101011010000110010000000111000011110001001111011000000101010101011111
111111010100101100110111001111110110110010111111100001001001110110100111110010110100000100001000
011011001110001100111100101000110011010010111110101011100111101101000011111101110110111010001110
010100111110010101001011101000110010100001000000101110001110001110000110010001100010110110101110
010101110100000100111000101001000111010010110001100101101111000111010110100100001001101000000111
011100110001001111100101011000000110001101001110000110111000010101110000101010100011011111100110
010000000110010000101000010110001101011111010000011100011100001011001101101010110010000100111100
001110001000010100100110010101101000111110111001010000001100100001001110010111101101100100001001
000111011010001011110110001101101111110100100111011001011110110101100100101000011110000001001110
110001111001101010011001101011011111111100110010100010010100000110100110111000110111001001001010
100001111101010100111110011101100101000101101001100100101110110001000111100101001011110111110101
111011101010101111000000010111010111110111001100001111110011001101101010010101001000110100101100
011011101101010001001100010010101000110101100001110110000010101000110010011000101010010010110011
111101110111110101001011000011000111000001011011101101000001110111100111100010001010100000010000
001000011110010100010000111111110110010101101100111000100101110011101100101100110100110111100001
001000000001111000001001101110000010101011101001011100110001010011010110101110100000110001101101
101101010101001001101101001001100101000110010011011111100110101100101010100011011110001110101110
001011111111010101011101001111010011010101000010100111011011011010011110000010111100010110000000
010110000110111110111110000101101000011011000011000001111011000001101011100100011010010111101010
000011100111111010010110000011000000111011111000011101010000010010110111001111100101010001000000
011001111001100110010101010001010100001001000001000110110101010000100010001101111000100110010000
000100111000111000010100110011111100001001001010100110101100010010010111010111001100100100001110
000100110101001000110010100011000111110100000001100001000110000100011011101110101000111110110011
111111001110110011000111110011011111110000101101000111011000101101010111000100001100010010110000
110100101011111111000110111100001101110010111101110011100010111010000101010001101010010000000001
001000101111010101111010100001011111011011001001000000101001010001101100110010010000100010111110
011000110010100110101101111111010000001111000101001011110010101110000011101000110100001011110000
010001011010001001000110111110100000101011111010010110110101111101000110111111000110001100101100
110111101000001101100001000011000111001000111110100011101010100110010001011101110100110111011101
101001100011111110101011010011101000111011010000100100011011100100101001011101110111001011111110
010001000011001110111101011011111100001000100111101010001010001001011001001000001111010010111110
000100110011000100011100101110001001101111001001110111101111001011000100001100001011110111100000
110110100100001000100101010111011000010000000011100101100111101111110110110011011111010110000011
110101011100001010010111000100110000000101011001000110111001011100100100100100101011101111100110
101010001101001000000100110110101101101110011100001010111011001111100010111001101011101100010100
101110110001100000011001001000011010010000111000100110010011110110000011001110010011000010101011
111110010011000000100001100110000000001001000101001001100110111010100111111100110011101000000000
110111010001110010001101100001000101011111101011111110010001010001010010001100101010111111110011
110101000111000011111000001100111110110111111010001100110010110100000101110110001100001010011001
100101011010000000111010011110010110000111111111101001100101001011111100010010101000101011000110
101010010011101100000001111100010010001101011111100011111101011001100101000011100000010101000011
010101010111111101110100010111000100011000100100000100110001111100001000100101110011101100111001
101000011111010011101111000010110111011000110111011001010100100101110011110011011011110000001011
101110010110100110000001101001111000011111000011111110110101010110010000001010101111001111100001
101110111011111001101101011101000010000001111110110011100010110010000111101100100010010111100011
111001001000110110000010000101110001011100001111011010111010100110110111110110100101100010100010
011110000001111000011100001100101010010010100111111000011111001110000001100010100001101110000101
000010001001001001010110001101011000000001100001110010101101000111110010110100011011100010001100
011100000001110000011101110110011100111100000101000000111111010101100101010000011101111011100000
011101101000110110001001100001110101111010000011011100000010000110100100101101011101101000111100
110100100111001101001101111101110111011101010110011001011000000000101011101111100001011010111000
101011100001101111001000000001111000011110100110000101110100010101100110100011111001110000100011
010101111100100001001100001011110011001110111101110100001100111101110101010001011010000010000010
111011100111111110110010010001000000100101011001011000011101000010011010001001000100111011001101
001100111111000010110001111001010001111111100101010101100111101110110100001000100110000111100010
001000001001011100101111101101000001100101100110000010001001010111111101100111000110110100001111
101001101010001110111010100100010110000111010010101011001110100010001111111110101110100010111111
001000000000111010010111110010110110100100110110111011101101000101110000000010000111101001001010
111011110101000110101010001010111111110110110000011001110101011001010000001101101100101101111100
001001000010111100010101111111000110100001010001000110110000100110110010101011011001001101111111
010111001001101011100011011000001001011000000000000111100010101111111111100111001000000000000111
010101011110101111001110111001000011101001101110011001010000100010001001111001111100111010101101
001011101011011010111000100000001011010000101010111100110001101101101000011000101010000101000001
101000111111000010101000010101010011000110011111010110010100000100001010000111100101111011011101
010010001101001100001101011110000111000101010111111110000100110110011011000110010011110110110110
010101000011101100110110110011100110111100000010011110111100001100011111110110000000101011101100
111011001101000110100101001001111001010110011010000111110111010111111010010110111101110100100101
000110011100011101110110100000111000010111001001111101010111101111101001111100010010010100001110
110010100100101001111000000000001011001010010100101011010011010110101000100001111001101101111111
110000011001000001010011110100100000010101101011101100011101000010111111000110001111111001011001
101101010100101111010001101000111101111011111111000110110010100011110000101110001100111000111010
011111010001011101101010100000100100101111000010000010011110101110101101101001010000000001000001
000010000011110101110011001110001001000001011011111011111100010001111111110101000001111111111111
110111100010010010011010110001111110101101100010110010100000001101010101111001100011010110000101
101111010001011101110000111100101001101110111000010011100011001000000110100000001111011100010000
001100001110001000101101010001010111110111011110110110010111110100111000011010011101100111110010
111010110110101011100110010100011110110001101101101000111000001100011101000110101101011110000001
100000111100011101110101110001010100000000110110010110000011010110011111001011110110010111001010
100110111001100010010101111011111001001001011000100000110001010010011101101110101111010001010000
110000011010100000100110100110010011100111100000000110101001001100011001110011010111011010101001
001101001010111011001111101100010011001010110000100011101110110110001110001100111111011000000111
100001100110111010001111110001000100000101001100010110000101011111011111111000011110000101001001
110011110110011101100100100001101110100100000100001000010100110010110001111000111001001100110110
011100010000110010100111100110111011010010011001001000001011100000011001011001001110101101111010
110011100010001001011010000010011011111000011001101001011010001011101010100010101101010010111001
100011001101111101011110111000010010100111110001111101111000110101111000011000101000010101010011
101110100100001111100110111101110111101101010010001000110011010000101100101001001001011000011000
000001101011101110010101011101001101110110000100000110100001001000011111111101110000110011011111
001001110010000001010010101110000110101010100111000100010010000100100110000110100101011011001100
000000100001011010111000010100101010100010111100010001101000110000111011011001001111101010011101
000000101010101001001100010011011001100010100011111110101001001111100001000011101001101100111011
110011011000000011110100001001011000101111110001001110010101110101110000001100101010001001101011
001011011000010111010001101111011101010110110001010010011110111001001001000110000111111010000100
101001000011100000001010010010100001110111001011010111111001011101100111100110011001001000101110
111010100100101111011010010110101001100001110111101101011101000010000101101000111110111110110000
010001101010110100001111011110101110000000111011100000011111000001111111111101100101000011101110
001110001110001110111011000101011011001010111110010011110111100011010010001000101101000010000110
101100001000001001011001011000100111011100011110101111011001011011001001011111100110100000111010
111101001110010101101110101110110011000111100001010011101110100010001110101001110110111011000010
100110101110001111000111110100010000001010000101110110111000001000000001100011010111111011100000
101001101111101110100000101111011001101000000001111111111111100101111011111010100110001011001101
111010010011110110110101010010011100111101000010011100000000001110111000011001000110101011000101
001011001110110011101100111010011000001011110110000110111011001110010001001100111111000101111111
011110101000100010110110010110111010110101010100000001101111111000011011010000101100011110101100
011011101011111101010011101011001010011101101001100010010110100000111010111100011000010110111000
100011011010000011100001000010111000010001011110100101000101011111100010100110101001100000011011
010110010011111001111001000100010110101101111111110001101011000110101110000100010101110101110111
011000101011100011001101111010100100011010010001001000001111000101011011000010101010000111001010
011001001000111110011101111101100100011101011100100111001110111101111000001110100110110000110011
101011100101010001000000011100010010001001011010110110110110010001010010111101111110101001000110
001010101100011011000101000101000010101011010011010011111011101001100101101010000011010100100000
111101011001001100010100011010101011000001110000101000001110111110111111000011010001101110011100
110110100011110111010000100101001110101011011111010110000111011010111101110011110100101001010100
000011110110110101001000011111100001111000111110101101001000000101110001011010010010111010000001
001001111001110010111011010000011110010010010111000111011101110111101001110000010111010011100100
000101111101011010101101000011010001110111100110011000000001000111101010001101101111010010000100
011011111000000110010100100000110001011010100111011111000111010110000000111100001000101011101100
001101100101100100000111010111101010001000100010000111010011110010001110000111101111000110000000
000000010111000110001001010100110110000110110111111011010110101100110010100100110111101111011111
111111010001001001111000001111111010101111111110000100000010101011011000010111100001110100011011
101111001111010000101101110111101000111011100110001110110100000001111101111110001110111011011111
011111101101101111111000001010011101101110110010000011000000001011110000011010010011001110010000
111100100101011101101100001001100100001111100001000100001000010111111100111111001011010111110010
111110011111010000011111011010111111010010010110110100001110110011010101111101001011110000100110
111101111001011010101111011011111000111110011100001001101000101001001100111100010111100001110011
011101100011001100011001101100011000000011001111101000001011001000111001101011111100101110010001
111110011100011101100101101111001110011110010101011101111101111011110000000100100011101111011110
111011000011010001000010011100100101011000111000011000101100100111011100110001110011100111011010
011111011001011100110010101000001111111010011010100011110111111001000100111111000101110001011111
011100001111111111100000111101100100101011010111000000000101010110011111111001110010001010110100
101101100010010001000101110110000001111010000000111001110000111110000011001011111111100101011010
111010110111110100001001000100111011010010011000000110010000111000011010110111100111011110110010
000111001011011101110010100010000111111110010010101010001111011101111101101010101100100010000011
011111110101111011000101111011111101010101111100011011101101001110010011001110110111011110011001
111000001000100110000011001100100110010110110010110110001011011000111010111111101010000000011101
111010101001010000010000110001101010100011001110000101111010000110100100111001000111111110100110
000111000101110011011011011100011100010100011001100010110011011001001001101101001110000100101101
010110101111000101110001001001000101101000111100110011000011001001010101100011011001100100000010
000011111110101011011011111100100000111011111101011111010101010011010001000111101110100110010111
100100000001001101111100100111100110011010001011111110100011101000010011101111000000010111111110
110100111110101011101001001110010111001100001101110001010101010100100100101001111101110000011010
011100010010111111010100011000010001100011100100001011111111101100100110100001000101111110001011
110010010001101100111011101010011100100111111000110101111011001010111010110111100101110010100001
110100010101011001000101010110001001011100110111100100011111001010110011111101101000011001100100
111100100111011010111110010010000000100111010011111111100011010011111011011111001111110010001010
100110110111100010010111000010001110001111001010011001101000110111110100011100000110010010000011
011001110001110100000011101101100010011011100000111100101101010001001011111111110101011001001100
010000000000011100001011101010000110100011001010010101011100111010010110101011000100011011110110
110010100010010011110010001101000010010011001001001001010000001111100001001010101011001001101111
100101011101001110100111001000011101110001001001100111100011011011100000111011010110101100110011
100111111011000100100101101001011010100011111111011101111011010100001110110101100110101111100001
000101111101111010001011111100000101001100011011101010000110100000100101101011000010101110011001
001001110111010011011011000001111000111100011111001101111110100110100001001110000010011111110001
011011001001101001100101110010010001010100010100100011101101101010111101110000001101011100010111
000101110001010110011010001110011111000001001001001110101001110001110111011110010011001001010100
110110001010011110000010101101010100100101111001111100001101010111011100010110110100010000110010
010001010001000111001111110011111110011111100100111001000000001111110011001011010001000110001010
110101011010101101010100000101010111010111011101100110101011111110100111111101000111011101101101
000001101000000101110111111001100010110001010011111000100000011001100010001100110000110010000110
010111100010101001111101000101110100111101001100111011110100010011111011101001100110100011001010
110101010011000110111001110000110010100001111011100110000111011001011111001000010000101110101111
100001100110100111001111110111110101110111101111100001101001011111011001101001110101001000111100
010001011011111100100110011011001100011010101111111000011010010010001000110001101011011101110001
000001010000001011011101101110111000011111000010111001011011101100100000101111011101000101001000
110000110011001000101011101011001111010110101110111100110001100101010110100000101010100110010011
111101000011001101100110100011010000001110100101011101011010110100010100101100101110001000010001
110010010110001110011101111011001011010100100110110100010100011000111011001011000011100101101111
001000101010110010010101101111101011000101101110001000101000101000110101100000010111011100000000
100010011011100001101110011100010001100000010000000010101101011100111011000010111101001110110111
011000001100000010011101101000100001100111001010001011010011000010101100101000110010000011001000
000010100000111010111101101101100111001010111010001011101111100001010111010001111110111000011000
101010110011001100111111000010111101100001100111101111001110000110111100001000111111100011110110
101100010000101111100110100000110011101011110011111010010111001100100111001010000101001001001101
101000100000111101101000011110001110100001010011101010101011011000100001110001000001010001101000
000011011101101101100100011110000001000110000001011101100011110010001001100010000011001010111101
101100001111001010110110011111100111111000100010100110000010000011011001110010110010111101000000
110001101110101000000011010001011011000111110111011111100110011001010110111110000101100011001010
000110010110010001011100101110000000101000001110111100111110111111000100101000110100100011010010
100111111001111011000010000101001110111010101101111111110110010000000111101000101111010101100110
000110100001011101011110000001100000010011101100011001001110001100010100000000001001100110111010
100011111010001110101000100100101010010111011110001100100001110100010001001100101111111100100000
110100000000011101111101000000101110000001000101100111101111101001001101001000000101000111010000
000111111111011010101111001011011000010110101010101110101100110010111101110100111001011100110111
100001111110011110100100000111001010101100011101111101001000010110111010100111000100010011101001
010010100011011110101001010100011011101000010110111110010100011101101000100101110011011010000111
100111001111000100111110100101110010100001111010101001111110001110010100111011110011010011101000
101110010101101111100011001111100111010000010011010011001001101010101100011011010101000001111100
110010011110101001101011100000111101111110111110011111101000101011001110111011100111011010100001
101001111001110101110101101011110110000000011010111111001111000100100111000010110000100111011010
111111101110110000001000111011100110011010100101001011001100101100000001010000010011110011001001
011010111001010110001001101100011000001000001110001010011111001100110101110011010000111100111000
101010111001111010001001000011110111001100000001110001110000010100011001100010111011101111000001
010010000101000110000001000001111011011011100010101001001110010000101011011001010011000000000110
010011101110001010110001110001100101001100001001100110001000000000101100100011011101000000001111
000110100000110111000101101100010010111010011010011110101101100101100100111101110001110011010111
000001001011011011110011110111000111010011011010000000011011011101001011011110100010000001110111
110001001011001011011010100111001010001101100001101110000011110011111000100100111000111000111011
101101111010000101100011100010110001010100001110100111010011111011000000011101111010000010100000
010110011001010101000100111011111000001010001000011101000011101000101111110100100001110100001111
100110011011100100101110100110010101011111101010010100001010110100110010011011000111001001000101
110001111010011010110000000001101100011101111011111100001001000101101000101000010001111110001010
100110101110011101001111001111010100101110011111111101101110010110001000010010111111100010101011
100101000000101101001001000111000000000110010000010110110011110100001110100001110110011010110111
111110101011011100000001110011100110110100100000000110010111010101000000110111111011100001101001
010100000101101110101000110011010111110101100111000001011010001110111001001111111001010101000100
011001111111111011011010000001111000000010101100001011001001011011111001100011101111010011110101
000110110000111110001100000000110101001011010100011000001011111110001111110101110101011100011001
001110000100011011001010111001111001100100101110011101000101001000101111100010101011110110111000
100011100001111010100011010100000010011011011000011001100010011110001000010101001100111101100001
100111110110100010000011010010101001000101100100100010010001101111001110100000100001001000000000
101101001010110110111010101110101110101111000100110110011010100011010110010101110001010010110111
011100010111101010111011000100011001010111100010001000000101001100100011111100101110100101001011
110000111101111110111100101001010001110110111000001010000101101000111011100000011011010010111111
101100100100001111000010101011011111111101111000100011000101111001100101101010011001011010000010
111001010000100011111101110111101101110010111100001000111110111010110010000110011100101111100000
111011110101110001101101110110010001101000010100101010101111001111100101011110110100000010000000
011010111001100010101110110100011011001010110010111000100000010111111001011000101111011000011010
000100111101001111010010110000111101110001011110100000000000010011011101001001000101111011000010
000111111111100101110000111001000001001111110001001000100000101001011010101100000100111001001101
101111000001110011101110101111101111000010001110100001111001011000101110000111000011000010110011
000010010110010000010101111100100100110000001110001111100110011011100101101010110011010001001001
010111010011001100100001011011111111111011011010100101101101011100000011110110111000001101111101
101111000000010100001000001000000010001100010101100101101010001010001100010011010010001110111001
100000100011001001010000110001100111101011010100011001100001001101110111111001100110011001011000
101000011100001000100111111111101001111110011010110011101111110011110001110011110100000110111100
010010010000110110111001011000100100011010100110000010011011110101011110100001110010011111100000
101001010001111100000001101100001000111010000001011110001010010010111100010000001101100010001100
101100111010111010011001101111110010110011110000111001010011010010101010101111110000011110110111
100111010101000110011100001001100010001101110110111101110001100010111101011111110011110100000111
111111110001001101011111110000001001011101110100000110001000110001111001000101100001011101100011
010111101101110000011001010100110001110010011011111011011000001001111100010101111000111000010110
011010001100101111001001011101011101010111111011011001110010101111001100011011011100100000001000
011110100111111100001001011110101100011000011011100000010100100000110011100111010110101010110000
010101010110101010001101000000001100001000001100010001011110010101101001110100100000000011010010
101001001111100110101100011010100000111001011101111010010101001010110001000010011110100010001101
011100100010111001010110100110110110010000101001011100011010010100111101010010111001111011000010
000100111111000001100011001010000101000000110101010001111001001011011101110101110101111111110101
010000101101101010000100111010101111000101111111100101011101011011010111011000010010011001111000
001100010000010100111100011001110000101000100010011000111100101011111100010001000111101000111101
001110001100110011110101011010111101101011010011110001101000011110101100100100011000100010111111
001000111011000100110100000010110011011011100110111001101000010011001000110000101100001101000001
000000000001011100001010111111000110110001000101010110010001100010100110001011011100010001101010
100000011101110000110110110001101001010101100011110110100101011111000000111010101001101001010100
001111110000110000000010000000100000000101010001110001100101010010000000111101001101010010101100
000110011000100011000101001110100101100010100111101001100011010111100010011110000011101010100101
111111111110001110110001000010111011110001010101011010011011010000011011010000110001010011010010
010101001010011101011101010111001111110000001001110000111100101110010110111100000010101001101100
101011001001000111000101111000111101111100000101011110001001011110001101000110100001111010101000
001010011000101101001001101110100011101101111011101010100110111000000001001011110101110110100101
011011111001001100001001110000101010001111110000010110100011110100011100010001111011000001011101
101000000001011101001100000000011110100011011111011001000011100010000010011001111001011000110100
001100000100111000011100000001000010100000001001000000000010111100101110011101000101101100111111
100000100101100101011010010000001011000111101110110111111011000001110000001101110100001011111111
000110001000000111100000001100011110100110010011100011001101011011101110101001011010001000100011
111010011110110001110000010101001010001101111111000101101100010100000111110010110010001111101011
100001010100010101111110010111100101011100110001010111111100010011100000000011010101011011000110
110001010100000011001110000001010001110101010011101010010001011001110101011110111101100110110100
111000101010111100111011010111101010010011111110001100100100101110111110011101011011111011001101
101100011001001000011011100110100101110100101110111110100111101000010111010001111011101011110000
010110110100001110101001111110001000000000001000110110001101011001110000110011111000001000011011
001100110011110110101100011000001000100010001110010111101100110011001010110111101001010000100101
101100111000110000110111111010101001110011100011101000101101111100111011110000000110100111110111
100101110111100010100101111101100010010011000111101100000101100000101111111101010011000010011110
000000011100111101100111000110111111110010010110111011001001001011010000011111011100111011100101
001000110110000111101110000101011110101011111110101010001001111110001111000000000110010001101000
110101000101101011111100001011001001100010011111100010100100100111011000111000111101111111111010
011010110000111000100000011110111001010110110011110011101110001101001111001001110111010100000100
100110111100100110000101010100111011011111100110100001000101001110011110100101010110101110000001
001101001100000100101110011010100110100111100011110011011010101110011001010111101011110001101010
011101101000111100111010110101100110111100110010001110011101100101100010001111111101000111010110
010011010101000000000001101000111110001101101101001100111111001011110000011011010010001010101110
011010101011100010110100010110101010111100000101000000110001010000010010011010001111111010001001
101000101100101001001111100110011111110100101001101011010000100101010101011010001001101011111011
000000001011111000001101001101000000010110100001001010101011101110000100110000001000100110110010
110110000010101110010010110111100010001101011011011001001101101111101110000011000000000111000011
001011001010011001110101100011010100001000000100010001011010111111110001100111110110110010000011
111101111010001110110111001000000110100000011001000011101011000101010111001111010001100111001110
001111000000101111100110011101111000010000010011000111110101000101010010100011100001001101011010
001101000100101000001010101110010100111101001101001010101101011001000100101010101111110000000111
101010101010111110101001000111111010010000010111111101001000110110001111111101000111001111111001
100100101111000111101101110101110111011010011110111000010001101010001111000011111001100001000101
110000001100101100100000010111011111110011100100110110101101101100111011101001011110111111001011
111010011111010101010111111101111100101011000111111100001100110001110100000011001100100110001010
001110110110000010011100010001100010000001011110111001110001110011001011101011000110110011011111
010101100010110000010011001000111011011100111110101110100101001111000101001001001011111110101010
101001001001010101100010010100111000000001000101011001001111010000100001100001101110010001110001
011111101010111110101100100100001110110000001110111010111100010000101100010111110010100000101101
111010010100101111110110000101001111111101011101001001101101100000001100011000110100011010101001
100011110110111111101100110110111010011000110000110110101110110101011111000011101010111011101011
111101100000110110011011001111011100111100001111110000000001111000101000101010110110110000000101
011010010010101011001000101011010001001111101010001110111111010101011110110001010110000101010001
100011101010111010011100110000001000000101011110111101010011010010000110101001111100000100011111
110110101101101100110100001110001110100001100111001101111010010111110010101101111101111100010000
011011001100111100011101010010101111010011011111110001000101100111100001111110101110110110011010
110111101011111000010111101011001111001001110111000011001101001111011111101111000100000010110101
110101011111010101110110011110010110101100111101111010011001011100111110110001001100000011000111
111000100111001010010100010101100010111110101110010010101111011000101110101101111110001110110110
110110000110100000000011111110001001011011101101100011111001001000000000110111110111010100101111
001001100001010010100011110110000000100001001000010110000010011110001111001010010001100100010111
111011000001100001111010010011101010011001000011000101100011011101010100000001111101100010010011
010011000101110011011101011011100011001110110011110010001001011010011000010000010000000010100001
110101010100000000100000111100010001111110000100000101010010000011011010011000001010010001010100
110100101110011111110101110000011010000110010100101011100100101000110100011111111101001010100110
000101111001110101101011100101000111100000011110110101000001010011100110001011110110110000000110
111111110110011000100110101101011100110110110100000101001001111010000011011111010100110111001011
100101001100011111100100001110010101101110000111001010010010110011001000111100111011000001001101
100011100001011101110111111101011101011001111100111011110010011100010001010101101010010001100110
111010110111100000001001111110000111111110100001110000000100110010111101101011100101100011011001
111001001010111011010110110011011011100101110101011111101011100011000110111000010001000000011010
110100101110010111011101001001101001110001111101101011011010000111010100111100010010010001010010
100010001010110100111010101100100111000011101000100100111010111011111011111000100111001101010111
100101001110010010001110011110110000000011001100100011000011000110000000111100110111100011010011
011001100001100110011011101011000100011001010110011100000111000110111111101100001011010010011011
011110010111110101111111001111010110010001100100000111001001101011100011110000010110011111010101
010001000010010000100101100111010010011100000110001000101001111000110101000001110100001001011000
100101101100110101110100111110100110011100011100010110011010101011110110001011100000011100000011
011101100001101111110100001101000100111110000110110110010011011110011110101010100111110110110001
000111011110100110101011100011111000001011101111101110111000001100110101110100000101001000000100
111000110110010100101100000111000010110101101000110010010011011000110011111011100111011011010101
011000110101010000010000111101010111100110011111110010000000011100100011101010011010100000001001
111110100010111110111010111110100011101101001001000000101100100000001100000111010000010110100000
011010101110110001010011111000110100100101111111111011001100011111111011010011010110101100011011
110101100010110110010001100101001011111010011010010110101011101010000011111110110101100010111001
000000100011110100101001111001010011111111010011100000000101001100111111101000011111001111010101
011110101011011001000111101101011010000111010110110100010111100001100000010110101011010011100111
000010000111010110111110010000011101011010110111101010001110010000011111100000001001101111110000
010111100110001010001000000101011011100010011011010110000000111010011101110011010001010010110110
110001010001110100101001111100110111011101010011000000010100110110100111001011101001010100110111
011011101000111011011011111011001011100100001110101100000110001001100100111111001110001000010000
110001110101001011010001011010110011000011110111110111100000111011100111101001110110011011001000
111000001110000000111001110110100011000100111101100010001101001010000100101111011001100011010000
100000010100101110101001101100110010001101011100000101110010000110110110100111001111110111011001
010110001000001111101001011001111000110000100101010111010010101101000101110100110100111001100111
000011000001100111001110100011010011101111011110101000100010101011101100110101111001101011010010
011111111001001101111111000001001010100101101011100111111110101110101110001000011100010001001010
001011010101110101011101111010101100100101001111000110000101101100001001011100110000001011101010
001111001001001101110010011000110101100100010011000110011000100001100011110000101111110100110101
000100010001110001011010001010010001110000000110111100110001101000000100100100110001101101000101
000000010010010010110001010011000010111100101111111100001100010110011111001100100110011001000110
011001011001100011110011000010110010110101000111110011011001001000110000110010001111111001110111
111110110101111111000001110011010110011100011100101010000010111111100010110011111010111101001100
110101001110110111101100111001111001100110000001110111011111001010011100001101011101011100100011
111010011100110111111000000111001010000011110111100000100001100101111000000011110001111100010000
010011000100101110101110100010111001110110010100100100101111001011011000110101110101101010010011
010110010000100111100001101010000101010100010001011011110100100000110100110010111111000111001011
111001011100011111100001001101111100101011111010101010111111101001101000010011100101101001011010
100011010110011100101011011111010100111111111100000001010010111011101010010001011011100111001101
001100011001111011000110001111100100111111000101110011011100111010111100011011000100101001010010
111001011111010001111000011111101011100011110011111111110100101001111110001101001101010001111011
101000100111011111101000101100001010000110111111010110011110111010000111000101000001011001100100
110110010111001110100011011011111001001101000010111101001111001001110101110110011000000000000101
000110011011111100010010110000110100111111110000001010100100010101101111100011011101110111011111
001010010110100010001000011101001111011001001110000001101001111100101010100000010100000001011001
000000010010001001100010101010101010101010011110100000011110010101000111001110010100001111001000
000000100100010100011100100011101111101010001110111111011111010011011111101010011001001001010101
000000001100101001111110001101111110110010111101100010011100111110011001011100011000000100111111
001100010011100011100011100011110100101100100110010010111001111011100101000010101100110010101010
000110110110010010001000100100000001001101011101111011100001010000100111100011000011010011000001
101000100110110001000101001110110100011011110111111000111111101011101011101001001011111001000101
110110101111100011110110010000110000111011100011010001010110101110100001100011000101001000101100
111101011010100011010110111110110010101011010110010101101000010010101111010011101001001100101011
110000011000001110100001000001100111110111001010000101110110110101011100001010010010111000110000
100111000111000100100001010010010011111101101000110011110111110100110011001111001000111011111010
001111101111110001001010011100010000011010011111001101101110010111100011110100100000111101001101
110101100011111001110111101000111001000001110100011100110010111001100011001011111010100101001110
111010101111111010000100001100100010011111110111010101110111011111111110001001011111010111100000
011010110011001000000000101011011010011110011100110110011110011010001111100000010101100110100110
000010000100001000000000101100000110011110011100001011101010011100101101010001000101011110100001
111001001101110011000101111001010011000101010000001101100110011111111100101101001001000010001100
011111100001011000000111000000110101101011010111011110000101111000101111011010100110011011101010
101101001111000000011100110010000110100110110110010001001010110011101000010010111111100011001100
100010001000100100100011000000100010001110111111100101000110100100100010110110010010010100111011
001010111100000101110000000110000011110110011100010111000111000110010110010010111100001100000100
000011010111010011111110111100010011010011000011001010110010101000100011011110001110110111110110
000011010111110001011011000100110111011100110110101100110011110000011010001101111110011011110001
000001110100111001110110100110100010011100110011100010000010011111000001101001011001001010010110
100101000000011001100011111110001100001011111101111110111000011111000000000011111111010000110110
111110001101111001110000111010110010011100110100111101010110111100111000110011010110101101111000
110101110100010100001011010001101001100010000001001101010111111010011010011111111010101001110111
000011001000100010000000000011101100111000001110101111010001111110010011011111000110010000110101
101011001101010010100111100110111101100100011000000111111001011011101010001111110001100101011011
001000001011011001111011000100100100101111010111001100111000101101110111001010001101101010010111
000111110101100110100001011101000001010111101111011100100111011011010111100011101010010111011001
111001101100000001001101101011100110111011001110010111101110100011110100000111001001111111011111
000011001100101010110101010101100101110100001011101110101100100011011111000010100010001011010001
101010000001101100011010010101000011011001001110101110000011001110111110000001110001011101111011
000111001100011010110001110000101110101111011010001101110001010111001010011000100101000110010110
001111111100101100111010101010010010011010101111101100110100110111010011000011011110101000111101
101000101100011111011101111111101011000110110011010011110000101111010010111011111011010001101101
111010100101100100010101110111100100000110110101111000011100111110000111101100100000001001000000
010010000111100111000110000001110001010111101101110101111101111010100110010010001100011101110111
111101000011111101100100001001011111001000111001111101110101011000111000001100011110111000000111
101001010010100101001110111111011110111001001000110010011110000000001110011101110100110010111011
111010110010011010000010010100110111110011010000010111001011011000111011100001100111011100101010
100110001001101000110011001000110000111000010101110111001010011101100111111011000000001001000001
001100000010110100101001011011010000010011110110100000110110100010001101011110000110110010100000
100011011101111101001001110000111111000101100110001010110100010100000010110111111100110101101101
001111010111010011001101011001011100100011100100110010001101110110110111001000100000011101100011
010011001110111101101001110001011000000110011000101111110110111010000011001001011100110110111000
000101011110111011101101000010010110111011001000010011110110111110110001001010111001001110111101
101100110000001111111110111100101101001011000101100001100001101000110100100110101110010100001111
010100110000100010011101100111011100101000000100001111001010011010110000001101010101100000101110
011001001010011110000011001110101101011111101110111111110111001100110110000011100010000110010110
000011101101111011111111010111101001101000010110100111000111010100111101011000100001110101110001
100101010100001100001010001000101001001110110110110110111100100010100110001000101100010110100101
100100101011010110101101100001111101101101001010111110001111001101111101010111000100011001001110
100111101101111010100110100101100110000001101001001101010001100001100001000100000010011010011110
011010101011011101001011000101010101011111001100011001100011110100000010011001111101011110111010
000101100101010000000111011101011000010100010010010111111100000000101101011010000110000100001001
100001000010100110000111101011001000011010110110011111010101011010010000100001000010011110111001
010010011000100111111111111101101111011001000000100001111110001001000011101001010111101011101100
100001110000001011101011101010101001110100000010110101000011000111101001010101111100000101010100
011100010011110010001011010100101011100000000011110101100100001011001101010100100000110101101010
111100010110110011000111100101111010011111101111011111111000011000000100001011000101110000110110
101110010100010011011101100000011111100011101111101001111001010111111011111000010001101111010011
000110011010101110111111110001001111000011001000011100001000000000111001010110100111000100011111
111101010011101011110101011101010110100001100101100101111101001011000100110001101101011011010110
010010100001111011001010010011111001100111100000110011011100010011010000101100010000010100101110
001010110101000001101011011010011011101110101010000110111011000100001101100001011010110011011001
100100010011010100011110000111000111100011100110111111111101100110100100101011000111011110011101
101001010010001101110111011001010100010101100111010000011111101101111001000010100111001111100110
001110010111100011001001000001011001000101011100011111111111011000111010000000000000110001110011
010000111010011110110010011010101010110000001110100100110000011010110001000000010000111100111111
110100000010101111011011101000111101011100000110010101111101010100100101011010011001100001000010
001011000111001100111101010010010011011000101100110100011011101101110010000010001000001011100101
000100010011100110101111110010110011001101000110101110101000101100011000011011100101101001101110
101110110100000111101000100101111010011110010010101100000001101011100001001110101001111011001000
001000010101100110011101010111001000000000001001101100101000001010111001001011010100010110010110
001101111101110100100110100011000011100110000001110101100101010101101101100001111100101011000111
110011100111101101010000000100011011101101111100011101100000010011110001110111101110101111000010
100111100000101001011010100101111100101100001000111010010101100001010100011110100010101001101100
111101110000010101100110101000001111000110001011011010101110100001101000101010111110110101100001
001000010101101011100110101100010100001101101011111011011011010010000101111111111110101100111001
111000000100110001000011101100110110110111111010100001001011101001001001101011000110111010110101
011110110000011010101100110001100101000001110100101001011001011100100000101111100101010100101011
011100100010011001111100111010110010101101101010101110111110001010011001111000001011111010111110
100110010100111001101001001110111000111001101101110101001001001011100011001001001100110010101100
010101000011101010101111101110110011011111100000011111110110001110001111010111010101110110110100
100011001110111100101111100001110110110111010001000111001000001001001111100001010100100110101111
100100111001111101001011101001000110100001001000010010001010111101111110101100010101110111101011
000100011101001101101111011011001000101100010000010111110000001110100001111000010001110001001110
100010101001001100111100011101101100011010101110100011000111110011111011111111111101001010000110
010110110100100101000111011100100010100110000101110100101101001011011100100001110101110000110110
100011110010001010100011011000110110111101110111111010001100011011111101000100011110111101100011
111000001111111010110000000111101001011110001011110100001001111010101010010011111101011000011011
010101100110111011000011001110010010111011010101011111101101100011011101110110001010010001010011
111111101000000000000010010010110111011010001011100100110010100100101011001110001011010100110100
000101000011011011011100001111011000010110001011000111110010010100011101111110011010100110111011
010101001000110101010110010101000111101011010010110010111001111000001100101101101111101011111001
111011000011110000000111010110111110010100111101110000101011001100001011000011000101011101011100
100111001111000000110111000010001100001000100001000111101100101001010000101100011001100011111110
011101011110110110111010110100110000111111100101111101010011100101101011100101001011110001000001
010010011101001001101000001101101110011100101000000000011111100100011110010011110000100010011110
010110000001000011010000111100101011000001101101111101110100000000011000010001110010101100010111
100001100001101010001111001001110011110110010011011010011110111100000101000100110110100001110110
011001011000011010100100111000000001010110100000111010101101101101010111101000101000111111010111
000100011001001000010101101101001101011000110011011100111110010011101111011001101000110100110101
111010100010011011001111011111100010010100111100010011011111000101001001010101000001110101100010
000100111101011110101000000100000100001100010010110101000010111010111011001101001001001000011111
001000101011000111111000111010111110100100001010000110111111110101111011111100111111011110010100
011010111100010001010010111110010000000110100001001101110011011000100100001001110001100111011110
000011010100001110011010111001100001000111111110011101000100100101000110111010000101101000110110
011000100100111001100001110010001101100010100000011011011100000010010010110100011000111100000100
101001100111100110110011011100011100011101000110011101101101001010101000110100101010011111000110
011000110000111111101000001010111001011001000101110010001000100110111000111001010000110010000000
100001101011000100111110110101101010111010111001000111010101111110100101001101000101010100111100
010010001010110000101110000000000101101111001100101011001010000001010001000010000111011000100111
110111111010111011000111000100111010101111001111001111001000001100001100010001010110110010111011
010011011001001000000011100010100011000011000110101000100011011011000100100011101011010110000101
000001100010011111110010111100100001010110010001100001001101100100100001011000001001000100001110
101100010101101010011011101110011110110100110101010011101011111101010111110101110111110011010000
011000001011101000000011101011101101111010110010111000001011110010101101010010101110101001000100
110110001010111010101001101001011100001110001010010011110110111110010000110100110000110000001011
011010101001011111110101110110010100101110110010110110101100110001011010110101111000111001100111
101000111001011100000010111011101001110110011000011010111111111011001011100000110001000110110101
011100111001111110000001111001000011001110111001000000111110110100101011011010011110000011100110
001011010101000110110110110011001110100011000011111111011110011110010001110111111100101001011101
111000000011010000010011011001100110101101101101100011000101011110000011110101010010111100011011
000011010010100100110001111110100110001111000110010000101001100110100101101110010110101110101100
000101110010001111010100011011001011000001101110100010100111111001110101100110001010001010000110
000001111110100110010110111101100000101010001101001010101010001000011001011100011000011000001111
111111110001110011111001111011110111100010101110101100101011001101010010011101101011001100101111
001001010110110011110101001000101110010110001101101011001001011100110010010000111001101000010001
110010100101101100110000010110010100011000100111111100000011001010101110010101100011110101011000
001100101001100111000100100101000100100111110000110010010101011100000100111111000000010111100011
111000100101100110010100010100111111011001100111000010110010001010011111000111000101111110011110
101101101110110000100001111111011000010110011100011000000101010111111110001110110010101000100101
001100000011111100001000011101000001001011101011110110000110010101010011100011000110000110010011
010110100011001110101111011101101101100111000110100111110000000111111101001101100101000000110101
010001110101101111000001111111000001101000010010100100100101111110100100001011111100110100011111
101001100011111001101110000111011100101110011111010101001101110100110100100011111011000001101101
010001111110110011011101000111001011000000010000001100000110011101010010111101001001010111001101
001100010011001111010011111011010001010101100110101111011100011001010011010001111010011010101110
011010100110101100001011111010101101111101001110010100001111001111001011011111110010001000111110
110000010101111100101000000110100101101010111110100011001010101101111101001111010001011101111100
011000111010111101100001110111110000111111011001111100010110111101111111110001111011011101110111
010001101111101110011111010110010011000110010101010100110001110000111001011001001000110000100100
010011111000001001010101100011101010101100111010011110100011110000101011011110000000001001101100
010100100011001010110100110000000100000101100100011110101100110001000111001010111000110000000010
101110111010100100010001010110110011111111111111000000000010111111101000000001000011100110000101
111111001100011010100011100110110000011001110000001100001110110000011100011100101111110010001011
001011001001110000001110110010011101110001001011010110000001011011010010111000011100101110000100
010111010101011011011010000101010011000100100011011101001111101110100001000100111111001111011001
001110100111001110001101001101010000100111010101011101011010000111101000100100010101110100001100
111101111111110010100011101001111100011001011010011110011010000001101011101000010110101101111011
111111011101111100100001010011011000110000001010010100001110011111011100101011011011111011100000
000100000000001000000000010001111110000100110100110110000001010101101110100101110000110001100100
110110001001010110101001001000001001000011000011001101001110111111110100111010001000000000011110
000100011110001110000001101110000001001010001111001011111100100000100011100111000100011110000001
001110011110001110111000010000100011001100111001010110111100100000010110010000101001110001000011
001111101001101000101001010100111111101101010011110010001010010101011001111100111110110010011011
001100101101001010001000101110001011011100001100111100111100111100011010011110010000101111101110
101100011110101100100101010100110111001110011101011101110111001000000100011010111010010001001001
001101101101110111100010011000110100011010101110111101001010111001111010101010100110010000011011
111011010010001011011111000101101111001100111101001110000101100001110111100011011001000101000010
000010010111011000011001001101110001111100111111000011111100101001101001101000000011100110001110
100010101001000110100101100101111101001101010010001110110000110000110011001101001000101010101100
100010000101011000100000010100001001101001100110111001101011000100111110110111001000011111111100
100101000011110001110000001100011100101111101101101110110010011001110011010111000000100000100000
111010101001101000001011100001010100100000011000000011011001111010001110011100100111011110000100
010100100111111110101001001101111000111000111010101101100101011110101010100110010111001101001110
011011011110001011111000001010000010011101000101100000000010010111010001010100000100101111100000
110000101000011110010100101100011100110000010100001100111111010100110010001010110101010001010011
001101100001101100100110011000010010011101110001010100011000000100011000000110100010110100010111
001100000000100100010011101011110100000110010000011011001010001111001000111110111011101101011110
100001010001111101110111101011100001010010010010010111011010110100011010110110101110000110010101
010110100110100101100011100011001001010110010110000001010110111110101010111110011000000010110101
100011000001000001010011101100011011110011100000111011001001010111101110001101100101000001111100
100110000100011101101100010111000001111000100001111011010100111001110111100100110101101011000100
111010010110001000100011000111100001100000111100010101110011011001100111100101001011111100111001
010101100000111000001011011110011100000010011100010100101101100011100111001000111100100010110001
000111101010011111110000000000011101100100000110000101110001011010110100010011000001001011110101
101000000100010011001100011011011110000000111001111011000110000110111001001100101001010101111100
000111011110011111111110111011111010011011110011110010011111000101010100111001011000000010000100
011100111011001101100000111000010101101001011010111001110011111110001111110110011110010001100011
111100101101011011010010000111110011111110110001011001001100101010110011011001110110100110011110
100110011101110110010001001010110110010000010001001011110001001110110010011001011101101100100111
011000111000110100011101111011010010110010110010110100101011011110011110001101011000011101100101
110101001100101000000100101000100100101101010000110010110000011011001100111110101000011110001100
001101110101111011011110001111001111001011101011100100100011010101110111010001011001000001101110
111111001101000000100000011111111010001101101011101100001011100001111000101001011010111111011011
111010010111000010011001111001111110011100111001101000100000010010101110011000011001101001101011
000111000000011110010100111010000100101111100111110100000100110001110110100000011110101111000000
110010110100010100010110011011110111000010101110110111100111000001100101000000011000100100101101
010010001001001110010010011000010101001010000011100110000101001001000001101110111010010000111010
110010011111000001011010101001100111000001010110001000011110011010011001101111101111010100100111
001011010101001001001011001100011100110101111001001011111110111100110011010100101010010000100001
110111001101011111111011000101001111001101000100011101111111100101101101111000101100101011101111
001011110001110101010110001101001111111110101011000101101101010111001100011001100010001101010111
111101011011001100011110101100010100111100010001011011110011110110110101001111101100111101100111
110111111111100110000000110011110100110011001011011100110100100010000110110100101110100111101101
011010001010001011110111000010111111001001010110001111010000011100001000011101110101001101011001
011001010001110000111110001101111011100101100010011111010000110011001011011111011111100111000000
111010010111100011110100111101111000100001001000100011101000010101110010101100101101000111110100
110100011010100100101100101000110000110101001000011010111111101110100010101111101110101010100000
111101000100011111011100001000111111001001111011111010011001100001101000000000001111001111101000
001001001010100010100010100101010100111101000111010110111010010111101000000101001001011110111111
011111011010111100100110111000101101101001000000000010000111000100111001011000100011001011011100
011001011011011111110000010111000000111100010010101011011111011011110101101011100111100110011011
111101101111100110111001100100001001110100011001000110001111000100101100010000000111011000001111
000001100000011100101000010011111010110101001101111010010101101000011011110101010001000110111011
011011100110100000101100110100100111001001110011011100011110100100011010110000100111001010101011
111000100011101100001010110000011001010010101100100110000001100011001010000110111100011000011111
001001010111110011101110011000100010100000010100010011011100000000111101010100000011100011001101
001111000000100000111101100000100011110010110011011101001111001100011110010101101010100001011011
101011010010100011001010101101110001100100000111111100110001110011100010100000101011100001100111
111000110000100110110110110000100001011010000101010101101011100101101111111000101000101111011010
110100110000011001010110111110111111010001000111100101101101001010101100100101000100000000100010
