111110000010000101011000010000000011011011111010010100000100001000100011011111101110100101000100
111110000010000101011000010000000011011011111010010100000100111110001011001100111000110100010101
111110000010000101011000010000000011011011111010010100000100010001001100000100000110010100101111
111110000010000101011000010000000011011011111010010100000100011111010011100110101000100110101110
111110000010000101011000010000000011011011111010010100000100011010101001111110010001101011101111
111110000010000101011000010000000011011011111010010100000100101001101001000010101110001000011011
111110000010000101011000010000000011011011111010010100000100111001111011011011010001000010000100
111110000010000101011000010000000011011011111010010100000100010000001010001010001010101101011011
111110000010000101011000010000000011011011111010010100000100000110110001100101100111000001100011
111110000010000101011000010000000011011011111010010100000100001010010110100110101100111100011011
111110000010000101011000010000000011011011111010010100000100000011010011000011010001011000100001
111110000010000101011000010000000011011011111010010100000100000010110011010101110101011111010000
111110000010000101011000010000000011011011111010010100000100010111000000011010010010011100111110
111110000010000101011000010000000011011011111010010100000100100111000101100000010011101100000111
111110000010000101011000010000000011011011111010010100000100110000110111101111011100000111110111
111110000010000101011000010000000011011011111010010100000100100010110101111101111111110001111010
111110000010000101011000010000000011011011111010010100000100101010011000100110110101100101011000
111110000010000101011000010000000011011011111010010100000100110110100001101111010000111101010011
111110000010000101011000010000000011011011111010010100000100101101010100010011101001000011110011
111110000010000101011000010000000011011011111010010100000100101111000010101000111101111001111101
111110000010000101011000010000000011011011111010010100000100001011110100111111000000010010010101
111110000010000101011000010000000011011011111010010100000100110011010000101011011001010111110000
111110000010000101011000010000000011011011111010010100000100001000010110010011110111111001010010
111110000010000101011000010000000011011011111010010100000100001001111000001111110000000011111001
111110000010000101011000010000000011011011111010010100000100011110001000001101111000111110111011
111110000010000101011000010000000011011011111010010100000100100110101011001011010101111101010011
111110000010000101011000010000000011011011111010010100000100110011011011101000001111010111001010
111110000010000101011000010000000011011011111010010100000100110010101111010111011100011111111101
111110000010000101011000010000000011011011111010010100000100111100001111101101000001000000011000
111110000010000101011000010000000011011011111010010100000100000001001010100101011010010110011100
111110000010000101011000010000000011011011111010010100000100001011110100001001001011011000011011
111110000010000101011000010000000011011011111010010100000100111010111110000001111000111110001111
111110000010000101011000010000000011011011111010010100000100101010111000101011001100110111001001
111110000010000101011000010000000011011011111010010100000100111111000000000000010000010100110011
111110000010000101011000010000000011011011111010010100000100101110100010100001101111001000101111
111110000010000101011000010000000011011011111010010100000100100101111101100110101100000011101000
111110000010000101011000010000000011011011111010010100000100001011011010101100011101011111101101
111110000010000101011000010000000011011011111010010100000100101000111100101111001001101001010111
111110000010000101011000010000000011011011111010010100000100010010111111111011011101010111110111
111110000010000101011000010000000011011011111010010100000100101100010110101111000110101011010111
111110000010000101011000010000000011011011111010010100000100001011001001111000100110001001101010
111110000010000101011000010000000011011011111010010100000100111100000100001001100100001010110010
111110000010000101011000010000000011011011111010010100000100111111110111100101100100001111110110
111110000010000101011000010000000011011011111010010100000100011101001000100111011100010100111010
111110000010000101011000010000000011011011111010010100000100100000110010000101011100011000111001
111110000010000101011000010000000011011011111010010100000100100011101101111001111110011001000001
111110000010000101011000010000000011011011111010010100000100100011111000000111110011100011001001
111110000010000101011000010000000011011011111010010100000100101001001100011010111111001010010110
111110000010000101011000010000000011011011111010010100000100100111100101001011111010000111010101
111110000010000101011000010000000011011011111010010100000100100100110000110100100001001000000010
111110000010000101011000010000000011011011111010010100000100110000101100001111001011101011100100
111110000010000101011000010000000011011011111010010100000100000100100000010110110011100010110100
111110000010000101011000010000000011011011111010010100000100100011010111001101011001000000011110
111110000010000101011000010000000011011011111010010100000100001010111010100011000010000101010100
111110000010000101011000010000000011011011111010010100000100000101000000111000110011100011110110
111110000010000101011000010000000011011011111010010100000100000010010001000001110010100100010111
111110000010000101011000010000000011011011111010010100000100000110111100111100011100011001011101
111110000010000101011000010000000011011011111010010100000100110001001100101110011011111101111001
111110000010000101011000010000000011011011111010010100000100110111000100001000111111010101110110
111110000010000101011000010000000011011011111010010100000100100100111000111011010101111111000001
111110000010000101011000010000000011011011111010010100000100011011100000010101111011001001001000
111110000010000101011000010000000011011011111010010100000100110001000111101010000011000101100011
111110000010000101011000010000000011011011111010010100000100010000011111011100011110111111000000
111110000010000101011000010000000011011011111010010100000100101111000100010001100101100010100111
111110000010000101011000010000000011011011111010010100000100101011011100010110110110000101010111
111110000010000101011000010000000011011011111010010100000100100100011001000100101000000111110111
111110000010000101011000010000000011011011111010010100000100000110001111111111100000001000011110
111110000010000101011000010000000011011011111010010100000100001001111000011011000111001011000010
111110000010000101011000010000000011011011111010010100000100111000111000001111001110011010000110
111110000010000101011000010000000011011011111010010100000100010110100110010110001011100000001100
111110000010000101011000010000000011011011111010010100000100111100001101110000010111011110001000
111110000010000101011000010000000011011011111010010100000100011000100011000110100110111011111100
111110000010000101011000010000000011011011111010010100000100110010101100111011011110000011011011
111110000010000101011000010000000011011011111010010100000100100110101011100010011100010000011000
111110000010000101011000010000000011011011111010010100000100000001100110111111001100010011100111
111110000010000101011000010000000011011011111010010100000100011111001000011010001110000111011010
111110000010000101011000010000000011011011111010010100000100011010010110100110001011101000010100
111110000010000101011000010000000011011011111010010100000100010101001110010010011011001100101110
111110000010000101011000010000000011011011111010010100000100011110011000000000100001100101001110
111110000010000101011000010000000011011011111010010100000100001010101101011111000100010101100111
111110000010000101011000010000000011011011111010010100000100011101001111111101000000111001010111
111110000010000101011000010000000011011011111010010100000100011100001100101011101000110010100010
111110000010000101011000010000000011011011111010010100000100001001100010000100101100101101101000
111110000010000101011000010000000011011011111010010100000100111110110001000101000011001001001000
111110000010000101011000010000000011011011111010010100000100010000001010000111011011100100101100
111110000010000101011000010000000011011011111010010100000100110011101100101001100011010100001101
111110000010000101011000010000000011011011111010010100000100100010111011100001001000100000010001
111110000010000101011000010000000011011011111010010100000100111111111100111100100000000000011101
111110000010000101011000010000000011011011111010010100000100110001100000011010110111011111110010
111110000010000101011000010000000011011011111010010100000100011000111000011110011101011011101010
111110000010000101011000010000000011011011111010010100000100111111100100111010011101001000111110
111110000010000101011000010000000011011011111010010100000100101000010001101011001000001000011011
111110000010000101011000010000000011011011111010010100000100100111011010111001010000000101011011
111110000010000101011000010000000011011011111010010100000100110011101010101001101110100101100011
111110000010000101011000010000000011011011111010010100000100010101011011100110001000100111011011
111110000010000101011000010000000011011011111010010100000100011101011110000000101000001010010001
111110000010000101011000010000000011011011111010010100000100110100001011001111111101110001111100
111110000010000101011000010000000011011011111010010100000100111001100001110001001011001010100100
111110000010000101011000010000000011011011111010010100000100101101011010010111100101011100000000
111110000010000101011000010000000011011011111010010100000100000110100010000111101011001101000001
111110000010000101011000010000000011011011111010010100000100011001001111100001010100111100000010
111110000010000101011000010000000011011011111010010100000100111111001011101010100011011010011100
111110000010000101011000010000000011011011111010010100000100000110000001000000111101100000100011
111110000010000101011000010000000011011011111010010100000100101111111110111110100001011011101000
111110000010000101011000010000000011011011111010010100000100000011100111010100000100101010000001
111110000010000101011000010000000011011011111010010100000100101001011010000011111011101111010100
111110000010000101011000010000000011011011111010010100000100001111101111110111100111000010111111
111110000010000101011000010000000011011011111010010100000100100100011011001110100101000000101101
111110000010000101011000010000000011011011111010010100000100001010000111100111110111100010010101
111110000010000101011000010000000011011011111010010100000100100001101001101011111001100001100100
111110000010000101011000010000000011011011111010010100000100101100000110000011110101001111001011
111110000010000101011000010000000011011011111010010100000100100100001101111001000110010101010011
111110000010000101011000010000000011011011111010010100000100001010110001001111100001001100111111
111110000010000101011000010000000011011011111010010100000100111110011101011011010101110101010011
111110000010000101011000010000000011011011111010010100000100001111001010000111000000011110111000
111110000010000101011000010000000011011011111010010100000100010000110000111100000100011111111011
111110000010000101011000010000000011011011111010010100000100101001011010011100111010010000101110
111110000010000101011000010000000011011011111010010100000100001110100101011101010011000001110000
111110000010000101011000010000000011011011111010010100000100111111001100100001101110110111010010
111110000010000101011000010000000011011011111010010100000100011100111110111101110101100101110011
111110000010000101011000010000000011011011111010010100000100101010111010111001110011100010001010
111110000010000101011000010000000011011011111010010100000100011100101011010001101100001011111010
111110000010000101011000010000000011011011111010010100000100101010111111101110101111110101010111
111110000010000101011000010000000011011011111010010100000100100011000100111011010111010001100010
111110000010000101011000010000000011011011111010010100000100100111011111101111001001101110011100
111110000010000101011000010000000011011011111010010100000100100010010010001110001110001100111001
111110000010000101011000010000000011011011111010010100000100011100111111100110011111000001010110
111110000010000101011000010000000011011011111010010100000100000100001111111101000000001011000010
111110000010000101011000010000000011011011111010010100000100110100011010101100111000101110110100
111110000010000101011000010000000011011011111010010100000100000011011010000110000000000101100010
111110000010000101011000010000000011011011111010010100000100100011001101101011001000100101000010
111110000010000101011000010000000011011011111010010100000100011100001110110101010001101010100011
111110000010000101011000010000000011011011111010010100000100111001000110011100000111001101001010
111110000010000101011000010000000011011011111010010100000100110011100101000000110101101110001001
111110000010000101011000010000000011011011111010010100000100101011000001111010001111010100111100
111110000010000101011000010000000011011011111010010100000100100101100011011101011110010000001100
111110000010000101011000010000000011011011111010010100000100010101001110011000100111101101100100
111110000010000101011000010000000011011011111010010100000100000011101100111011110111100100000100
111110000010000101011000010000000011011011111010010100000100110000010110011111101100000101101110
111110000010000101011000010000000011011011111010010100000100100100011111011011000101000011111101
111110000010000101011000010000000011011011111010010100000100101011101101100111011110100101110101
111110000010000101011000010000000011011011111010010100000100111010110111010001000100000100011010
111110000010000101011000010000000011011011111010010100000100110111100011011001001111110111111001
111110000010000101011000010000000011011011111010010100000100111010100100100100011001010110010101
111110000010000101011000010000000011011011111010010100000100111110001001001010100100111001101111
111110000010000101011000010000000011011011111010010100000100011000010111101001010100001001010101
111110000010000101011000010000000011011011111010010100000100111011100110100111000010101111001100
111110000010000101011000010000000011011011111010010100000100110001011111000101001001000100110111
111110000010000101011000010000000011011011111010010100000100100000001101001101111010101001101001
111110000010000101011000010000000011011011111010010100000100111001100010111111000010000000101000
111110000010000101011000010000000011011011111010010100000100001001001110000011101100101001100111
111110000010000101011000010000000011011011111010010100000100111101010101011101011101110110100110
111110000010000101011000010000000011011011111010010100000100010110100110011001010000001111001110
111110000010000101011000010000000011011011111010010100000100010010111100001000110101011110110111
111110000010000101011000010000000011011011111010010100000100111111101101110100001110111100001000
111110000010000101011000010000000011011011111010010100000100010110010100000110000100111101101110
111110000010000101011000010000000011011011111010010100000100111111101010110010100110110100011000
111110000010000101011000010000000011011011111010010100000100000001010010100100111100110001011100
111110000010000101011000010000000011011011111010010100000100110101110100100010111101110010000100
111110000010000101011000010000000011011011111010010100000100010011010000101001111011110110010011
111110000010000101011000010000000011011011111010010100000100000011011111100001100010010010110010
111110000010000101011000010000000011011011111010010100000100001110101110101011110101111110110011
111110000010000101011000010000000011011011111010010100000100101110010111000001110011110001101001
111110000010000101011000010000000011011011111010010100000100011010110010011101010100000100100001
111110000010000101011000010000000011011011111010010100000100111010101100000100000101101110110100
111110000010000101011000010000000011011011111010010100000100101001100000110101010011010001000101
111110000010000101011000010000000011011011111010010100000100010011111111010101110111111010111011
111110000010000101011000010000000011011011111010010100000100001011101100110100010001111100111010
111110000010000101011000010000000011011011111010010100000100000001111000001000000000010011100010
111110000010000101011000010000000011011011111010010100000100110100101101001101011110110001000000
111110000010000101011000010000000011011011111010010100000100011001010011100000101110100111011110
111110000010000101011000010000000011011011111010010100000100101111011010000111101111100100101010
111110000010000101011000010000000011011011111010010100000100001101111111100111001001001111100100
111110000010000101011000010000000011011011111010010100000100111001100101100111010000100101010111
111110000010000101011000010000000011011011111010010100000100110010000100101101100101100111110011
111110000010000101011000010000000011011011111010010100000100001001100010000110000001100011010010
111110000010000101011000010000000011011011111010010100000100000010111010000010110110101000011100
111110000010000101011000010000000011011011111010010100000100100100101011101011111111101100101010
111110000010000101011000010000000011011011111010010100000100001000000000011000101010101101000111
111110000010000101011000010000000011011011111010010100000100101110011110000010110101111100011001
111110000010000101011000010000000011011011111010010100000100010001110101001110011001011101100110
111110000010000101011000010000000011011011111010010100000100001001011000110000110000101100010111
111110000010000101011000010000000011011011111010010100000100110100100110001000100010011010011100
111110000010000101011000010000000011011011111010010100000100100110000001101101101000110100101001
111110000010000101011000010000000011011011111010010100000100101111101010100111001001110111100110
111110000010000101011000010000000011011011111010010100000100111000110001101001000000111101101001
111110000010000101011000010000000011011011111010010100000100001100111101100101111011100100110100
111110000010000101011000010000000011011011111010010100000100000010101100011001001100101000001011
111110000010000101011000010000000011011011111010010100000100011010100001110110011110010011001110
111110000010000101011000010000000011011011111010010100000100110110001011001001110101000001001000
111110000010000101011000010000000011011011111010010100000100010000110101111010110100100111110110
111110000010000101011000010000000011011011111010010100000100001001011111110010111010101010111010
111110000010000101011000010000000011011011111010010100000100010110101100011010100001011101100001
111110000010000101011000010000000011011011111010010100000100010111100101011101011110010111011110
111110000010000101011000010000000011011011111010010100000100100101010001111111011101110001100011
111110000010000101011000010000000011011011111010010100000100011000100101000000101011000000111100
111110000010000101011000010000000011011011111010010100000100010010000111001011010010000001101111
111110000010000101011000010000000011011011111010010100000100100001111111111100111001011101100100
111110000010000101011000010000000011011011111010010100000100100011110111001110101111001111101101
111110000010000101011000010000000011011011111010010100000100011001110111011000111111010110110111
111110000010000101011000010000000011011011111010010100000100101000111000100101001111100111011000
111110000010000101011000010000000011011011111010010100000100110001010011110010111100001001010111
111110000010000101011000010000000011011011111010010100000100101101110100100010010100011010111000
111110000010000101011000010000000011011011111010010100000100100100011011001011100001010110110100
111110000010000101011000010000000011011011111010010100000100111010010100010100110001010111001111
111110000010000101011000010000000011011011111010010100000100011001100100101100100100001000001011
111110000010000101011000010000000011011011111010010100000100000011001000001100001101000001100001
111110000010000101011000010000000011011011111010010100000100000100010101111111111001010111011100
111110000010000101011000010000000011011011111010010100000100100011010011001000011011111010101001
111110000010000101011000010000000011011011111010010100000100101011001101111010110000000011000110
111110000010000101011000010000000011011011111010010100000100111011001010100110110001010110011011
111110000010000101011000010000000011011011111010010100000100111011110010111101000010010101011111
111110000010000101011000010000000011011011111010010100000100101000010101110101001000110011101010
111110000010000101011000010000000011011011111010010100000100010101101110100010101101100111110100
111110000010000101011000010000000011011011111010010100000100100100000000011101000111010000001101
111110000010000101011000010000000011011011111010010100000100100111010000111101110011000000101010
111110000010000101011000010000000011011011111010010100000100000010011110100001001111101001101011
111110000010000101011000010000000011011011111010010100000100001000100111100100001100010010110001
111110000010000101011000010000000011011011111010010100000100011101111101101100111110001011111000
111110000010000101011000010000000011011011111010010100000100001000010001110010101011100111110101
111110000010000101011000010000000011011011111010010100000100000010100010010111000010001110101110
111110000010000101011000010000000011011011111010010100000100110111110010110011110101001000001001
111110000010000101011000010000000011011011111010010100000100110101111110000001000101110000011111
111110000010000101011000010000000011011011111010010100000100100100010000001001001010100101110101
111110000010000101011000010000000011011011111010010100000100010010100101111100111100010101100111
111110000010000101011000010000000011011011111010010100000100011101110000101100000010100101010010
111110000010000101011000010000000011011011111010010100000100100000100010010000100011010111100111
111110000010000101011000010000000011011011111010010100000100100111110011100010110000110101000100
111110000010000101011000010000000011011011111010010100000100010111010011010001010001101001001000
111110000010000101011000010000000011011011111010010100000100010111111001000010101010001110010110
111110000010000101011000010000000011011011111010010100000100111001001000001011010110011111000100
111110000010000101011000010000000011011011111010010100000100101011011000011000010101110100010011
111110000010000101011000010000000011011011111010010100000100100111001000111111001111000100001000
111110000010000101011000010000000011011011111010010100000100110011010101101011101110111100011110
111110000010000101011000010000000011011011111010010100000100110000010000111101001011011011101100
111110000010000101011000010000000011011011111010010100000100011110110001101011011110111000100111
111110000010000101011000010000000011011011111010010100000100110100101011000011001101110101011111
111110000010000101011000010000000011011011111010010100000100110010000001010101010111010001111011
111110000010000101011000010000000011011011111010010100000100110100100100101100111101011000111100
111110000010000101011000010000000011011011111010010100000100100110111000110000110000001001111001
111110000010000101011000010000000011011011111010010100000100000110011000001000010011100010011101
111110000010000101011000010000000011011011111010010100000100000100110001010101011101001001111001
111110000010000101011000010000000011011011111010010100000100010011000011000111001111111000010101
111110000010000101011000010000000011011011111010010100000100011001110111111011100011011100000000
111110000010000101011000010000000011011011111010010100000100101011100101010111001100011010100010
111110000010000101011000010000000011011011111010010100000100100100110111001111110101110010101101
111110000010000101011000010000000011011011111010010100000100000101001100110110000111010001010000
111110000010000101011000010000000011011011111010010100000100010001001100010100011100001110110000
111110000010000101011000010000000011011011111010010100000100001100111110110101000000010000010111
111110000010000101011000010000000011011011111010010100000100001001111010100001110101001110100110
111110000010000101011000010000000011011011111010010100000100010010000101100101001001100100100100
111110000010000101011000010000000011011011111010010100000100001100010010111010010110100101001100
111110000010000101011000010000000011011011111010010100000100111011000110110100100001000111111010
111110000010000101011000010000000011011011111010010100000100101001010100000001110000011111010000
111110000010000101011000010000000011011011111010010100000100001000001111001001000101011100000001
111110000010000101011000010000000011011011111010010100000100110100110001010001001001110010110001
111110000010000101011000010000000011011011111010010100000100011100110110101110101000011010101010
111110000010000101011000010000000011011011111010010100000100000111111010110001100111110110100010
111110000010000101011000010000000011011011111010010100000100110111101000100011100100000101111100
111110000010000101011000010000000011011011111010010100000100011010110011000100010111110111010100
111110000010000101011000010000000011011011111010010100000100000011110101101011111111110000010100
111110000010000101011000010000000011011011111010010100000100100000110001001010110011000000100000
111110000010000101011000010000000011011011111010010100000100011110000001011001000011011101101000
111110000010000101011000010000000011011011111010010100000100110101000000100110001101001011001011
111110000010000101011000010000000011011011111010010100000100111000110101010111011110010111010111
111110000010000101011000010000000011011011111010010100000100111011010011100100001001011100100010
111110000010000101011000010000000011011011111010010100000100100110011111010010101111111000110010
111110000010000101011000010000000011011011111010010100000100011101001001100000100001011111001010
111110000010000101011000010000000011011011111010010100000100001010001001011100001011001010110110
111110000010000101011000010000000011011011111010010100000100111001101110001110010110110111001011
111110000010000101011000010000000011011011111010010100000100000010110000000110111010100011011000
111110000010000101011000010000000011011011111010010100000100011110011001111000111110100010001111
111110000010000101011000010000000011011011111010010100000100000010101001111111000011100110101100
111110000010000101011000010000000011011011111010010100000100000001010100001011010111110001101110
111110000010000101011000010000000011011011111010010100000100000110110101100110111100111101100000
111110000010000101011000010000000011011011111010010100000100001001001100010111000111001011101111
111110000010000101011000010000000011011011111010010100000100100111000011110001110111011110001101
111110000010000101011000010000000011011011111010010100000100110001111111010001100111010000011100
111110000010000101011000010000000011011011111010010100000100111101000000111000111101110010100100
111110000010000101011000010000000011011011111010010100000100110011000000010111011101111110000101
111110000010000101011000010000000011011011111010010100000100101100100010011111011101001011100010
111110000010000101011000010000000011011011111010010100000100100011001101001000001100010011110011
111110000010000101011000010000000011011011111010010100000100100100011001101110101111010000000101
111110000010000101011000010000000011011011111010010100000100100000111011110110111010010111111101
111110000010000101011000010000000011011011111010010100000100100011001000000000100111000010001011
111110000010000101011000010000000011011011111010010100000100100011000100101111011010100000000010
111110000010000101011000010000000011011011111010010100000100111010000101100110111000000000111001
111110000010000101011000010000000011011011111010010100000100111010011010110100110110001001010000
111110000010000101011000010000000011011011111010010100000100101000010000111000010111010111100010
111110000010000101011000010000000011011011111010010100000100101001100001111011000010011011011101
111110000010000101011000010000000011011011111010010100000100110011000000100001001100100111111111
111110000010000101011000010000000011011011111010010100000100001011011000001011111000011001011110
111110000010000101011000010000000011011011111010010100000100100101101100111110010000110111011111
111110000010000101011000010000000011011011111010010100000100110111100100000101001111010010100001
111110000010000101011000010000000011011011111010010100000100101110111101111111000011000011110010
111110000010000101011000010000000011011011111010010100000100011011000001100101011010010101101001
111110000010000101011000010000000011011011111010010100000100101010000001100010111000011000010111
111110000010000101011000010000000011011011111010010100000100100111000101010000111001111101001001
111110000010000101011000010000000011011011111010010100000100000111000011000110110110001100010000
111110000010000101011000010000000011011011111010010100000100111100101011111100001111100101000000
111110000010000101011000010000000011011011111010010100000100100110111000011110111111000100011110
111110000010000101011000010000000011011011111010010100000100111011000101111011000111000100111000
111110000010000101011000010000000011011011111010010100000100001011011010010100000010101011110100
111110000010000101011000010000000011011011111010010100000100100000010100110100011101010110001100
111110000010000101011000010000000011011011111010010100000100011000010111011110100111001101101011
111110000010000101011000010000000011011011111010010100000100111010101010010110001001110111010010
111110000010000101011000010000000011011011111010010100000100100110010010000101001010101011110100
111110000010000101011000010000000011011011111010010100000100011010111000010101000000110100101100
111110000010000101011000010000000011011011111010010100000100011111010101100100101110101011001001
111110000010000101011000010000000011011011111010010100000100010000100111110111101101011001000100
111110000010000101011000010000000011011011111010010100000100101100010111101100110001111100010000
111110000010000101011000010000000011011011111010010100000100100110110100010111000110110001110010
111110000010000101011000010000000011011011111010010100000100101100011011110100111010110100101110
111110000010000101011000010000000011011011111010010100000100100000010100000001000010011010011011
111110000010000101011000010000000011011011111010010100000100100110010011110110110100100010001000
111110000010000101011000010000000011011011111010010100000100010111010101110111001110000111011100
111110000010000101011000010000000011011011111010010100000100011000010011111111000111111100010000
111110000010000101011000010000000011011011111010010100000100010010001100001101001101101001010100
111110000010000101011000010000000011011011111010010100000100111110010010011101101000001101001100
111110000010000101011000010000000011011011111010010100000100010101011011110100111100000110011010
111110000010000101011000010000000011011011111010010100000100110010011101010111000011101001000011
111110000010000101011000010000000011011011111010010100000100010111100001101110000100010111000001
111110000010000101011000010000000011011011111010010100000100101110001110101000110110100011110011
111110000010000101011000010000000011011011111010010100000100111011101111001100000001111010001000
111110000010000101011000010000000011011011111010010100000100100101010111100111011011100111010101
111110000010000101011000010000000011011011111010010100000100010101011001101011010011101000111110
111110000010000101011000010000000011011011111010010100000100001110010010001001011000101010111001
111110000010000101011000010000000011011011111010010100000100000000100111010110111000101101100111
111110000010000101011000010000000011011011111010010100000100101111010111111101110011100001111101
111110000010000101011000010000000011011011111010010100000100100001100000000101000011111110011001
111110000010000101011000010000000011011011111010010100000100011100100011001010001101100011111001
111110000010000101011000010000000011011011111010010100000100100100110000111011010111100111010011
111110000010000101011000010000000011011011111010010100000100101010111100011001100001100001001010
111110000010000101011000010000000011011011111010010100000100110011110101110100110010111101110001
111110000010000101011000010000000011011011111010010100000100001000101101010010100100000011100000
111110000010000101011000010000000011011011111010010100000100010010100100100100000110100010110110
111110000010000101011000010000000011011011111010010100000100001110000101010000110010001000100001
111110000010000101011000010000000011011011111010010100000100101111011011011111111011010100010010
111110000010000101011000010000000011011011111010010100000100101110010111111011100000100000010001
111110000010000101011000010000000011011011111010010100000100010100001111011000110100010100011110
111110000010000101011000010000000011011011111010010100000100001011011001000000101011010000000101
111110000010000101011000010000000011011011111010010100000100011010000001010110010011000010011010
111110000010000101011000010000000011011011111010010100000100110101100000001111011101011111010110
111110000010000101011000010000000011011011111010010100000100011101100111100110111101101011001111
111110000010000101011000010000000011011011111010010100000100101010101110010010100000011010001000
111110000010000101011000010000000011011011111010010100000100110011011111100100001001101110011111
111110000010000101011000010000000011011011111010010100000100000100010101110000010000111010110000
111110000010000101011000010000000011011011111010010100000100011000001110100100110010001110100100
111110000010000101011000010000000011011011111010010100000100110001101011101110111100110001101010
111110000010000101011000010000000011011011111010010100000100110010000010100101000110001110010100
111110000010000101011000010000000011011011111010010100000100111000011111001001100011010111111100
111110000010000101011000010000000011011011111010010100000100011010000010001111011101011001110111
111110000010000101011000010000000011011011111010010100000100000001110001010111010010101001010000
111110000010000101011000010000000011011011111010010100000100011011101101010111100010000001100111
111110000010000101011000010000000011011011111010010100000100000001100111101010001100001101010101
111110000010000101011000010000000011011011111010010100000100110111001100110011011010001100101010
111110000010000101011000010000000011011011111010010100000100000111001101000010001011100101110001
111110000010000101011000010000000011011011111010010100000100100110001101101111000001000000001010
111110000010000101011000010000000011011011111010010100000100100010111000000001000101110011011111
111110000010000101011000010000000011011011111010010100000100001000100000001011111110110100011110
111110000010000101011000010000000011011011111010010100000100110101010100101010111001110000110101
111110000010000101011000010000000011011011111010010100000100011110000011100001101000101111111110
111110000010000101011000010000000011011011111010010100000100011100110111100011110011010100011101
111110000010000101011000010000000011011011111010010100000100000110001111010000011111110111101100
111110000010000101011000010000000011011011111010010100000100101110000000011001010001100011000111
111110000010000101011000010000000011011011111010010100000100011110101010011100111000100111111110
111110000010000101011000010000000011011011111010010100000100100010110001000101101100000111000101
111110000010000101011000010000000011011011111010010100000100010001100101111010110100011010010111
111110000010000101011000010000000011011011111010010100000100001010000000000101000001011011100010
111110000010000101011000010000000011011011111010010100000100110101101000010011101110010110101101
111110000010000101011000010000000011011011111010010100000100100001011100111100100011010110001100
111110000010000101011000010000000011011011111010010100000100101110100110001101111111110110111101
111110000010000101011000010000000011011011111010010100000100000100001001111110001001010110010001
111110000010000101011000010000000011011011111010010100000100000100111101011001100110011110110101
111110000010000101011000010000000011011011111010010100000100010100100011111111100011001010111010
111110000010000101011000010000000011011011111010010100000100010001001001000010010011101100100011
111110000010000101011000010000000011011011111010010100000100010011010000001010101010010101011011
111110000010000101011000010000000011011011111010010100000100101001111110001001011010110010111111
111110000010000101011000010000000011011011111010010100000100001100000001110111000111101110000100
111110000010000101011000010000000011011011111010010100000100111110111100111000011001011111101101
111110000010000101011000010000000011011011111010010100000100010001100101011111000000010111011111
111110000010000101011000010000000011011011111010010100000100100001001110001011100111001101101100
111110000010000101011000010000000011011011111010010100000100111101010010100101000100100010111011
111110000010000101011000010000000011011011111010010100000100011101101000101111011000111001100010
111110000010000101011000010000000011011011111010010100000100001001111100001001100010111110010101
111110000010000101011000010000000011011011111010010100000100010001111101000110100010111001010111
111110000010000101011000010000000011011011111010010100000100001110011001111001101110110101001111
111110000010000101011000010000000011011011111010010100000100100000010011110100100111100101000100
111110000010000101011000010000000011011011111010010100000100001001101000000111100011010001100010
111110000010000101011000010000000011011011111010010100000100101101100101010111101010100011000111
111110000010000101011000010000000011011011111010010100000100000111000110001000100101001000011111
111110000010000101011000010000000011011011111010010100000100101001010001111100100110101001010101
111110000010000101011000010000000011011011111010010100000100011100001110101001001110101010111100
111110000010000101011000010000000011011011111010010100000100110111100011110010100000000110000100
111110000010000101011000010000000011011011111010010100000100110110110110101100110100001000010110
111110000010000101011000010000000011011011111010010100000100100001111110000101100000001010001001
111110000010000101011000010000000011011011111010010100000100110011100101011010101010011001011011
111110000010000101011000010000000011011011111010010100000100011011010111000110101100000100011010
111110000010000101011000010000000011011011111010010100000100001001110001101011011001010000001100
111110000010000101011000010000000011011011111010010100000100010100000010011000001000011110011100
111110000010000101011000010000000011011011111010010100000100110011010000010011011111001010010111
111110000010000101011000010000000011011011111010010100000100100001110001010001111110000101001000
111110000010000101011000010000000011011011111010010100000100000010011000100100001000000110010001
111110000010000101011000010000000011011011111010010100000100011001011100000111001111000100011010
111110000010000101011000010000000011011011111010010100000100110010110010110110101110011110011010
111110000010000101011000010000000011011011111010010100000100000011101100000100000111110101110010
111110000010000101011000010000000011011011111010010100000100011000110000101010110010001110011001
111110000010000101011000010000000011011011111010010100000100001111101100010000010010110010100010
111110000010000101011000010000000011011011111010010100000100110101000110110101110101110111100011
111110000010000101011000010000000011011011111010010100000100011110111100001111100000011000111001
111110000010000101011000010000000011011011111010010100000100000010010010001001110111101000010010
111110000010000101011000010000000011011011111010010100000100001000001001101110101011111111010111
111110000010000101011000010000000011011011111010010100000100111111100011010010011011101101110111
111110000010000101011000010000000011011011111010010100000100111110001000001101100111010010010110
111110000010000101011000010000000011011011111010010100000100010010100000111000011100001000000001
111110000010000101011000010000000011011011111010010100000100000000001100010100000001100010011100
111110000010000101011000010000000011011011111010010100000100111101001111010100010110111111010001
111110000010000101011000010000000011011011111010010100000100010111100100010010000100001010111000
111110000010000101011000010000000011011011111010010100000100100101110100100100111101111011010110
111110000010000101011000010000000011011011111010010100000100000111101000100010111100010001011111
111110000010000101011000010000000011011011111010010100000100011010111011011110100010101111111111
111110000010000101011000010000000011011011111010010100000100011001101000110101101000111100111101
111110000010000101011000010000000011011011111010010100000100000111111010101110101011011101010000
111110000010000101011000010000000011011011111010010100000100101001000011011110101111111011100011
111110000010000101011000010000000011011011111010010100000100000011110110111111001101000101111101
111110000010000101011000010000000011011011111010010100000100101111100111000101100010010001001010
111110000010000101011000010000000011011011111010010100000100011001010110100111101111111010001110
111110000010000101011000010000000011011011111010010100000100010100011010001011100100101010111010
111110000010000101011000010000000011011011111010010100000100011101111010111100111000111000011110
111110000010000101011000010000000011011011111010010100000100011100001110101001001101110010010100
111110000010000101011000010000000011011011111010010100000100110010001100010101000101100101100110
111110000010000101011000010000000011011011111010010100000100111101101111011101110010101010101000
111110000010000101011000010000000011011011111010010100000100010100110110000000100100010111101010
111110000010000101011000010000000011011011111010010100000100110110101100000001001000100100101110
111110000010000101011000010000000011011011111010010100000100110111010100001001101011010100111011
111110000010000101011000010000000011011011111010010100000100111010110001111001010101011110111000
111110000010000101011000010000000011011011111010010100000100000111101000110111111010010001001110
111110000010000101011000010000000011011011111010010100000100111011101100111001111010101111010011
111110000010000101011000010000000011011011111010010100000100100101110110110001111101010000110011
111110000010000101011000010000000011011011111010010100000100001111011101010111110010000011001000
111110000010000101011000010000000011011011111010010100000100100110000010100111001111000100011010
111110000010000101011000010000000011011011111010010100000100101100110011101011101001011000001100
111110000010000101011000010000000011011011111010010100000100111000000000100011100110111011101001
111110000010000101011000010000000011011011111010010100000100100101011000100100001110111101100110
111110000010000101011000010000000011011011111010010100000100001011000101101001100100011101001100
111110000010000101011000010000000011011011111010010100000100001010110000111110111001011110100001
111110000010000101011000010000000011011011111010010100000100111110111111111101110100110101101011
111110000010000101011000010000000011011011111010010100000100110100101000001111101100110100100010
111110000010000101011000010000000011011011111010010100000100100000100111010010110100100001111100
111110000010000101011000010000000011011011111010010100000100010110100010110010101101010101010100
111110000010000101011000010000000011011011111010010100000100111101100100001111001100111001101101
111110000010000101011000010000000011011011111010010100000100110101111110001010000110110100010111
111110000010000101011000010000000011011011111010010100000100101110011100001000100110011111110000
111110000010000101011000010000000011011011111010010100000100111101111010110000110111000101100010
111110000010000101011000010000000011011011111010010100000100000101001101101100100110111100011011
111110000010000101011000010000000011011011111010010100000100100010101011000001101011100100101000
111110000010000101011000010000000011011011111010010100000100011100001011101001111001101101011110
111110000010000101011000010000000011011011111010010100000100010110001010111010110011111101100010
111110000010000101011000010000000011011011111010010100000100111100100100001001100110010000101010
111110000010000101011000010000000011011011111010010100000100110010100010001111111011101001001010
111110000010000101011000010000000011011011111010010100000100000111100000110011111101111111101100
111110000010000101011000010000000011011011111010010100000100010011100001010111100100000010001010
111110000010000101011000010000000011011011111010010100000100110010000111011100010001110110011111
111110000010000101011000010000000011011011111010010100000100001000111000110111100010010100111010
111110000010000101011000010000000011011011111010010100000100110101111100100010000001101100111111
111110000010000101011000010000000011011011111010010100000100111101000011010110111010111010010011
111110000010000101011000010000000011011011111010010100000100000100110001011011100101011100100101
111110000010000101011000010000000011011011111010010100000100100100011000101000011001011101010100
111110000010000101011000010000000011011011111010010100000100001101101010111011101111110111111001
111110000010000101011000010000000011011011111010010100000100010000101110000010000111000001100111
111110000010000101011000010000000011011011111010010100000100110001110010001101011010010001001100
111110000010000101011000010000000011011011111010010100000100101010101101001101110110010111110010
111110000010000101011000010000000011011011111010010100000100001110111101010011101000001111010111
111110000010000101011000010000000011011011111010010100000100010111111110111010110111100100000101
111110000010000101011000010000000011011011111010010100000100011111101000100010101111010001001001
111110000010000101011000010000000011011011111010010100000100011001000111110110110011010100000111
111110000010000101011000010000000011011011111010010100000100111001011010000111001101011010011100
111110000010000101011000010000000011011011111010010100000100100100000011101111010100000111110111
111110000010000101011000010000000011011011111010010100000100101111111111001101100110000010111111
111110000010000101011000010000000011011011111010010100000100110110001100111001000011001001101010
111110000010000101011000010000000011011011111010010100000100110101100000111011111010111010110000
111110000010000101011000010000000011011011111010010100000100111011011010000111100111001010110111
111110000010000101011000010000000011011011111010010100000100100111000110111100011010011010011000
111110000010000101011000010000000011011011111010010100000100001101100010000110111100110001001001
111110000010000101011000010000000011011011111010010100000100110111111011111110111001000110100100
111110000010000101011000010000000011011011111010010100000100000101111111010100010000001000000101
111110000010000101011000010000000011011011111010010100000100010100101000101100010000011111011000
111110000010000101011000010000000011011011111010010100000100101111010110001010011101011010100001
111110000010000101011000010000000011011011111010010100000100110011010110001010001011011101000011
111110000010000101011000010000000011011011111010010100000100100010110110000010111011110000101111
111110000010000101011000010000000011011011111010010100000100101100001011011100000100110001010101
111110000010000101011000010000000011011011111010010100000100101001001011011100100001000010101111
111110000010000101011000010000000011011011111010010100000100001100110010100111101010010110000001
111110000010000101011000010000000011011011111010010100000100011011000011000001011001110001110110
111110000010000101011000010000000011011011111010010100000100000101101101000110001100101000110011
111110000010000101011000010000000011011011111010010100000100000000011011010101111011010000000010
111110000010000101011000010000000011011011111010010100000100000000011110011010101110001000101100
111110000010000101011000010000000011011011111010010100000100001011011000001110001101001101101111
111110000010000101011000010000000011011011111010010100000100011010010011101111010000001001111011
111110000010000101011000010000000011011011111010010100000100111110000110101001100011111110100111
111110000010000101011000010000000011011011111010010100000100000111001001100101101110011100100100
111110000010000101011000010000000011011011111010010100000100110001001110000011110101111101011000
111110000010000101011000010000000011011011111010010100000100011111010110000011001011111010110101
111110000010000101011000010000000011011011111010010100000100110110100011101011100100001011010111
111110000010000101011000010000000011011011111010010100000100011100011010001101110101100010100010
111110000010000101011000010000000011011011111010010100000100111100001001110100001100111010010110
111110000010000101011000010000000011011011111010010100000100111001111111111100110001011000010101
111110000010000101011000010000000011011011111010010100000100010001000010011011100101101100000011
111110000010000101011000010000000011011011111010010100000100011110001000101001111000011110101001
111110000010000101011000010000000011011011111010010100000100100110000000001100011000111110011011
111110000010000101011000010000000011011011111010010100000100111001111111111110110111011000101111
111110000010000101011000010000000011011011111010010100000100100100000111011111010110100110110101
111110000010000101011000010000000011011011111010010100000100011010111101001100100010100000111011
111110000010000101011000010000000011011011111010010100000100001111110000101100110011010011010011
111110000010000101011000010000000011011011111010010100000100100111100010110110111100101111101010
111110000010000101011000010000000011011011111010010100000100111111000010000000111110101100110111
111110000010000101011000010000000011011011111010010100000100111001010110010000010101010001001011
111110000010000101011000010000000011011011111010010100000100100110100000010010100011011000011000
111110000010000101011000010000000011011011111010010100000100000111101011000101010110101111101001
111110000010000101011000010000000011011011111010010100000100011011110010111110000111110000110111
111110000010000101011000010000000011011011111010010100000100000110011101011111110110100101111100
111110000010000101011000010000000011011011111010010100000100110100100011111011101011001000000010
111110000010000101011000010000000011011011111010010100000100100101110000010000000001010110111111
111110000010000101011000010000000011011011111010010100000100111100100011111101111001001111010011
111110000010000101011000010000000011011011111010010100000100100000010001010010110011101000000101
111110000010000101011000010000000011011011111010010100000100011111010010000001101111010101000110
111110000010000101011000010000000011011011111010010100000100000100001111000011110100100011000100
111110000010000101011000010000000011011011111010010100000100111110110011001001110011001010101111
111110000010000101011000010000000011011011111010010100000100001010111111111010110111101101100001
111110000010000101011000010000000011011011111010010100000100111011011110100100000010100100100000
111110000010000101011000010000000011011011111010010100000100010110001001111011011101110111111011
111110000010000101011000010000000011011011111010010100000100011001000111011000100101100011000101
111110000010000101011000010000000011011011111010010100000100100100110000110101100110011110010011
111110000010000101011000010000000011011011111010010100000100100100101111000101010100001010110010
111110000010000101011000010000000011011011111010010100000100111110101000010011100001101101000011
111110000010000101011000010000000011011011111010010100000100111101000010001001101011000011000010
111110000010000101011000010000000011011011111010010100000100111000000101001101101101111100001001
111110000010000101011000010000000011011011111010010100000100000011101011011111101000100110101000
111110000010000101011000010000000011011011111010010100000100101000011010100110001011110011001100
111110000010000101011000010000000011011011111010010100000100010110000111001000101011101100000101
111110000010000101011000010000000011011011111010010100000100011000011111010000000010100000111011
111110000010000101011000010000000011011011111010010100000100110000010101011001110111000000001001
111110000010000101011000010000000011011011111010010100000100100001011101010001101010011110111100
111110000010000101011000010000000011011011111010010100000100000000100011100110011111100101001011
111110000010000101011000010000000011011011111010010100000100010101010100110001100111110000011000
111110000010000101011000010000000011011011111010010100000100000000001111100110000001100001011001
111110000010000101011000010000000011011011111010010100000100011100001011010000001001100101010000
111110000010000101011000010000000011011011111010010100000100110001011010010100111100110111110101
111110000010000101011000010000000011011011111010010100000100111001111101101000010000101101101011
111110000010000101011000010000000011011011111010010100000100011100110011100110101011110111111001
111110000010000101011000010000000011011011111010010100000100100011100000111010001110011001000110
111110000010000101011000010000000011011011111010010100000100010011101001010100110011100011001011
111110000010000101011000010000000011011011111010010100000100011000100010101010100010000110110000
111110000010000101011000010000000011011011111010010100000100100100011111001101000111000001010110
111110000010000101011000010000000011011011111010010100000100101101110110111001100111100011000000
111110000010000101011000010000000011011011111010010100000100011111010111011011111111011111001110
111110000010000101011000010000000011011011111010010100000100100110011110100111100111101101101010
111110000010000101011000010000000011011011111010010100000100100011110000000010000010001000001110
111110000010000101011000010000000011011011111010010100000100010110111010011010111011000111010001
111110000010000101011000010000000011011011111010010100000100001000001101001111100001111001100010
111110000010000101011000010000000011011011111010010100000100010111100101111010011001110111100000
111110000010000101011000010000000011011011111010010100000100001000111010011110000000001011101111
111110000010000101011000010000000011011011111010010100000100100111000001010011001111101001010110
111110000010000101011000010000000011011011111010010100000100101111001010110100111000011011111001
111110000010000101011000010000000011011011111010010100000100000101101010111000110101100110000110
111110000010000101011000010000000011011011111010010100000100000011100101101110110001001101100101
111110000010000101011000010000000011011011111010010100000100111011101100111100011010001010100100
111110000010000101011000010000000011011011111010010100000100101000000101100001101101110101011001
111110000010000101011000010000000011011011111010010100000100011111101101111111100100001100000100
111110000010000101011000010000000011011011111010010100000100110100010000101010101001111100101111
111110000010000101011000010000000011011011111010010100000100011100100110000110111110011101010100
111110000010000101011000010000000011011011111010010100000100101110111101010000110010110001110100
111110000010000101011000010000000011011011111010010100000100111110001100110010011011011111100010
111110000010000101011000010000000011011011111010010100000100111100001111100101010001001111001101
111110000010000101011000010000000011011011111010010100000100011001110001110100101101001100110010
111110000010000101011000010000000011011011111010010100000100001011110100001010000111111000100010
111110000010000101011000010000000011011011111010010100000100001111000111110110100111100111000010
111110000010000101011000010000000011011011111010010100000100011111100000001110000110100011100011
111110000010000101011000010000000011011011111010010100000100011111110001101101100100000101010101
111110000010000101011000010000000011011011111010010100000100000100001101000001101011111001010011
111110000010000101011000010000000011011011111010010100000100001001011010010011011111100101010011
111110000010000101011000010000000011011011111010010100000100001110110001011010001001100001000100
111110000010000101011000010000000011011011111010010100000100000011111010101011000111011110011111
111110000010000101011000010000000011011011111010010100000100010100110100110110000001111110101111
111110000010000101011000010000000011011011111010010100000100000101100100000101011010000010000101
111110000010000101011000010000000011011011111010010100000100001010111010111110001001110110110100
111110000010000101011000010000000011011011111010010100000100001111011101011110111011111000111010
111110000010000101011000010000000011011011111010010100000100110100000011111111001000110011000000
111110000010000101011000010000000011011011111010010100000100000011100001100011111100100111110110
111110000010000101011000010000000011011011111010010100000100101110111110000101001100000010110001
111110000010000101011000010000000011011011111010010100000100111101000101101000111001111111100101
111110000010000101011000010000000011011011111010010100000100101001011000101010011000110100011111
111110000010000101011000010000000011011011111010010100000100010110111000010000110110111111000011
111110000010000101011000010000000011011011111010010100000100100101001001100010011011010111010111
111110000010000101011000010000000011011011111010010100000100101001100000100011000110101110110000
111110000010000101011000010000000011011011111010010100000100110101001001101111000011011000100010
111110000010000101011000010000000011011011111010010100000100010001101011011100100001010110000000
111110000010000101011000010000000011011011111010010100000100010001011110100010011111110101101010
111110000010000101011000010000000011011011111010010100000100110111101110110111010011010100011001
111110000010000101011000010000000011011011111010010100000100000101101010010011110100101101101111
111110000010000101011000010000000011011011111010010100000100011101100100010001011100001000110010
111110000010000101011000010000000011011011111010010100000100010100100000101110110011101100000100
111110000010000101011000010000000011011011111010010100000100111000010111010000000000110001111100
111110000010000101011000010000000011011011111010010100000100111101110101001111000110000101001101
111110000010000101011000010000000011011011111010010100000100101100110100011100110110000111101010
111110000010000101011000010000000011011011111010010100000100011100100111011011110100111110111011
111110000010000101011000010000000011011011111010010100000100010001110100001011001000001011010011
111110000010000101011000010000000011011011111010010100000100000110010100101001001010111110111011
111110000010000101011000010000000011011011111010010100000100100100101000010010101000000101000000
111110000010000101011000010000000011011011111010010100000100110101100100011011011010001011011111
111110000010000101011000010000000011011011111010010100000100100010000010011101000111001100000011
111110000010000101011000010000000011011011111010010100000100101010101101000110101011001010010110
111110000010000101011000010000000011011011111010010100000100100100001001101011011001000000111100
111110000010000101011000010000000011011011111010010100000100101000000111100101111110011000011110
111110000010000101011000010000000011011011111010010100000100011001001010110110010111000011011100
111110000010000101011000010000000011011011111010010100000100010100101100111001110011011101100010
111110000010000101011000010000000011011011111010010100000100011000111110101100101000001000110011
111110000010000101011000010000000011011011111010010100000100010000010110001010101011110010001100
111110000010000101011000010000000011011011111010010100000100000110101010101100100100010101011010
111110000010000101011000010000000011011011111010010100000100000000111001010000010000101011110010
111110000010000101011000010000000011011011111010010100000100010101100110101101011101100011001010
111110000010000101011000010000000011011011111010010100000100010111101110001011011011001110010101
111110000010000101011000010000000011011011111010010100000100010100010011110101100010001010010000
111110000010000101011000010000000011011011111010010100000100001010100001111011110101001100101100
111110000010000101011000010000000011011011111010010100000100110000000110010100010001001110100001
111110000010000101011000010000000011011011111010010100000100000111101111100110100110000010011101
111110000010000101011000010000000011011011111010010100000100101100000010100110111010110011011010
111110000010000101011000010000000011011011111010010100000100011101001111000101010101000000011100
111110000010000101011000010000000011011011111010010100000100011110111110000011010000000011100101
111110000010000101011000010000000011011011111010010100000100101000010111110101111010111101001110
111110000010000101011000010000000011011011111010010100000100011001101110111010011011110000111100
111110000010000101011000010000000011011011111010010100000100110010111111110101010101110110000100
111110000010000101011000010000000011011011111010010100000100101001100011110111111011101001111001
111110000010000101011000010000000011011011111010010100000100100011010000111100011111000110110110
111110000010000101011000010000000011011011111010010100000100000101010001000111000100011011100001
111110000010000101011000010000000011011011111010010100000100111101101110011111010011010010000000
111110000010000101011000010000000011011011111010010100000100010010011011101001001100111010110110
111110000010000101011000010000000011011011111010010100000100101001110001011111100101011111001010
111110000010000101011000010000000011011011111010010100000100001100101100111111011000111000010010
111110000010000101011000010000000011011011111010010100000100000111101110111110011101011100001000
111110000010000101011000010000000011011011111010010100000100000100100001001100001011111100001100
111110000010000101011000010000000011011011111010010100000100010111110111011110101111000000000110
111110000010000101011000010000000011011011111010010100000100001100000110101110000010000000110111
111110000010000101011000010000000011011011111010010100000100010000100011110100011110110111110011
111110000010000101011000010000000011011011111010010100000100101000011101100010001011010110010001
111110000010000101011000010000000011011011111010010100000100011000001100110010100101111011100101
111110000010000101011000010000000011011011111010010100000100101101110001000010100011101100100000
111110000010000101011000010000000011011011111010010100000100010000011110011000001000101001100001
111110000010000101011000010000000011011011111010010100000100011111110001110010100001100000010101
111110000010000101011000010000000011011011111010010100000100111011001110101000101101111010100001
111110000010000101011000010000000011011011111010010100000100001110100100111010000101001010111010
111110000010000101011000010000000011011011111010010100000100000010010010011001010100011100111001
111110000010000101011000010000000011011011111010010100000100100101101100111100010100000111010111
111110000010000101011000010000000011011011111010010100000100011111000100101110101111111011011101
111110000010000101011000010000000011011011111010010100000100011000101111101010001000011001100101
111110000010000101011000010000000011011011111010010100000100101001110110001010101101010011110100
111110000010000101011000010000000011011011111010010100000100001001111100010001001101100100101111
111110000010000101011000010000000011011011111010010100000100010100111111100011011100110110001001
111110000010000101011000010000000011011011111010010100000100001100010011100101111001111111010001
111110000010000101011000010000000011011011111010010100000100101100110110010001101100000000101011
111110000010000101011000010000000011011011111010010100000100110000000100100101101110111101111111
111110000010000101011000010000000011011011111010010100000100001000001011010101101101001000111100
111110000010000101011000010000000011011011111010010100000100001110011001110111100001010010100101
111110000010000101011000010000000011011011111010010100000100011100000010001010011100111100011011
111110000010000101011000010000000011011011111010010100000100110010110100010010000101000100001110
111110000010000101011000010000000011011011111010010100000100101110010010110101010011101111100101
111110000010000101011000010000000011011011111010010100000100100101100110001101100001001001010001
111110000010000101011000010000000011011011111010010100000100000110111010110101100011110001000110
111110000010000101011000010000000011011011111010010100000100111000111001101001100011001111100110
111110000010000101011000010000000011011011111010010100000100101010011100000010100101111010111110
111110000010000101011000010000000011011011111010010100000100100101101001110010001100110011101110
111110000010000101011000010000000011011011111010010100000100110011100000001100101010001001011100
111110000010000101011000010000000011011011111010010100000100111001101010111101111011101010001010
111110000010000101011000010000000011011011111010010100000100100011101000101110010101101010011100
111110000010000101011000010000000011011011111010010100000100001010111001111010010001000010110100
111110000010000101011000010000000011011011111010010100000100001000111111010010110011001111010011
111110000010000101011000010000000011011011111010010100000100101100101101110000110001001100101111
111110000010000101011000010000000011011011111010010100000100011111001011110101001100010000010111
111110000010000101011000010000000011011011111010010100000100010100011111110110100100111001101010
111110000010000101011000010000000011011011111010010100000100011011101001000101101111111110100110
111110000010000101011000010000000011011011111010010100000100001100000011111001011111011100111101
111110000010000101011000010000000011011011111010010100000100010001000000110001101101111110100001
111110000010000101011000010000000011011011111010010100000100111110000100010010001001110010101101
111110000010000101011000010000000011011011111010010100000100001010011010110011100100000000101011
111110000010000101011000010000000011011011111010010100000100101011110010100110100001001011111110
111110000010000101011000010000000011011011111010010100000100100010001101100010010110001001110011
111110000010000101011000010000000011011011111010010100000100011100110000000100110101011001001001
111110000010000101011000010000000011011011111010010100000100110001001011001000001011011101101010
111110000010000101011000010000000011011011111010010100000100101101001100001001010111100000001010
111110000010000101011000010000000011011011111010010100000100000111101000011010010111000000000001
111110000010000101011000010000000011011011111010010100000100101010101011111101101010001101001010
111110000010000101011000010000000011011011111010010100000100011001011111010101100011000001110000
111110000010000101011000010000000011011011111010010100000100011011100100010111110001101011000001
111110000010000101011000010000000011011011111010010100000100110011100001000010001001011110000010
111110000010000101011000010000000011011011111010010100000100010001011100000011000001001111101010
111110000010000101011000010000000011011011111010010100000100001100101011000110011001100010111110
111110000010000101011000010000000011011011111010010100000100000001111100010001000111111100001110
111110000010000101011000010000000011011011111010010100000100010100011000111010101001100100010110
111110000010000101011000010000000011011011111010010100000100100000000010110100111011101101101101
111110000010000101011000010000000011011011111010010100000100110010011110010110000010100110101001
111110000010000101011000010000000011011011111010010100000100000111011110010001011101101011110001
111110000010000101011000010000000011011011111010010100000100110100001011001111001110100010110000
111110000010000101011000010000000011011011111010010100000100001110101110110110010000010011110000
111110000010000101011000010000000011011011111010010100000100110101110110000010100001110010001110
111110000010000101011000010000000011011011111010010100000100111011000110110010101111100111110011
111110000010000101011000010000000011011011111010010100000100111000100000111011000000000100111001
111110000010000101011000010000000011011011111010010100000100000111010011111000110001110111000011
111110000010000101011000010000000011011011111010010100000100110000101100111111011111110001011011
111110000010000101011000010000000011011011111010010100000100111110000000100100101001111000100110
111110000010000101011000010000000011011011111010010100000100000101010110110011001010101110110100
111110000010000101011000010000000011011011111010010100000100110010010011011110000011001000100101
111110000010000101011000010000000011011011111010010100000100111111011001100101111101010010111111
111110000010000101011000010000000011011011111010010100000100011111101000000010100001100101011010
111110000010000101011000010000000011011011111010010100000100110111010100111111100111101101100011
111110000010000101011000010000000011011011111010010100000100100110110110100001100001010101110011
111110000010000101011000010000000011011011111010010100000100100010101100010000101101111100000001
111110000010000101011000010000000011011011111010010100000100110110101000110101000010100111110010
111110000010000101011000010000000011011011111010010100000100010000111010000111000101000011100100
111110000010000101011000010000000011011011111010010100000100010011111000101100000110001011111111
111110000010000101011000010000000011011011111010010100000100010111111110110001010100111110001101
111110000010000101011000010000000011011011111010010100000100000100000010111101100011110110010001
111110000010000101011000010000000011011011111010010100000100101110111011011011001001100000000100
111110000010000101011000010000000011011011111010010100000100011101011100000011100101101011110001
111110000010000101011000010000000011011011111010010100000100001100111000001101011000100111100000
111110000010000101011000010000000011011011111010010100000100100010110110101101100100100100000001
111110000010000101011000010000000011011011111010010100000100111110100101111100000000100000100110
111110000010000101011000010000000011011011111010010100000100111010011001110010001110100100110100
111110000010000101011000010000000011011011111010010100000100001101010010001110100111000100100110
111110000010000101011000010000000011011011111010010100000100111011000011101000101110000100010000
111110000010000101011000010000000011011011111010010100000100001011011110010000000010011000000010
111110000010000101011000010000000011011011111010010100000100100011101010100111110110000001001101
111110000010000101011000010000000011011011111010010100000100011001111001101000010111011100000100
111110000010000101011000010000000011011011111010010100000100010101100010111010011110111010010010
111110000010000101011000010000000011011011111010010100000100001101000100101111110110101110001010
111110000010000101011000010000000011011011111010010100000100010000111001010011011100110111010011
111110000010000101011000010000000011011011111010010100000100000100010001010101011111001111101110
111110000010000101011000010000000011011011111010010100000100010001101011101000010101000010101011
111110000010000101011000010000000011011011111010010100000100101110101010000101100110001111101010
111110000010000101011000010000000011011011111010010100000100101110100011011111111100001101110111
111110000010000101011000010000000011011011111010010100000100100010001110101011100001010111110001
111110000010000101011000010000000011011011111010010100000100010000000110011111011010111001110001
111110000010000101011000010000000011011011111010010100000100000010111101100010110000010100000001
111110000010000101011000010000000011011011111010010100000100001111111011001011100001010100100110
111110000010000101011000010000000011011011111010010100000100011100101101010000011100011001110011
111110000010000101011000010000000011011011111010010100000100001110101000011011100001001101110110
111110000010000101011000010000000011011011111010010100000100111010111010100111010011100111001001
111110000010000101011000010000000011011011111010010100000100110101000101010111101010111000011010
111110000010000101011000010000000011011011111010010100000100101100011110111011000101000011011011
111110000010000101011000010000000011011011111010010100000100011011111110110001001000000100010100
111110000010000101011000010000000011011011111010010100000100010100011000101110100100010000101101
111110000010000101011000010000000011011011111010010100000100111100001001001100101110101001000010
111110000010000101011000010000000011011011111010010100000100110011010101110101011010011010101001
111110000010000101011000010000000011011011111010010100000100001001101010010011101011000101100110
111110000010000101011000010000000011011011111010010100000100001110111010000011101000100010111001
111110000010000101011000010000000011011011111010010100000100001101001111100010010111111000010001
111110000010000101011000010000000011011011111010010100000100011111010111010001001010111110010010
111110000010000101011000010000000011011011111010010100000100001011100011111010001101110000001001
111110000010000101011000010000000011011011111010010100000100000011001110101110010100010100100010
111110000010000101011000010000000011011011111010010100000100011000011111100111101111100001000101
111110000010000101011000010000000011011011111010010100000100111000001011000011110110011101101011
111110000010000101011000010000000011011011111010010100000100110001000010110110011001011001010010
111110000010000101011000010000000011011011111010010100000100111111011001110100010111000000011010
111110000010000101011000010000000011011011111010010100000100010011011011000000000011110011001011
111110000010000101011000010000000011011011111010010100000100100100111111010101110101111110011110
111110000010000101011000010000000011011011111010010100000100111100010100100000010111010011110010
111110000010000101011000010000000011011011111010010100000100101110100111100011001101011110011101
111110000010000101011000010000000011011011111010010100000100100000000100000100110011111101010001
111110000010000101011000010000000011011011111010010100000100011000000000101001001011010011001011
111110000010000101011000010000000011011011111010010100000100110000011111001011110010111111100101
111110000010000101011000010000000011011011111010010100000100111010100011111010101000100101110101
111110000010000101011000010000000011011011111010010100000100110111001110000010100101001100010111
111110000010000101011000010000000011011011111010010100000100001110001010000111010100000001110011
111110000010000101011000010000000011011011111010010100000100111000111110011001011101010101011101
111110000010000101011000010000000011011011111010010100000100100010100111001011000000101101000011
111110000010000101011000010000000011011011111010010100000100001100111111010010100001101000111110
111110000010000101011000010000000011011011111010010100000100001011111101101100010000000001111100
111110000010000101011000010000000011011011111010010100000100110011010001100110011110010110100001
111110000010000101011000010000000011011011111010010100000100001101001010011000100111101001011110
111110000010000101011000010000000011011011111010010100000100110101100000011010001101010110110010
111110000010000101011000010000000011011011111010010100000100000100001010010001101000010010100111
111110000010000101011000010000000011011011111010010100000100000001010000000110000110011100010010
111110000010000101011000010000000011011011111010010100000100011010110100010000000010100010101111
111110000010000101011000010000000011011011111010010100000100001001010101001111100011001000011011
111110000010000101011000010000000011011011111010010100000100110111011000010000011011011001001011
111110000010000101011000010000000011011011111010010100000100101010110101011100101111011001001111
111110000010000101011000010000000011011011111010010100000100010011100001110011010110001000000100
111110000010000101011000010000000011011011111010010100000100111010010001011100010000101111111101
111110000010000101011000010000000011011011111010010100000100000000101010010001000110100010001001
111110000010000101011000010000000011011011111010010100000100001111001001011111010010001111111101
111110000010000101011000010000000011011011111010010100000100010000010100111010011100111000110100
111110000010000101011000010000000011011011111010010100000100011110001101010110110000011100010000
111110000010000101011000010000000011011011111010010100000100110101111100000000100010001001100010
111110000010000101011000010000000011011011111010010100000100111110101011000001100001100100000100
111110000010000101011000010000000011011011111010010100000100011010010100010011001011101010011110
111110000010000101011000010000000011011011111010010100000100110101001100011010010010010011101001
111110000010000101011000010000000011011011111010010100000100001011011101101000001011000000101011
111110000010000101011000010000000011011011111010010100000100110000011011110010111010001100010101
111110000010000101011000010000000011011011111010010100000100010100110011011101000001001011111011
111110000010000101011000010000000011011011111010010100000100101011001100111100110101000011000001
111110000010000101011000010000000011011011111010010100000100000000001110110101000001101000101111
111110000010000101011000010000000011011011111010010100000100010011111111110111010101111001110101
111110000010000101011000010000000011011011111010010100000100101001011011111110001100000111001011
111110000010000101011000010000000011011011111010010100000100010010110011100000111010011100000110
111110000010000101011000010000000011011011111010010100000100110001111111111111000101011010101110
111110000010000101011000010000000011011011111010010100000100101101111001010111010101110000011111
111110000010000101011000010000000011011011111010010100000100000111001010101010010110100001001010
111110000010000101011000010000000011011011111010010100000100101100100001100101010000111011001000
111110000010000101011000010000000011011011111010010100000100100011100111000001001011101101001101
111110000010000101011000010000000011011011111010010100000100100001101011111000101010101010110101
111110000010000101011000010000000011011011111010010100000100101011110110110111010110001000010100
111110000010000101011000010000000011011011111010010100000100010100011111101101111010110001100101
111110000010000101011000010000000011011011111010010100000100010111100010011110000100001110100011
111110000010000101011000010000000011011011111010010100000100100100011100111010010111111111110001
111110000010000101011000010000000011011011111010010100000100100000000100010110110001110100001010
111110000010000101011000010000000011011011111010010100000100101100111000000111100100010011100101
111110000010000101011000010000000011011011111010010100000100000100001101001101000010110000000010
111110000010000101011000010000000011011011111010010100000100011101000100011100101111001001010100
111110000010000101011000010000000011011011111010010100000100001011001001101111101101000000110111
111110000010000101011000010000000011011011111010010100000100101110110000001100111101110000011100
111110000010000101011000010000000011011011111010010100000100010110101001011101011011001011000001
111110000010000101011000010000000011011011111010010100000100011000110001111110101100101111101011
111110000010000101011000010000000011011011111010010100000100010010111011010010011010011110001011
111110000010000101011000010000000011011011111010010100000100110000111001000111101110011110110110
111110000010000101011000010000000011011011111010010100000100011000111111001000110100010010110111
111110000010000101011000010000000011011011111010010100000100001000101001100011100101010111100100
111110000010000101011000010000000011011011111010010100000100010010010001100010000010011010001001
111110000010000101011000010000000011011011111010010100000100001100111011100011000000110100100100
111110000010000101011000010000000011011011111010010100000100111000111101100001011100010101100100
111110000010000101011000010000000011011011111010010100000100001010111111100001110000010101110000
111110000010000101011000010000000011011011111010010100000100101000111111010011000011001111110011
111110000010000101011000010000000011011011111010010100000100001101100110100011110011100000110010
111110000010000101011000010000000011011011111010010100000100011000111111010101001101101000110100
111110000010000101011000010000000011011011111010010100000100110110110101100101101110111010100111
111110000010000101011000010000000011011011111010010100000100001110011010111011010111111111000000
111110000010000101011000010000000011011011111010010100000100000001000011001011110011011001010100
111110000010000101011000010000000011011011111010010100000100111111111001100010111010100100010110
111110000010000101011000010000000011011011111010010100000100001000101100100010111110100110111001
111110000010000101011000010000000011011011111010010100000100010001001110001010010101111001011001
111110000010000101011000010000000011011011111010010100000100101110101101101111010100001101111001
111110000010000101011000010000000011011011111010010100000100110110110000101110010101000011010110
111110000010000101011000010000000011011011111010010100000100010000100100100011001011110111100111
111110000010000101011000010000000011011011111010010100000100110100011100100101011000010011100110
111110000010000101011000010000000011011011111010010100000100110110101111101000101101111000110110
111110000010000101011000010000000011011011111010010100000100100111111110000001010010110111010010
111110000010000101011000010000000011011011111010010100000100000101001100110110000011100000101001
111110000010000101011000010000000011011011111010010100000100100001100111111001111000110101100101
111110000010000101011000010000000011011011111010010100000100100100011111000111101110111110111011
111110000010000101011000010000000011011011111010010100000100010110110000000111101110001001101101
111110000010000101011000010000000011011011111010010100000100011000110010100001110011001010010110
111110000010000101011000010000000011011011111010010100000100011101001010011011010001101111011001
111110000010000101011000010000000011011011111010010100000100000111100001100011010000100000100001
111110000010000101011000010000000011011011111010010100000100100100000111101000001100111100111110
111110000010000101011000010000000011011011111010010100000100000000010100001011010001111011011010
111110000010000101011000010000000011011011111010010100000100110111000000111111111011110001001000
111110000010000101011000010000000011011011111010010100000100010011110010111011101010001111011111
111110000010000101011000010000000011011011111010010100000100001001100100011111010001010100110100
111110000010000101011000010000000011011011111010010100000100111111110000010111110100100010110111
111110000010000101011000010000000011011011111010010100000100100100111110011010100001010001001110
111110000010000101011000010000000011011011111010010100000100001000011111011101110101001100111101
111110000010000101011000010000000011011011111010010100000100100000110101101010011111010011000100
111110000010000101011000010000000011011011111010010100000100000111110110100101100011001110000100
111110000010000101011000010000000011011011111010010100000100100001111110000100101111001000101001
111110000010000101011000010000000011011011111010010100000100111011000001101111110011101100010101
111110000010000101011000010000000011011011111010010100000100000001110010100101101111100101011000
111110000010000101011000010000000011011011111010010100000100100100111011111000111110101000000111
111110000010000101011000010000000011011011111010010100000100001110111000011000101111101100111010
111110000010000101011000010000000011011011111010010100000100010110100111111100011010000011000000
111110000010000101011000010000000011011011111010010100000100001011001100110110000001010101101100
111110000010000101011000010000000011011011111010010100000100000100001000001101110111100010101101
111110000010000101011000010000000011011011111010010100000100011011100110101001010100000010001000
111110000010000101011000010000000011011011111010010100000100101011100101000110100011001010001110
111110000010000101011000010000000011011011111010010100000100100010110111110101110110110100100011
111110000010000101011000010000000011011011111010010100000100001111101010101010111100011110001010
111110000010000101011000010000000011011011111010010100000100101011110010000000101101100011111100
111110000010000101011000010000000011011011111010010100000100010010001111000000101011000101111101
111110000010000101011000010000000011011011111010010100000100011110101101101111011100000101001111
111110000010000101011000010000000011011011111010010100000100011011000010111010000010001011111000
111110000010000101011000010000000011011011111010010100000100100001100011011010101011010011101000
111110000010000101011000010000000011011011111010010100000100101010100000011000010110101111100110
111110000010000101011000010000000011011011111010010100000100011011010011101011000010010110110010
111110000010000101011000010000000011011011111010010100000100010100100110100110100010100011100110
111110000010000101011000010000000011011011111010010100000100101001001110011110111100000000100011
111110000010000101011000010000000011011011111010010100000100111111101101010010111010111111101010
111110000010000101011000010000000011011011111010010100000100110101011110101100010100000000000011
111110000010000101011000010000000011011011111010010100000100011110101111110010000011001101010110
111110000010000101011000010000000011011011111010010100000100000110101101011001100001011100011101
111110000010000101011000010000000011011011111010010100000100100110010010110110100101101000110011
111110000010000101011000010000000011011011111010010100000100010101010000011001100100110111111000
111110000010000101011000010000000011011011111010010100000100111011100111011110011011100101101110
111110000010000101011000010000000011011011111010010100000100000101111101110100101011101100100101
111110000010000101011000010000000011011011111010010100000100110100001101011111011001001000001001
111110000010000101011000010000000011011011111010010100000100001011100000010110100111100000111101
111110000010000101011000010000000011011011111010010100000100001001100110001000101111100000101000
111110000010000101011000010000000011011011111010010100000100000100111010110101101101110100000010
111110000010000101011000010000000011011011111010010100000100101101100100010101000101110111100000
111110000010000101011000010000000011011011111010010100000100010110011110011110000100100000000111
111110000010000101011000010000000011011011111010010100000100011110110000101011010101100010101111
111110000010000101011000010000000011011011111010010100000100011000100110000011000010000110110100
111110000010000101011000010000000011011011111010010100000100100010110101101110011100111001110001
111110000010000101011000010000000011011011111010010100000100001100011101011010110101001000101001
