110101001111101100000000000000000000000000000000000000000000000010011110101000101101010011010110
001000101110000000100000000000000000000000000000000000000000000010011110101000101101010011010110
011000001001000100100000000000000000000000000000000000000000000010011110101000101101010011010110
001001110010111110000000000000000000000000000000000000000000000010011110101000101101010011010110
000000111111110010000000000000000000000000000000000000000000000010011110101000101101010011010110
001000011001011011000000000000000000000000000000000000000000000010011110101000101101010011010110
000110000101111111000000000000000000000000000000000000000000000010011110101000101101010011010110
110110010011101001000000000000000000000000000000000000000000000010011110101000101101010011010110
100110111110101011000000000000000000000000000000000000000000000010011110101000101101010011010110
011000001111110000000000000000000000000000000000000000000000000010011110101000101101010011010110
011101000000110100000000000000000000000000000000000000000000000010011110101000101101010011010110
100101011101101111000000000000000000000000000000000000000000000010011110101000101101010011010110
000110101100100010000000000000000000000000000000000000000000000010011110101000101101010011010110
111110101001110101000000000000000000000000000000000000000000000010011110101000101101010011010110
010110110011011110000000000000000000000000000000000000000000000010011110101000101101010011010110
100101101110100000000000000000000000000000000000000000000000000010011110101000101101010011010110
110101011110011110000000000000000000000000000000000000000000000010011110101000101101010011010110
011011011111101111000000000000000000000000000000000000000000000010011110101000101101010011010110
110111011011000001000000000000000000000000000000000000000000000010011110101000101101010011010110
100000101110001011000000000000000000000000000000000000000000000010011110101000101101010011010110
111011011000110010000000000000000000000000000000000000000000000010011110101000101101010011010110
011000100110101000000000000000000000000000000000000000000000000010011110101000101101010011010110
101100011001111001000000000000000000000000000000000000000000000010011110101000101101010011010110
010010001000100100100000000000000000000000000000000000000000000010011110101000101101010011010110
000100011100000000000000000000000000000000000000000000000000000010011110101000101101010011010110
101101000011110000000000000000000000000000000000000000000000000010011110101000101101010011010110
010000110100000100000000000000000000000000000000000000000000000010011110101000101101010011010110
001100000111110100000000000000000000000000000000000000000000000010011110101000101101010011010110
110010010000000101000000000000000000000000000000000000000000000010011110101000101101010011010110
010010010111001000000000000000000000000000000000000000000000000010011110101000101101010011010110
011001111011111101000000000000000000000000000000000000000000000010011110101000101101010011010110
010110001011100111000000000000000000000000000000000000000000000010011110101000101101010011010110
110011010100010100000000000000000000000000000000000000000000000010011110101000101101010011010110
110011110101010001000000000000000000000000000000000000000000000010011110101000101101010011010110
011000101111111000100000000000000000000000000000000000000000000010011110101000101101010011010110
010111110010101000000000000000000000000000000000000000000000000010011110101000101101010011010110
110010001111001000000000000000000000000000000000000000000000000010011110101000101101010011010110
100101001011100101000000000000000000000000000000000000000000000010011110101000101101010011010110
111100101110110111000000000000000000000000000000000000000000000010011110101000101101010011010110
011100010111111000000000000000000000000000000000000000000000000010011110101000101101010011010110
000001101110011100000000000000000000000000000000000000000000000010011110101000101101010011010110
010011001100111000100000000000000000000000000000000000000000000010011110101000101101010011010110
010000000111110000100000000000000000000000000000000000000000000010011110101000101101010011010110
111001111101101011000000000000000000000000000000000000000000000010011110101000101101010011010110
011011100111110011000000000000000000000000000000000000000000000010011110101000101101010011010110
101110011111101010000000000000000000000000000000000000000000000010011110101000101101010011010110
001011101001010000100000000000000000000000000000000000000000000010011110101000101101010011010110
001000011100001000000000000000000000000000000000000000000000000010011110101000101101010011010110
101000101000011111000000000000000000000000000000000000000000000010011110101000101101010011010110
000011110011100000000000000000000000000000000000000000000000000010011110101000101101010011010110
110010110111111000100000000000000000000000000000000000000000000010011110101000101101010011010110
101110110010111010000000000000000000000000000000000000000000000010011110101000101101010011010110
111101000000101111000000000000000000000000000000000000000000000010011110101000101101010011010110
111010111110001100000000000000000000000000000000000000000000000010011110101000101101010011010110
001101011010101101000000000000000000000000000000000000000000000010011110101000101101010011010110
000111010100100110000000000000000000000000000000000000000000000010011110101000101101010011010110
100111111001010110000000000000000000000000000000000000000000000010011110101000101101010011010110
001011100010111100000000000000000000000000000000000000000000000010011110101000101101010011010110
111110111010101110000000000000000000000000000000000000000000000010011110101000101101010011010110
011001111111111001000000000000000000000000000000000000000000000010011110101000101101010011010110
000101000101101011000000000000000000000000000000000000000000000010011110101000101101010011010110
100001000011110101000000000000000000000000000000000000000000000010011110101000101101010011010110
001001101011111000000000000000000000000000000000000000000000000010011110101000101101010011010110
001101011110010100000000000000000000000000000000000000000000000010011110101000101101010011010110
011011000100001001000000000000000000000000000000000000000000000010011110101000101101010011010110
000110001010101000100000000000000000000000000000000000000000000010011110101000101101010011010110
111100010100110000000000000000000000000000000000000000000000000010011110101000101101010011010110
101010011101011010000000000000000000000000000000000000000000000010011110101000101101010011010110
001000001101010110000000000000000000000000000000000000000000000010011110101000101101010011010110
100101101000001100000000000000000000000000000000000000000000000010011110101000101101010011010110
000010011010101100000000000000000000000000000000000000000000000010011110101000101101010011010110
110010110000000011000000000000000000000000000000000000000000000010011110101000101101010011010110
001000000111110000000000000000000000000000000000000000000000000010011110101000101101010011010110
101111100110000100100000000000000000000000000000000000000000000010011110101000101101010011010110
100001010011111101000000000000000000000000000000000000000000000010011110101000101101010011010110
101111110100001111000000000000000000000000000000000000000000000010011110101000101101010011010110
100101010101000011000000000000000000000000000000000000000000000010011110101000101101010011010110
001110110100111110000000000000000000000000000000000000000000000010011110101000101101010011010110
110001011000001011000000000000000000000000000000000000000000000010011110101000101101010011010110
000101001101101010000000000000000000000000000000000000000000000010011110101000101101010011010110
101110111001010110000000000000000000000000000000000000000000000010011110101000101101010011010110
100001010100110100000000000000000000000000000000000000000000000010011110101000101101010011010110
111010000000000100100000000000000000000000000000000000000000000010011110101000101101010011010110
111000100101111000000000000000000000000000000000000000000000000010011110101000101101010011010110
010110001100001100000000000000000000000000000000000000000000000010011110101000101101010011010110
010100111011000000100000000000000000000000000000000000000000000010011110101000101101010011010110
110001010100101111000000000000000000000000000000000000000000000010011110101000101101010011010110
100110010000110000100000000000000000000000000000000000000000000010011110101000101101010011010110
010101000110001000100000000000000000000000000000000000000000000010011110101000101101010011010110
010011001110110000000000000000000000000000000000000000000000000010011110101000101101010011010110
001110100111000111000000000000000000000000000000000000000000000010011110101000101101010011010110
100010110001001011000000000000000000000000000000000000000000000010011110101000101101010011010110
011001010110000000000000000000000000000000000000000000000000000010011110101000101101010011010110
011001101000000000100000000000000000000000000000000000000000000010011110101000101101010011010110
101001001011100100000000000000000000000000000000000000000000000010011110101000101101010011010110
010101100000010000000000000000000000000000000000000000000000000010011110101000101101010011010110
011010110011010001000000000000000000000000000000000000000000000010011110101000101101010011010110
111100111011100111000000000000000000000000000000000000000000000010011110101000101101010011010110
100110011111010000100000000000000000000000000000000000000000000010011110101000101101010011010110
011011000000010101000000000000000000000000000000000000000000000010011110101000101101010011010110
100011010010101000100000000000000000000000000000000000000000000010011110101000101101010011010110
110001111011010000100000000000000000000000000000000000000000000010011110101000101101010011010110
000000011010110001000000000000000000000000000000000000000000000010011110101000101101010011010110
100001101101000100100000000000000000000000000000000000000000000010011110101000101101010011010110
100110110100111111000000000000000000000000000000000000000000000010011110101000101101010011010110
010001010110011010000000000000000000000000000000000000000000000010011110101000101101010011010110
011100010111011110000000000000000000000000000000000000000000000010011110101000101101010011010110
110111100110100100000000000000000000000000000000000000000000000010011110101000101101010011010110
111100011010001001000000000000000000000000000000000000000000000010011110101000101101010011010110
010100001001011110000000000000000000000000000000000000000000000010011110101000101101010011010110
111111001110100101000000000000000000000000000000000000000000000010011110101000101101010011010110
011010011100010000100000000000000000000000000000000000000000000010011110101000101101010011010110
101110010011010000000000000000000000000000000000000000000000000010011110101000101101010011010110
001110101011100100000000000000000000000000000000000000000000000010011110101000101101010011010110
010111100001110000000000000000000000000000000000000000000000000010011110101000101101010011010110
101101010011001100000000000000000000000000000000000000000000000010011110101000101101010011010110
010100110010000110000000000000000000000000000000000000000000000010011110101000101101010011010110
010000000011110000100000000000000000000000000000000000000000000010011110101000101101010011010110
010110011100100100100000000000000000000000000000000000000000000010011110101000101101010011010110
110001110111001010000000000000000000000000000000000000000000000010011110101000101101010011010110
100011110001000001000000000000000000000000000000000000000000000010011110101000101101010011010110
000110101111110100000000000000000000000000000000000000000000000010011110101000101101010011010110
010100001011000110000000000000000000000000000000000000000000000010011110101000101101010011010110
111010001100001101000000000000000000000000000000000000000000000010011110101000101101010011010110
001100000011001010000000000000000000000000000000000000000000000010011110101000101101010011010110
111110100001110001000000000000000000000000000000000000000000000010011110101000101101010011010110
110001001111110101000000000000000000000000000000000000000000000010011110101000101101010011010110
101110001010111000000000000000000000000000000000000000000000000010011110101000101101010011010110
010000101111000111000000000000000000000000000000000000000000000010011110101000101101010011010110
010010010000111101000000000000000000000000000000000000000000000010011110101000101101010011010110
100011001000000000100000000000000000000000000000000000000000000010011110101000101101010011010110
010001100111011010000000000000000000000000000000000000000000000010011110101000101101010011010110
011110101000011100000000000000000000000000000000000000000000000010011110101000101101010011010110
110010010010110000100000000000000000000000000000000000000000000010011110101000101101010011010110
110010111111011000000000000000000000000000000000000000000000000010011110101000101101010011010110
111101011001101111000000000000000000000000000000000000000000000010011110101000101101010011010110
000111100110001000100000000000000000000000000000000000000000000010011110101000101101010011010110
111100001110111100000000000000000000000000000000000000000000000010011110101000101101010011010110
110001011001100011000000000000000000000000000000000000000000000010011110101000101101010011010110
100011111001010001000000000000000000000000000000000000000000000010011110101000101101010011010110
000001101111000100000000000000000000000000000000000000000000000010011110101000101101010011010110
101110100010100011000000000000000000000000000000000000000000000010011110101000101101010011010110
010011010001101001000000000000000000000000000000000000000000000010011110101000101101010011010110
111001100010011100000000000000000000000000000000000000000000000010011110101000101101010011010110
100000010110001010000000000000000000000000000000000000000000000010011110101000101101010011010110
100000101101000010000000000000000000000000000000000000000000000010011110101000101101010011010110
001000001010000100000000000000000000000000000000000000000000000010011110101000101101010011010110
101010010011000100100000000000000000000000000000000000000000000010011110101000101101010011010110
111110101110010001000000000000000000000000000000000000000000000010011110101000101101010011010110
011101000100100001000000000000000000000000000000000000000000000010011110101000101101010011010110
101001101100000100100000000000000000000000000000000000000000000010011110101000101101010011010110
011000110111111000000000000000000000000000000000000000000000000010011110101000101101010011010110
001110011011000111000000000000000000000000000000000000000000000010011110101000101101010011010110
000001100000010111000000000000000000000000000000000000000000000010011110101000101101010011010110
001101001010010000000000000000000000000000000000000000000000000010011110101000101101010011010110
010010101100101111000000000000000000000000000000000000000000000010011110101000101101010011010110
100111110010111000000000000000000000000000000000000000000000000010011110101000101101010011010110
010110100001000001000000000000000000000000000000000000000000000010011110101000101101010011010110
010000000001011110000000000000000000000000000000000000000000000010011110101000101101010011010110
100101010001100000100000000000000000000000000000000000000000000010011110101000101101010011010110
101100010001001111000000000000000000000000000000000000000000000010011110101000101101010011010110
111111001101100111000000000000000000000000000000000000000000000010011110101000101101010011010110
000110101010111111000000000000000000000000000000000000000000000010011110101000101101010011010110
111110110100100100100000000000000000000000000000000000000000000010011110101000101101010011010110
101100110100111110000000000000000000000000000000000000000000000010011110101000101101010011010110
110100001010101011000000000000000000000000000000000000000000000010011110101000101101010011010110
101111110110101000100000000000000000000000000000000000000000000010011110101000101101010011010110
001110110011000110000000000000000000000000000000000000000000000010011110101000101101010011010110
000010001101001101000000000000000000000000000000000000000000000010011110101000101101010011010110
010011011001010100000000000000000000000000000000000000000000000010011110101000101101010011010110
100111110011010000100000000000000000000000000000000000000000000010011110101000101101010011010110
001010101001011000000000000000000000000000000000000000000000000010011110101000101101010011010110
011000001001011011000000000000000000000000000000000000000000000010011110101000101101010011010110
100111101011011110000000000000000000000000000000000000000000000010011110101000101101010011010110
111110000011101001000000000000000000000000000000000000000000000010011110101000101101010011010110
001110110111101001000000000000000000000000000000000000000000000010011110101000101101010011010110
111000101001001010000000000000000000000000000000000000000000000010011110101000101101010011010110
001010000011100000000000000000000000000000000000000000000000000010011110101000101101010011010110
101000101111111011000000000000000000000000000000000000000000000010011110101000101101010011010110
011100010000000010000000000000000000000000000000000000000000000010011110101000101101010011010110
011110001100010001000000000000000000000000000000000000000000000010011110101000101101010011010110
011111101000001110000000000000000000000000000000000000000000000010011110101000101101010011010110
101101010011011010000000000000000000000000000000000000000000000010011110101000101101010011010110
101101111001100000100000000000000000000000000000000000000000000010011110101000101101010011010110
100011111100001001000000000000000000000000000000000000000000000010011110101000101101010011010110
101011111010111001000000000000000000000000000000000000000000000010011110101000101101010011010110
111111101101100100000000000000000000000000000000000000000000000010011110101000101101010011010110
100001001011100101000000000000000000000000000000000000000000000010011110101000101101010011010110
001100010011000000100000000000000000000000000000000000000000000010011110101000101101010011010110
010100000100001010000000000000000000000000000000000000000000000010011110101000101101010011010110
010101011101111000100000000000000000000000000000000000000000000010011110101000101101010011010110
100001111111010101000000000000000000000000000000000000000000000010011110101000101101010011010110
000010010000111101000000000000000000000000000000000000000000000010011110101000101101010011010110
000100001011100000100000000000000000000000000000000000000000000010011110101000101101010011010110
111101101111001111000000000000000000000000000000000000000000000010011110101000101101010011010110
010000010111001010000000000000000000000000000000000000000000000010011110101000101101010011010110
110101010100111101000000000000000000000000000000000000000000000010011110101000101101010011010110
010010111010110101000000000000000000000000000000000000000000000010011110101000101101010011010110
110100000000011010000000000000000000000000000000000000000000000010011110101000101101010011010110
001100001011111010000000000000000000000000000000000000000000000010011110101000101101010011010110
001010010100011000100000000000000000000000000000000000000000000010011110101000101101010011010110
011001001111101000100000000000000000000000000000000000000000000010011110101000101101010011010110
101001010010001010000000000000000000000000000000000000000000000010011110101000101101010011010110
001110110100100111000000000000000000000000000000000000000000000010011110101000101101010011010110
111010101101101110000000000000000000000000000000000000000000000010011110101000101101010011010110
100110011100000001000000000000000000000000000000000000000000000010011110101000101101010011010110
010101000100110011000000000000000000000000000000000000000000000010011110101000101101010011010110
001010111111001110000000000000000000000000000000000000000000000010011110101000101101010011010110
101111111100111010000000000000000000000000000000000000000000000010011110101000101101010011010110
100100011000011101000000000000000000000000000000000000000000000010011110101000101101010011010110
010110011001010101000000000000000000000000000000000000000000000010011110101000101101010011010110
010000011110100101000000000000000000000000000000000000000000000010011110101000101101010011010110
110100100010010010000000000000000000000000000000000000000000000010011110101000101101010011010110
010111101101010000000000000000000000000000000000000000000000000010011110101000101101010011010110
111101100101011100000000000000000000000000000000000000000000000010011110101000101101010011010110
111101111001110000100000000000000000000000000000000000000000000010011110101000101101010011010110
100100100101000110000000000000000000000000000000000000000000000010011110101000101101010011010110
011000100010011111000000000000000000000000000000000000000000000010011110101000101101010011010110
101101011101111111000000000000000000000000000000000000000000000010011110101000101101010011010110
101100000111100101000000000000000000000000000000000000000000000010011110101000101101010011010110
000100111101000100000000000000000000000000000000000000000000000010011110101000101101010011010110
011001000110110100000000000000000000000000000000000000000000000010011110101000101101010011010110
100000110101001100000000000000000000000000000000000000000000000010011110101000101101010011010110
110001111111110010000000000000000000000000000000000000000000000010011110101000101101010011010110
101101100001010011000000000000000000000000000000000000000000000010011110101000101101010011010110
011100101100100100000000000000000000000000000000000000000000000010011110101000101101010011010110
101000111000000000000000000000000000000000000000000000000000000010011110101000101101010011010110
111001001100011011000000000000000000000000000000000000000000000010011110101000101101010011010110
100000110011111010000000000000000000000000000000000000000000000010011110101000101101010011010110
111001000101111110000000000000000000000000000000000000000000000010011110101000101101010011010110
001011110110100101000000000000000000000000000000000000000000000010011110101000101101010011010110
100110101110000100100000000000000000000000000000000000000000000010011110101000101101010011010110
100011001100100100100000000000000000000000000000000000000000000010011110101000101101010011010110
110100001010011100000000000000000000000000000000000000000000000010011110101000101101010011010110
010110000110010000100000000000000000000000000000000000000000000010011110101000101101010011010110
000011111000101001000000000000000000000000000000000000000000000010011110101000101101010011010110
011000111101010011000000000000000000000000000000000000000000000010011110101000101101010011010110
000011000001111110000000000000000000000000000000000000000000000010011110101000101101010011010110
111110110110001111000000000000000000000000000000000000000000000010011110101000101101010011010110
110101100001000110000000000000000000000000000000000000000000000010011110101000101101010011010110
010100101010011111000000000000000000000000000000000000000000000010011110101000101101010011010110
110010001111101001000000000000000000000000000000000000000000000010011110101000101101010011010110
011110101001101100000000000000000000000000000000000000000000000010011110101000101101010011010110
100001101010111110000000000000000000000000000000000000000000000010011110101000101101010011010110
010000111001001000000000000000000000000000000000000000000000000010011110101000101101010011010110
000111000100110010000000000000000000000000000000000000000000000010011110101000101101010011010110
000000000010111011000000000000000000000000000000000000000000000010011110101000101101010011010110
001010011101111100000000000000000000000000000000000000000000000010011110101000101101010011010110
011001100110100000000000000000000000000000000000000000000000000010011110101000101101010011010110
010100000000100110000000000000000000000000000000000000000000000010011110101000101101010011010110
100111101001001110000000000000000000000000000000000000000000000010011110101000101101010011010110
111100001010000100000000000000000000000000000000000000000000000010011110101000101101010011010110
110000110011000100000000000000000000000000000000000000000000000010011110101000101101010011010110
011111100011011001000000000000000000000000000000000000000000000010011110101000101101010011010110
111100010010011100000000000000000000000000000000000000000000000010011110101000101101010011010110
000000110010111000100000000000000000000000000000000000000000000010011110101000101101010011010110
100100011101001100000000000000000000000000000000000000000000000010011110101000101101010011010110
010010111011100110000000000000000000000000000000000000000000000010011110101000101101010011010110
001000100000110101000000000000000000000000000000000000000000000010011110101000101101010011010110
001101111001001010000000000000000000000000000000000000000000000010011110101000101101010011010110
000111001101101001000000000000000000000000000000000000000000000010011110101000101101010011010110
110000010011001011000000000000000000000000000000000000000000000010011110101000101101010011010110
000100001000110110000000000000000000000000000000000000000000000010011110101000101101010011010110
110101101011110011000000000000000000000000000000000000000000000010011110101000101101010011010110
111010010000010101000000000000000000000000000000000000000000000010011110101000101101010011010110
110011001011010111000000000000000000000000000000000000000000000010011110101000101101010011010110
110001111001011000000000000000000000000000000000000000000000000010011110101000101101010011010110
101011110000111111000000000000000000000000000000000000000000000010011110101000101101010011010110
110000010001000100100000000000000000000000000000000000000000000010011110101000101101010011010110
100011011010101011000000000000000000000000000000000000000000000010011110101000101101010011010110
001111100001100111000000000000000000000000000000000000000000000010011110101000101101010011010110
111111011101001000100000000000000000000000000000000000000000000010011110101000101101010011010110
111001000110001010000000000000000000000000000000000000000000000010011110101000101101010011010110
001110001001011011000000000000000000000000000000000000000000000010011110101000101101010011010110
110100011011000000000000000000000000000000000000000000000000000010011110101000101101010011010110
111001100100100010000000000000000000000000000000000000000000000010011110101000101101010011010110
001011111100100010000000000000000000000000000000000000000000000010011110101000101101010011010110
001001010001100100000000000000000000000000000000000000000000000010011110101000101101010011010110
110000010001010010000000000000000000000000000000000000000000000010011110101000101101010011010110
011001001111111100000000000000000000000000000000000000000000000010011110101000101101010011010110
111000101011001011000000000000000000000000000000000000000000000010011110101000101101010011010110
110011001011110010000000000000000000000000000000000000000000000010011110101000101101010011010110
110001111011101100000000000000000000000000000000000000000000000010011110101000101101010011010110
101011100001000100100000000000000000000000000000000000000000000010011110101000101101010011010110
001011010101001001000000000000000000000000000000000000000000000010011110101000101101010011010110
001000001101010000000000000000000000000000000000000000000000000010011110101000101101010011010110
010010100011100111000000000000000000000000000000000000000000000010011110101000101101010011010110
010111111011011111000000000000000000000000000000000000000000000010011110101000101101010011010110
100110110001001000100000000000000000000000000000000000000000000010011110101000101101010011010110
110110011101101000000000000000000000000000000000000000000000000010011110101000101101010011010110
010001110101000100000000000000000000000000000000000000000000000010011110101000101101010011010110
111001110100010110000000000000000000000000000000000000000000000010011110101000101101010011010110
111111101111001000100000000000000000000000000000000000000000000010011110101000101101010011010110
100010001110001000100000000000000000000000000000000000000000000010011110101000101101010011010110
111000000100010101000000000000000000000000000000000000000000000010011110101000101101010011010110
101011110110110000100000000000000000000000000000000000000000000010011110101000101101010011010110
100111110001110001000000000000000000000000000000000000000000000010011110101000101101010011010110
110100111011011110000000000000000000000000000000000000000000000010011110101000101101010011010110
101100000011010000000000000000000000000000000000000000000000000010011110101000101101010011010110
101011111110000000100000000000000000000000000000000000000000000010011110101000101101010011010110
011110101000100100000000000000000000000000000000000000000000000010011110101000101101010011010110
000010011001100000100000000000000000000000000000000000000000000010011110101000101101010011010110
010101100000011101000000000000000000000000000000000000000000000010011110101000101101010011010110
010010100110110011000000000000000000000000000000000000000000000010011110101000101101010011010110
010001001100111001000000000000000000000000000000000000000000000010011110101000101101010011010110
100011010100001000100000000000000000000000000000000000000000000010011110101000101101010011010110
011011000111111110000000000000000000000000000000000000000000000010011110101000101101010011010110
111111011100101011000000000000000000000000000000000000000000000010011110101000101101010011010110
000101111010111101000000000000000000000000000000000000000000000010011110101000101101010011010110
011010101001100110000000000000000000000000000000000000000000000010011110101000101101010011010110
110101101011110110000000000000000000000000000000000000000000000010011110101000101101010011010110
010001101001011001000000000000000000000000000000000000000000000010011110101000101101010011010110
010110000011000000000000000000000000000000000000000000000000000010011110101000101101010011010110
000100000110000101000000000000000000000000000000000000000000000010011110101000101101010011010110
001000101001111111000000000000000000000000000000000000000000000010011110101000101101010011010110
100110011100001000100000000000000000000000000000000000000000000010011110101000101101010011010110
011000001000011110000000000000000000000000000000000000000000000010011110101000101101010011010110
111111110100111101000000000000000000000000000000000000000000000010011110101000101101010011010110
010101111111011101000000000000000000000000000000000000000000000010011110101000101101010011010110
101001000100001110000000000000000000000000000000000000000000000010011110101000101101010011010110
000001101001010000000000000000000000000000000000000000000000000010011110101000101101010011010110
100110100010001111000000000000000000000000000000000000000000000010011110101000101101010011010110
010001011101001111000000000000000000000000000000000000000000000010011110101000101101010011010110
011100001011011000100000000000000000000000000000000000000000000010011110101000101101010011010110
001000101010011101000000000000000000000000000000000000000000000010011110101000101101010011010110
010110101111110100000000000000000000000000000000000000000000000010011110101000101101010011010110
111011110111010000000000000000000000000000000000000000000000000010011110101000101101010011010110
011010011000011011000000000000000000000000000000000000000000000010011110101000101101010011010110
000011100111110010000000000000000000000000000000000000000000000010011110101000101101010011010110
000001111000101000000000000000000000000000000000000000000000000010011110101000101101010011010110
101011010001010011000000000000000000000000000000000000000000000010011110101000101101010011010110
100011000001000000000000000000000000000000000000000000000000000010011110101000101101010011010110
111101110010110000100000000000000000000000000000000000000000000010011110101000101101010011010110
000001000101110101000000000000000000000000000000000000000000000010011110101000101101010011010110
110010101110011001000000000000000000000000000000000000000000000010011110101000101101010011010110
110111000010110111000000000000000000000000000000000000000000000010011110101000101101010011010110
000111011000110011000000000000000000000000000000000000000000000010011110101000101101010011010110
011001011110110000000000000000000000000000000000000000000000000010011110101000101101010011010110
110010001101000100100000000000000000000000000000000000000000000010011110101000101101010011010110
001001111000110110000000000000000000000000000000000000000000000010011110101000101101010011010110
100011000001000011000000000000000000000000000000000000000000000010011110101000101101010011010110
010000111111101011000000000000000000000000000000000000000000000010011110101000101101010011010110
001100000000001101000000000000000000000000000000000000000000000010011110101000101101010011010110
100101010111111110000000000000000000000000000000000000000000000010011110101000101101010011010110
010001100110100110000000000000000000000000000000000000000000000010011110101000101101010011010110
110111000010110000100000000000000000000000000000000000000000000010011110101000101101010011010110
011001111110001000100000000000000000000000000000000000000000000010011110101000101101010011010110
100111001100100110000000000000000000000000000000000000000000000010011110101000101101010011010110
101110110011111011000000000000000000000000000000000000000000000010011110101000101101010011010110
000011100110011000000000000000000000000000000000000000000000000010011110101000101101010011010110
010001010110000100100000000000000000000000000000000000000000000010011110101000101101010011010110
101011111011111000000000000000000000000000000000000000000000000010011110101000101101010011010110
010001010101110100000000000000000000000000000000000000000000000010011110101000101101010011010110
110000001000001010000000000000000000000000000000000000000000000010011110101000101101010011010110
100110111110000001000000000000000000000000000000000000000000000010011110101000101101010011010110
101011001100101111000000000000000000000000000000000000000000000010011110101000101101010011010110
001000101100110000100000000000000000000000000000000000000000000010011110101000101101010011010110
110111010011100101000000000000000000000000000000000000000000000010011110101000101101010011010110
111100010100110110000000000000000000000000000000000000000000000010011110101000101101010011010110
011000100100110000000000000000000000000000000000000000000000000010011110101000101101010011010110
110011011110010000000000000000000000000000000000000000000000000010011110101000101101010011010110
110000111011000101000000000000000000000000000000000000000000000010011110101000101101010011010110
010000000111110110000000000000000000000000000000000000000000000010011110101000101101010011010110
001110001101100000000000000000000000000000000000000000000000000010011110101000101101010011010110
001000111001001101000000000000000000000000000000000000000000000010011110101000101101010011010110
110111110011110000000000000000000000000000000000000000000000000010011110101000101101010011010110
110111011010110010000000000000000000000000000000000000000000000010011110101000101101010011010110
000100000011110000100000000000000000000000000000000000000000000010011110101000101101010011010110
111001001101111001000000000000000000000000000000000000000000000010011110101000101101010011010110
101110100101110000000000000000000000000000000000000000000000000010011110101000101101010011010110
001100000111010101000000000000000000000000000000000000000000000010011110101000101101010011010110
000101101010101000100000000000000000000000000000000000000000000010011110101000101101010011010110
111010111000100111000000000000000000000000000000000000000000000010011110101000101101010011010110
010000000010110000100000000000000000000000000000000000000000000010011110101000101101010011010110
011011010101100010000000000000000000000000000000000000000000000010011110101000101101010011010110
111010011111110010000000000000000000000000000000000000000000000010011110101000101101010011010110
011001001011000101000000000000000000000000000000000000000000000010011110101000101101010011010110
111000100100001101000000000000000000000000000000000000000000000010011110101000101101010011010110
101010101100010001000000000000000000000000000000000000000000000010011110101000101101010011010110
100111010111100100000000000000000000000000000000000000000000000010011110101000101101010011010110
100010111000101010000000000000000000000000000000000000000000000010011110101000101101010011010110
001000010001111110000000000000000000000000000000000000000000000010011110101000101101010011010110
111001001100100000000000000000000000000000000000000000000000000010011110101000101101010011010110
000110011110111100000000000000000000000000000000000000000000000010011110101000101101010011010110
010101011011011001000000000000000000000000000000000000000000000010011110101000101101010011010110
110110110001011011000000000000000000000000000000000000000000000010011110101000101101010011010110
110111110110010110000000000000000000000000000000000000000000000010011110101000101101010011010110
011001110001110011000000000000000000000000000000000000000000000010011110101000101101010011010110
010010111011110101000000000000000000000000000000000000000000000010011110101000101101010011010110
100011101011110000000000000000000000000000000000000000000000000010011110101000101101010011010110
101100010011011111000000000000000000000000000000000000000000000010011110101000101101010011010110
100001101110010111000000000000000000000000000000000000000000000010011110101000101101010011010110
011101001111110101000000000000000000000000000000000000000000000010011110101000101101010011010110
101011010101010000100000000000000000000000000000000000000000000010011110101000101101010011010110
011111001110001001000000000000000000000000000000000000000000000010011110101000101101010011010110
101100000100110100000000000000000000000000000000000000000000000010011110101000101101010011010110
100001001101111110000000000000000000000000000000000000000000000010011110101000101101010011010110
011111100100100011000000000000000000000000000000000000000000000010011110101000101101010011010110
100000010001011111000000000000000000000000000000000000000000000010011110101000101101010011010110
111111110110101110000000000000000000000000000000000000000000000010011110101000101101010011010110
000101011100000000100000000000000000000000000000000000000000000010011110101000101101010011010110
101001001110000110000000000000000000000000000000000000000000000010011110101000101101010011010110
110010100111100111000000000000000000000000000000000000000000000010011110101000101101010011010110
011110100110101000100000000000000000000000000000000000000000000010011110101000101101010011010110
000000000101111001000000000000000000000000000000000000000000000010011110101000101101010011010110
000010001100011100000000000000000000000000000000000000000000000010011110101000101101010011010110
010111011101101000100000000000000000000000000000000000000000000010011110101000101101010011010110
000010010110001000000000000000000000000000000000000000000000000010011110101000101101010011010110
010010001000011111000000000000000000000000000000000000000000000010011110101000101101010011010110
110010000110000100100000000000000000000000000000000000000000000010011110101000101101010011010110
101110101011110110000000000000000000000000000000000000000000000010011110101000101101010011010110
011111000011110110000000000000000000000000000000000000000000000010011110101000101101010011010110
000110000001101111000000000000000000000000000000000000000000000010011110101000101101010011010110
011010100000100001000000000000000000000000000000000000000000000010011110101000101101010011010110
011111001111000101000000000000000000000000000000000000000000000010011110101000101101010011010110
100010101001000001000000000000000000000000000000000000000000000010011110101000101101010011010110
101010000111010000100000000000000000000000000000000000000000000010011110101000101101010011010110
100011010100001100000000000000000000000000000000000000000000000010011110101000101101010011010110
101101010011111010000000000000000000000000000000000000000000000010011110101000101101010011010110
001010101010101000000000000000000000000000000000000000000000000010011110101000101101010011010110
001101110010000001000000000000000000000000000000000000000000000010011110101000101101010011010110
100111110110101011000000000000000000000000000000000000000000000010011110101000101101010011010110
101111100111000111000000000000000000000000000000000000000000000010011110101000101101010011010110
001011001010011101000000000000000000000000000000000000000000000010011110101000101101010011010110
111110100001011000000000000000000000000000000000000000000000000010011110101000101101010011010110
100100101010111101000000000000000000000000000000000000000000000010011110101000101101010011010110
001011111011001000100000000000000000000000000000000000000000000010011110101000101101010011010110
000011010100001101000000000000000000000000000000000000000000000010011110101000101101010011010110
111001001001111001000000000000000000000000000000000000000000000010011110101000101101010011010110
011101010011001000000000000000000000000000000000000000000000000010011110101000101101010011010110
000100001111100011000000000000000000000000000000000000000000000010011110101000101101010011010110
010110111101111000100000000000000000000000000000000000000000000010011110101000101101010011010110
111100010100100100000000000000000000000000000000000000000000000010011110101000101101010011010110
000010010110111111000000000000000000000000000000000000000000000010011110101000101101010011010110
000001110001001110000000000000000000000000000000000000000000000010011110101000101101010011010110
100010101100101110000000000000000000000000000000000000000000000010011110101000101101010011010110
111010100110010000000000000000000000000000000000000000000000000010011110101000101101010011010110
101000110100000000100000000000000000000000000000000000000000000010011110101000101101010011010110
010101011001011000000000000000000000000000000000000000000000000010011110101000101101010011010110
100001001000111111000000000000000000000000000000000000000000000010011110101000101101010011010110
011101100100111101000000000000000000000000000000000000000000000010011110101000101101010011010110
101000111111001000100000000000000000000000000000000000000000000010011110101000101101010011010110
100010001011111101000000000000000000000000000000000000000000000010011110101000101101010011010110
101000001011101111000000000000000000000000000000000000000000000010011110101000101101010011010110
001110001111100111000000000000000000000000000000000000000000000010011110101000101101010011010110
000100100100111110000000000000000000000000000000000000000000000010011110101000101101010011010110
010000110000001101000000000000000000000000000000000000000000000010011110101000101101010011010110
011000111100011111000000000000000000000000000000000000000000000010011110101000101101010011010110
101110100011010010000000000000000000000000000000000000000000000010011110101000101101010011010110
111010111111100110000000000000000000000000000000000000000000000010011110101000101101010011010110
111010110010001100000000000000000000000000000000000000000000000010011110101000101101010011010110
101000111000010000000000000000000000000000000000000000000000000010011110101000101101010011010110
010101110111011001000000000000000000000000000000000000000000000010011110101000101101010011010110
000000101010001011000000000000000000000000000000000000000000000010011110101000101101010011010110
111100111100010110000000000000000000000000000000000000000000000010011110101000101101010011010110
111101100110011101000000000000000000000000000000000000000000000010011110101000101101010011010110
001101000110111000000000000000000000000000000000000000000000000010011110101000101101010011010110
001000001110001110000000000000000000000000000000000000000000000010011110101000101101010011010110
010001101001010011000000000000000000000000000000000000000000000010011110101000101101010011010110
100101101101101110000000000000000000000000000000000000000000000010011110101000101101010011010110
011110101010001010000000000000000000000000000000000000000000000010011110101000101101010011010110
110010000101110010000000000000000000000000000000000000000000000010011110101000101101010011010110
110011100010101010000000000000000000000000000000000000000000000010011110101000101101010011010110
010110100111100011000000000000000000000000000000000000000000000010011110101000101101010011010110
110110111111111010000000000000000000000000000000000000000000000010011110101000101101010011010110
000101101011000000100000000000000000000000000000000000000000000010011110101000101101010011010110
110000100010101100000000000000000000000000000000000000000000000010011110101000101101010011010110
001101001001111111000000000000000000000000000000000000000000000010011110101000101101010011010110
111010000111110001000000000000000000000000000000000000000000000010011110101000101101010011010110
011101011101011000100000000000000000000000000000000000000000000010011110101000101101010011010110
100100100110000110000000000000000000000000000000000000000000000010011110101000101101010011010110
000110001001111001000000000000000000000000000000000000000000000010011110101000101101010011010110
010111000100110101000000000000000000000000000000000000000000000010011110101000101101010011010110
111000011001100100000000000000000000000000000000000000000000000010011110101000101101010011010110
100010011100111111000000000000000000000000000000000000000000000010011110101000101101010011010110
001111111101111011000000000000000000000000000000000000000000000010011110101000101101010011010110
110100111010000000000000000000000000000000000000000000000000000010011110101000101101010011010110
110000101000011011000000000000000000000000000000000000000000000010011110101000101101010011010110
010101010101010100000000000000000000000000000000000000000000000010011110101000101101010011010110
001101110101010000000000000000000000000000000000000000000000000010011110101000101101010011010110
000100000111010011000000000000000000000000000000000000000000000010011110101000101101010011010110
010100111111100110000000000000000000000000000000000000000000000010011110101000101101010011010110
000110110000100100000000000000000000000000000000000000000000000010011110101000101101010011010110
011111011010101000100000000000000000000000000000000000000000000010011110101000101101010011010110
111001011100000011000000000000000000000000000000000000000000000010011110101000101101010011010110
101011011111001000000000000000000000000000000000000000000000000010011110101000101101010011010110
000101100010110100000000000000000000000000000000000000000000000010011110101000101101010011010110
011000101111110111000000000000000000000000000000000000000000000010011110101000101101010011010110
101010010011011111000000000000000000000000000000000000000000000010011110101000101101010011010110
110110000110101000000000000000000000000000000000000000000000000010011110101000101101010011010110
110110001100010010000000000000000000000000000000000000000000000010011110101000101101010011010110
100100101100011101000000000000000000000000000000000000000000000010011110101000101101010011010110
001001100000100000100000000000000000000000000000000000000000000010011110101000101101010011010110
000101001010101000100000000000000000000000000000000000000000000010011110101000101101010011010110
100001111110101011000000000000000000000000000000000000000000000010011110101000101101010011010110
101111100111011111000000000000000000000000000000000000000000000010011110101000101101010011010110
110111110001000101000000000000000000000000000000000000000000000010011110101000101101010011010110
111011010100100000000000000000000000000000000000000000000000000010011110101000101101010011010110
011010011101101100000000000000000000000000000000000000000000000010011110101000101101010011010110
010111110010010101000000000000000000000000000000000000000000000010011110101000101101010011010110
101100011100000100000000000000000000000000000000000000000000000010011110101000101101010011010110
000000101011011110000000000000000000000000000000000000000000000010011110101000101101010011010110
010111001001011101000000000000000000000000000000000000000000000010011110101000101101010011010110
110100110001011101000000000000000000000000000000000000000000000010011110101000101101010011010110
110111000011010101000000000000000000000000000000000000000000000010011110101000101101010011010110
001101110010010111000000000000000000000000000000000000000000000010011110101000101101010011010110
101110000100011011000000000000000000000000000000000000000000000010011110101000101101010011010110
101111110000110100000000000000000000000000000000000000000000000010011110101000101101010011010110
100101100111100100000000000000000000000000000000000000000000000010011110101000101101010011010110
100011011100101011000000000000000000000000000000000000000000000010011110101000101101010011010110
010101100101001101000000000000000000000000000000000000000000000010011110101000101101010011010110
101011001110000011000000000000000000000000000000000000000000000010011110101000101101010011010110
101101010010010001000000000000000000000000000000000000000000000010011110101000101101010011010110
101001001011111100000000000000000000000000000000000000000000000010011110101000101101010011010110
110011111000000111000000000000000000000000000000000000000000000010011110101000101101010011010110
100110011010000011000000000000000000000000000000000000000000000010011110101000101101010011010110
111000100101101000000000000000000000000000000000000000000000000010011110101000101101010011010110
100100100111011001000000000000000000000000000000000000000000000010011110101000101101010011010110
001100011000011110000000000000000000000000000000000000000000000010011110101000101101010011010110
011001001111001000100000000000000000000000000000000000000000000010011110101000101101010011010110
001001010000010010000000000000000000000000000000000000000000000010011110101000101101010011010110
111101101000011110000000000000000000000000000000000000000000000010011110101000101101010011010110
011011010011000110000000000000000000000000000000000000000000000010011110101000101101010011010110
001001011100101000100000000000000000000000000000000000000000000010011110101000101101010011010110
001001101110011010000000000000000000000000000000000000000000000010011110101000101101010011010110
100000001110001110000000000000000000000000000000000000000000000010011110101000101101010011010110
111100101011101111000000000000000000000000000000000000000000000010011110101000101101010011010110
011001011101011001000000000000000000000000000000000000000000000010011110101000101101010011010110
110011010011110110000000000000000000000000000000000000000000000010011110101000101101010011010110
101111010010011000100000000000000000000000000000000000000000000010011110101000101101010011010110
001101100000011111000000000000000000000000000000000000000000000010011110101000101101010011010110
010010100110111001000000000000000000000000000000000000000000000010011110101000101101010011010110
110101011111010000000000000000000000000000000000000000000000000010011110101000101101010011010110
110000010001100000100000000000000000000000000000000000000000000010011110101000101101010011010110
001010010101110001000000000000000000000000000000000000000000000010011110101000101101010011010110
111110001010101010000000000000000000000000000000000000000000000010011110101000101101010011010110
001101110011000111000000000000000000000000000000000000000000000010011110101000101101010011010110
000100100010101010000000000000000000000000000000000000000000000010011110101000101101010011010110
101011101011110000000000000000000000000000000000000000000000000010011110101000101101010011010110
011011010101000100100000000000000000000000000000000000000000000010011110101000101101010011010110
001101110101100110000000000000000000000000000000000000000000000010011110101000101101010011010110
001110001010110001000000000000000000000000000000000000000000000010011110101000101101010011010110
100100011100101011000000000000000000000000000000000000000000000010011110101000101101010011010110
100000010111111000100000000000000000000000000000000000000000000010011110101000101101010011010110
011010000011011111000000000000000000000000000000000000000000000010011110101000101101010011010110
001101101001101010000000000000000000000000000000000000000000000010011110101000101101010011010110
111011111100100000000000000000000000000000000000000000000000000010011110101000101101010011010110
101111101000001111000000000000000000000000000000000000000000000010011110101000101101010011010110
010001010111111001000000000000000000000000000000000000000000000010011110101000101101010011010110
100000000111101011000000000000000000000000000000000000000000000010011110101000101101010011010110
110000100110000000000000000000000000000000000000000000000000000010011110101000101101010011010110
001000100010101101000000000000000000000000000000000000000000000010011110101000101101010011010110
100011100100000010000000000000000000000000000000000000000000000010011110101000101101010011010110
011111110111011010000000000000000000000000000000000000000000000010011110101000101101010011010110
011001001001100101000000000000000000000000000000000000000000000010011110101000101101010011010110
101110011001110110000000000000000000000000000000000000000000000010011110101000101101010011010110
010111111011001010000000000000000000000000000000000000000000000010011110101000101101010011010110
011100100100001110000000000000000000000000000000000000000000000010011110101000101101010011010110
001010110000101011000000000000000000000000000000000000000000000010011110101000101101010011010110
101111010111111100000000000000000000000000000000000000000000000010011110101000101101010011010110
101100100011000111000000000000000000000000000000000000000000000010011110101000101101010011010110
100100001000001010000000000000000000000000000000000000000000000010011110101000101101010011010110
100110010111000001000000000000000000000000000000000000000000000010011110101000101101010011010110
110000011001011100000000000000000000000000000000000000000000000010011110101000101101010011010110
010100000000011000100000000000000000000000000000000000000000000010011110101000101101010011010110
001000100001011101000000000000000000000000000000000000000000000010011110101000101101010011010110
011110101010001011000000000000000000000000000000000000000000000010011110101000101101010011010110
101111001011100101000000000000000000000000000000000000000000000010011110101000101101010011010110
101110001011010100000000000000000000000000000000000000000000000010011110101000101101010011010110
000111111011100000000000000000000000000000000000000000000000000010011110101000101101010011010110
101100101110111111000000000000000000000000000000000000000000000010011110101000101101010011010110
001111001100110000000000000000000000000000000000000000000000000010011110101000101101010011010110
100111011000000011000000000000000000000000000000000000000000000010011110101000101101010011010110
000010000011011110000000000000000000000000000000000000000000000010011110101000101101010011010110
110001100101011000100000000000000000000000000000000000000000000010011110101000101101010011010110
000000000111010010000000000000000000000000000000000000000000000010011110101000101101010011010110
011111110101001010000000000000000000000000000000000000000000000010011110101000101101010011010110
100100011110101101000000000000000000000000000000000000000000000010011110101000101101010011010110
011111110000111110000000000000000000000000000000000000000000000010011110101000101101010011010110
010000100101000100100000000000000000000000000000000000000000000010011110101000101101010011010110
000110000101100101000000000000000000000000000000000000000000000010011110101000101101010011010110
100010010101010000000000000000000000000000000000000000000000000010011110101000101101010011010110
010110000000010000100000000000000000000000000000000000000000000010011110101000101101010011010110
011110011000110111000000000000000000000000000000000000000000000010011110101000101101010011010110
110001100111001000000000000000000000000000000000000000000000000010011110101000101101010011010110
110010010100100100000000000000000000000000000000000000000000000010011110101000101101010011010110
110001000101111001000000000000000000000000000000000000000000000010011110101000101101010011010110
010011011001000000000000000000000000000000000000000000000000000010011110101000101101010011010110
111111001000110000000000000000000000000000000000000000000000000010011110101000101101010011010110
100110001001111100000000000000000000000000000000000000000000000010011110101000101101010011010110
110000010000010100000000000000000000000000000000000000000000000010011110101000101101010011010110
000001100000111000000000000000000000000000000000000000000000000010011110101000101101010011010110
001011011111111100000000000000000000000000000000000000000000000010011110101000101101010011010110
100100010101001001000000000000000000000000000000000000000000000010011110101000101101010011010110
010111111000010010000000000000000000000000000000000000000000000010011110101000101101010011010110
100111000010000001000000000000000000000000000000000000000000000010011110101000101101010011010110
001100011010010001000000000000000000000000000000000000000000000010011110101000101101010011010110
011100011000101000000000000000000000000000000000000000000000000010011110101000101101010011010110
010111110110000100100000000000000000000000000000000000000000000010011110101000101101010011010110
011001111100111110000000000000000000000000000000000000000000000010011110101000101101010011010110
001011010100011110000000000000000000000000000000000000000000000010011110101000101101010011010110
001010010010100110000000000000000000000000000000000000000000000010011110101000101101010011010110
100010111011100000000000000000000000000000000000000000000000000010011110101000101101010011010110
110000101110000001000000000000000000000000000000000000000000000010011110101000101101010011010110
011000000011101000100000000000000000000000000000000000000000000010011110101000101101010011010110
110111111001111000000000000000000000000000000000000000000000000010011110101000101101010011010110
100001110100000101000000000000000000000000000000000000000000000010011110101000101101010011010110
101010001000010000100000000000000000000000000000000000000000000010011110101000101101010011010110
010110000001100010000000000000000000000000000000000000000000000010011110101000101101010011010110
011011100100011000000000000000000000000000000000000000000000000010011110101000101101010011010110
101110101100111001000000000000000000000000000000000000000000000010011110101000101101010011010110
111100011010000110000000000000000000000000000000000000000000000010011110101000101101010011010110
111111111011101100000000000000000000000000000000000000000000000010011110101000101101010011010110
010100111001101010000000000000000000000000000000000000000000000010011110101000101101010011010110
000100111111010010000000000000000000000000000000000000000000000010011110101000101101010011010110
010001010011100001000000000000000000000000000000000000000000000010011110101000101101010011010110
010000000011100111000000000000000000000000000000000000000000000010011110101000101101010011010110
000001110000010100000000000000000000000000000000000000000000000010011110101000101101010011010110
011011100010111001000000000000000000000000000000000000000000000010011110101000101101010011010110
110101111110011010000000000000000000000000000000000000000000000010011110101000101101010011010110
100111101100000100100000000000000000000000000000000000000000000010011110101000101101010011010110
101111011001000000000000000000000000000000000000000000000000000010011110101000101101010011010110
001010010001010110000000000000000000000000000000000000000000000010011110101000101101010011010110
100011011011011000100000000000000000000000000000000000000000000010011110101000101101010011010110
010101100001101110000000000000000000000000000000000000000000000010011110101000101101010011010110
100110100010110000000000000000000000000000000000000000000000000010011110101000101101010011010110
010100010111100100000000000000000000000000000000000000000000000010011110101000101101010011010110
100000001000011101000000000000000000000000000000000000000000000010011110101000101101010011010110
000000110110110011000000000000000000000000000000000000000000000010011110101000101101010011010110
001110011111000111000000000000000000000000000000000000000000000010011110101000101101010011010110
010010101001111000100000000000000000000000000000000000000000000010011110101000101101010011010110
101010100011100110000000000000000000000000000000000000000000000010011110101000101101010011010110
101111110110001100000000000000000000000000000000000000000000000010011110101000101101010011010110
100011001001111000000000000000000000000000000000000000000000000010011110101000101101010011010110
001001001000111101000000000000000000000000000000000000000000000010011110101000101101010011010110
101110011010111011000000000000000000000000000000000000000000000010011110101000101101010011010110
001111110000100011000000000000000000000000000000000000000000000010011110101000101101010011010110
100000110011010000000000000000000000000000000000000000000000000010011110101000101101010011010110
100111011101100000000000000000000000000000000000000000000000000010011110101000101101010011010110
110001111000000100100000000000000000000000000000000000000000000010011110101000101101010011010110
101111010100101010000000000000000000000000000000000000000000000010011110101000101101010011010110
111001010101111011000000000000000000000000000000000000000000000010011110101000101101010011010110
111000000000000101000000000000000000000000000000000000000000000010011110101000101101010011010110
000100011100010000000000000000000000000000000000000000000000000010011110101000101101010011010110
101010001111110100000000000000000000000000000000000000000000000010011110101000101101010011010110
001001000111000001000000000000000000000000000000000000000000000010011110101000101101010011010110
101001110100110000000000000000000000000000000000000000000000000010011110101000101101010011010110
110000000101001000000000000000000000000000000000000000000000000010011110101000101101010011010110
000111100110000011000000000000000000000000000000000000000000000010011110101000101101010011010110
010000111101001011000000000000000000000000000000000000000000000010011110101000101101010011010110
111000110000010011000000000000000000000000000000000000000000000010011110101000101101010011010110
000100100111111000100000000000000000000000000000000000000000000010011110101000101101010011010110
011101100000110110000000000000000000000000000000000000000000000010011110101000101101010011010110
101111111110000110000000000000000000000000000000000000000000000010011110101000101101010011010110
100100000000010000000000000000000000000000000000000000000000000010011110101000101101010011010110
111001001000010010000000000000000000000000000000000000000000000010011110101000101101010011010110
111101000001000010000000000000000000000000000000000000000000000010011110101000101101010011010110
111111100000110011000000000000000000000000000000000000000000000010011110101000101101010011010110
011101110110010001000000000000000000000000000000000000000000000010011110101000101101010011010110
111001100110011101000000000000000000000000000000000000000000000010011110101000101101010011010110
100111001010110110000000000000000000000000000000000000000000000010011110101000101101010011010110
001101111111011000000000000000000000000000000000000000000000000010011110101000101101010011010110
100100011101010110000000000000000000000000000000000000000000000010011110101000101101010011010110
100011100111111001000000000000000000000000000000000000000000000010011110101000101101010011010110
110110001001100000100000000000000000000000000000000000000000000010011110101000101101010011010110
001010110110100011000000000000000000000000000000000000000000000010011110101000101101010011010110
110010100010010000000000000000000000000000000000000000000000000010011110101000101101010011010110
110010111111101110000000000000000000000000000000000000000000000010011110101000101101010011010110
100111010011110011000000000000000000000000000000000000000000000010011110101000101101010011010110
101100010110000100000000000000000000000000000000000000000000000010011110101000101101010011010110
111111010011001000100000000000000000000000000000000000000000000010011110101000101101010011010110
011110000011001111000000000000000000000000000000000000000000000010011110101000101101010011010110
000011010100010000100000000000000000000000000000000000000000000010011110101000101101010011010110
101111001001100101000000000000000000000000000000000000000000000010011110101000101101010011010110
011101000101110110000000000000000000000000000000000000000000000010011110101000101101010011010110
111010001101010000000000000000000000000000000000000000000000000010011110101000101101010011010110
100010111010000010000000000000000000000000000000000000000000000010011110101000101101010011010110
101010111011000000000000000000000000000000000000000000000000000010011110101000101101010011010110
100010100011000101000000000000000000000000000000000000000000000010011110101000101101010011010110
101011100100100000100000000000000000000000000000000000000000000010011110101000101101010011010110
000101101111000111000000000000000000000000000000000000000000000010011110101000101101010011010110
001010011101100000000000000000000000000000000000000000000000000010011110101000101101010011010110
000101011011100000100000000000000000000000000000000000000000000010011110101000101101010011010110
100010100101010010000000000000000000000000000000000000000000000010011110101000101101010011010110
001111100100011111000000000000000000000000000000000000000000000010011110101000101101010011010110
010011101101010110000000000000000000000000000000000000000000000010011110101000101101010011010110
000101110100001011000000000000000000000000000000000000000000000010011110101000101101010011010110
011110010001101000100000000000000000000000000000000000000000000010011110101000101101010011010110
111001000000010100000000000000000000000000000000000000000000000010011110101000101101010011010110
011100001100000110000000000000000000000000000000000000000000000010011110101000101101010011010110
101000000100101001000000000000000000000000000000000000000000000010011110101000101101010011010110
100010100011011000100000000000000000000000000000000000000000000010011110101000101101010011010110
111000100000000001000000000000000000000000000000000000000000000010011110101000101101010011010110
110000111011010110000000000000000000000000000000000000000000000010011110101000101101010011010110
010000101011110110000000000000000000000000000000000000000000000010011110101000101101010011010110
001011101001100000100000000000000000000000000000000000000000000010011110101000101101010011010110
111000000001001010000000000000000000000000000000000000000000000010011110101000101101010011010110
100000100111110010000000000000000000000000000000000000000000000010011110101000101101010011010110
000111010111010110000000000000000000000000000000000000000000000010011110101000101101010011010110
111001110110000000100000000000000000000000000000000000000000000010011110101000101101010011010110
000001101111100010000000000000000000000000000000000000000000000010011110101000101101010011010110
101001000110010011000000000000000000000000000000000000000000000010011110101000101101010011010110
110101000010110100000000000000000000000000000000000000000000000010011110101000101101010011010110
101000010001010001000000000000000000000000000000000000000000000010011110101000101101010011010110
111101100011011000000000000000000000000000000000000000000000000010011110101000101101010011010110
010110010000110000100000000000000000000000000000000000000000000010011110101000101101010011010110
011001000101111011000000000000000000000000000000000000000000000010011110101000101101010011010110
000101101011010000000000000000000000000000000000000000000000000010011110101000101101010011010110
001011101010011011000000000000000000000000000000000000000000000010011110101000101101010011010110
100010110010000011000000000000000000000000000000000000000000000010011110101000101101010011010110
100011011010100011000000000000000000000000000000000000000000000010011110101000101101010011010110
100100110101100001000000000000000000000000000000000000000000000010011110101000101101010011010110
011101101110000010000000000000000000000000000000000000000000000010011110101000101101010011010110
101100100110000111000000000000000000000000000000000000000000000010011110101000101101010011010110
001001000101110101000000000000000000000000000000000000000000000010011110101000101101010011010110
101000111000001010000000000000000000000000000000000000000000000010011110101000101101010011010110
110001101010100000000000000000000000000000000000000000000000000010011110101000101101010011010110
111100111010100110000000000000000000000000000000000000000000000010011110101000101101010011010110
110110001010001010000000000000000000000000000000000000000000000010011110101000101101010011010110
010100100010011111000000000000000000000000000000000000000000000010011110101000101101010011010110
010111100010010011000000000000000000000000000000000000000000000010011110101000101101010011010110
111111110011100000100000000000000000000000000000000000000000000010011110101000101101010011010110
010100110111010001000000000000000000000000000000000000000000000010011110101000101101010011010110
011111010010111101000000000000000000000000000000000000000000000010011110101000101101010011010110
100011100110000011000000000000000000000000000000000000000000000010011110101000101101010011010110
101010001100101101000000000000000000000000000000000000000000000010011110101000101101010011010110
001011100111100011000000000000000000000000000000000000000000000010011110101000101101010011010110
000011101100010100000000000000000000000000000000000000000000000010011110101000101101010011010110
111001110100101011000000000000000000000000000000000000000000000010011110101000101101010011010110
111110100111000100000000000000000000000000000000000000000000000010011110101000101101010011010110
110101010100101101000000000000000000000000000000000000000000000010011110101000101101010011010110
001001100100111010000000000000000000000000000000000000000000000010011110101000101101010011010110
100101100011111100000000000000000000000000000000000000000000000010011110101000101101010011010110
101111100010111011000000000000000000000000000000000000000000000010011110101000101101010011010110
110110101010111011000000000000000000000000000000000000000000000010011110101000101101010011010110
110000010111001000100000000000000000000000000000000000000000000010011110101000101101010011010110
101100011010000000100000000000000000000000000000000000000000000010011110101000101101010011010110
111001001001101110000000000000000000000000000000000000000000000010011110101000101101010011010110
100011000101110110000000000000000000000000000000000000000000000010011110101000101101010011010110
000011111111001100000000000000000000000000000000000000000000000010011110101000101101010011010110
110000010111010010000000000000000000000000000000000000000000000010011110101000101101010011010110
101110011010101010000000000000000000000000000000000000000000000010011110101000101101010011010110
010000010100101111000000000000000000000000000000000000000000000010011110101000101101010011010110
111111001011111000000000000000000000000000000000000000000000000010011110101000101101010011010110
111000101100010100000000000000000000000000000000000000000000000010011110101000101101010011010110
100010111110001010000000000000000000000000000000000000000000000010011110101000101101010011010110
011111001100100011000000000000000000000000000000000000000000000010011110101000101101010011010110
000100010010111000100000000000000000000000000000000000000000000010011110101000101101010011010110
110000110011111110000000000000000000000000000000000000000000000010011110101000101101010011010110
000010110001011100000000000000000000000000000000000000000000000010011110101000101101010011010110
101010101010011011000000000000000000000000000000000000000000000010011110101000101101010011010110
111010010011101110000000000000000000000000000000000000000000000010011110101000101101010011010110
111100111010111011000000000000000000000000000000000000000000000010011110101000101101010011010110
101001101110001011000000000000000000000000000000000000000000000010011110101000101101010011010110
110110101110010011000000000000000000000000000000000000000000000010011110101000101101010011010110
111000111111011110000000000000000000000000000000000000000000000010011110101000101101010011010110
000110011101001001000000000000000000000000000000000000000000000010011110101000101101010011010110
111000001100001100000000000000000000000000000000000000000000000010011110101000101101010011010110
100111110011100001000000000000000000000000000000000000000000000010011110101000101101010011010110
011100011000001101000000000000000000000000000000000000000000000010011110101000101101010011010110
101110101010010111000000000000000000000000000000000000000000000010011110101000101101010011010110
000001010001100101000000000000000000000000000000000000000000000010011110101000101101010011010110
101110001100111001000000000000000000000000000000000000000000000010011110101000101101010011010110
100111111100011101000000000000000000000000000000000000000000000010011110101000101101010011010110
000001011111100000000000000000000000000000000000000000000000000010011110101000101101010011010110
000100110001001100000000000000000000000000000000000000000000000010011110101000101101010011010110
111110000001000101000000000000000000000000000000000000000000000010011110101000101101010011010110
101010111000111100000000000000000000000000000000000000000000000010011110101000101101010011010110
101100001111111010000000000000000000000000000000000000000000000010011110101000101101010011010110
001101111110010101000000000000000000000000000000000000000000000010011110101000101101010011010110
001101011000000000100000000000000000000000000000000000000000000010011110101000101101010011010110
010100000100010000000000000000000000000000000000000000000000000010011110101000101101010011010110
100010001000100000000000000000000000000000000000000000000000000010011110101000101101010011010110
001100010001011000000000000000000000000000000000000000000000000010011110101000101101010011010110
101010000010110100000000000000000000000000000000000000000000000010011110101000101101010011010110
100110111100111000000000000000000000000000000000000000000000000010011110101000101101010011010110
101000011100000000100000000000000000000000000000000000000000000010011110101000101101010011010110
100000111011011111000000000000000000000000000000000000000000000010011110101000101101010011010110
101010011111110100000000000000000000000000000000000000000000000010011110101000101101010011010110
111010000111111011000000000000000000000000000000000000000000000010011110101000101101010011010110
011000010110000101000000000000000000000000000000000000000000000010011110101000101101010011010110
000111000100011001000000000000000000000000000000000000000000000010011110101000101101010011010110
101011110000010001000000000000000000000000000000000000000000000010011110101000101101010011010110
101110110001100000100000000000000000000000000000000000000000000010011110101000101101010011010110
001111101001011011000000000000000000000000000000000000000000000010011110101000101101010011010110
111110110010110111000000000000000000000000000000000000000000000010011110101000101101010011010110
011100011101011001000000000000000000000000000000000000000000000010011110101000101101010011010110
001111001111111011000000000000000000000000000000000000000000000010011110101000101101010011010110
001000101000001100000000000000000000000000000000000000000000000010011110101000101101010011010110
110100111110101000100000000000000000000000000000000000000000000010011110101000101101010011010110
010100101100001001000000000000000000000000000000000000000000000010011110101000101101010011010110
000000000010111000100000000000000000000000000000000000000000000010011110101000101101010011010110
111100000100000000000000000000000000000000000000000000000000000010011110101000101101010011010110
001001110000101001000000000000000000000000000000000000000000000010011110101000101101010011010110
000001100000001000000000000000000000000000000000000000000000000010011110101000101101010011010110
011111100111001100000000000000000000000000000000000000000000000010011110101000101101010011010110
100010010111111111000000000000000000000000000000000000000000000010011110101000101101010011010110
000111110010010110000000000000000000000000000000000000000000000010011110101000101101010011010110
001010110000100001000000000000000000000000000000000000000000000010011110101000101101010011010110
011010100000011111000000000000000000000000000000000000000000000010011110101000101101010011010110
111111101011011101000000000000000000000000000000000000000000000010011110101000101101010011010110
100110110100000111000000000000000000000000000000000000000000000010011110101000101101010011010110
111000011100000110000000000000000000000000000000000000000000000010011110101000101101010011010110
100100100101000111000000000000000000000000000000000000000000000010011110101000101101010011010110
010110101110101001000000000000000000000000000000000000000000000010011110101000101101010011010110
010011010100011111000000000000000000000000000000000000000000000010011110101000101101010011010110
001011100001000100000000000000000000000000000000000000000000000010011110101000101101010011010110
111100110110101011000000000000000000000000000000000000000000000010011110101000101101010011010110
001111110010101100000000000000000000000000000000000000000000000010011110101000101101010011010110
111011100101001001000000000000000000000000000000000000000000000010011110101000101101010011010110
001111011001011010000000000000000000000000000000000000000000000010011110101000101101010011010110
111100101011100000000000000000000000000000000000000000000000000010011110101000101101010011010110
000110110011001111000000000000000000000000000000000000000000000010011110101000101101010011010110
110110110111000010000000000000000000000000000000000000000000000010011110101000101101010011010110
010000110000111000000000000000000000000000000000000000000000000010011110101000101101010011010110
011010000110110111000000000000000000000000000000000000000000000010011110101000101101010011010110
101101110011010000100000000000000000000000000000000000000000000010011110101000101101010011010110
110111011000011110000000000000000000000000000000000000000000000010011110101000101101010011010110
111001111001010001000000000000000000000000000000000000000000000010011110101000101101010011010110
101010110011100100000000000000000000000000000000000000000000000010011110101000101101010011010110
010111011101011010000000000000000000000000000000000000000000000010011110101000101101010011010110
101000011111001001000000000000000000000000000000000000000000000010011110101000101101010011010110
001111011101110100000000000000000000000000000000000000000000000010011110101000101101010011010110
011001000110100011000000000000000000000000000000000000000000000010011110101000101101010011010110
011010001110011000100000000000000000000000000000000000000000000010011110101000101101010011010110
100010100011001000000000000000000000000000000000000000000000000010011110101000101101010011010110
000100101000011110000000000000000000000000000000000000000000000010011110101000101101010011010110
110101101000010010000000000000000000000000000000000000000000000010011110101000101101010011010110
101010010111101111000000000000000000000000000000000000000000000010011110101000101101010011010110
101101111100010101000000000000000000000000000000000000000000000010011110101000101101010011010110
001101110101010101000000000000000000000000000000000000000000000010011110101000101101010011010110
100100100001000100100000000000000000000000000000000000000000000010011110101000101101010011010110
001011001001110000100000000000000000000000000000000000000000000010011110101000101101010011010110
100100110011010000100000000000000000000000000000000000000000000010011110101000101101010011010110
010000000001100100000000000000000000000000000000000000000000000010011110101000101101010011010110
010000110110000110000000000000000000000000000000000000000000000010011110101000101101010011010110
010111011000101010000000000000000000000000000000000000000000000010011110101000101101010011010110
101101001011100101000000000000000000000000000000000000000000000010011110101000101101010011010110
101110101011100010000000000000000000000000000000000000000000000010011110101000101101010011010110
100110100111000100100000000000000000000000000000000000000000000010011110101000101101010011010110
001110001000111011000000000000000000000000000000000000000000000010011110101000101101010011010110
000110110110110000000000000000000000000000000000000000000000000010011110101000101101010011010110
110100000010001101000000000000000000000000000000000000000000000010011110101000101101010011010110
110111111101110111000000000000000000000000000000000000000000000010011110101000101101010011010110
111110001100000000100000000000000000000000000000000000000000000010011110101000101101010011010110
001100100100010101000000000000000000000000000000000000000000000010011110101000101101010011010110
000010000101011100000000000000000000000000000000000000000000000010011110101000101101010011010110
110101100010011010000000000000000000000000000000000000000000000010011110101000101101010011010110
101100110110110010000000000000000000000000000000000000000000000010011110101000101101010011010110
000001100111000101000000000000000000000000000000000000000000000010011110101000101101010011010110
001111001011111001000000000000000000000000000000000000000000000010011110101000101101010011010110
000100001100011110000000000000000000000000000000000000000000000010011110101000101101010011010110
001111011111001000100000000000000000000000000000000000000000000010011110101000101101010011010110
010101111011111100000000000000000000000000000000000000000000000010011110101000101101010011010110
011100010110101010000000000000000000000000000000000000000000000010011110101000101101010011010110
001101010000101001000000000000000000000000000000000000000000000010011110101000101101010011010110
000111101111100000100000000000000000000000000000000000000000000010011110101000101101010011010110
110100100000101000000000000000000000000000000000000000000000000010011110101000101101010011010110
001110001010111110000000000000000000000000000000000000000000000010011110101000101101010011010110
111110011100100101000000000000000000000000000000000000000000000010011110101000101101010011010110
000001000110111010000000000000000000000000000000000000000000000010011110101000101101010011010110
101100001011000000100000000000000000000000000000000000000000000010011110101000101101010011010110
100010001010011000000000000000000000000000000000000000000000000010011110101000101101010011010110
001010111111100010000000000000000000000000000000000000000000000010011110101000101101010011010110
000001100011011000000000000000000000000000000000000000000000000010011110101000101101010011010110
010111101110010100000000000000000000000000000000000000000000000010011110101000101101010011010110
000010011100001000100000000000000000000000000000000000000000000010011110101000101101010011010110
010110001000101011000000000000000000000000000000000000000000000010011110101000101101010011010110
011001110011011000100000000000000000000000000000000000000000000010011110101000101101010011010110
101011101011111001000000000000000000000000000000000000000000000010011110101000101101010011010110
100110000001000111000000000000000000000000000000000000000000000010011110101000101101010011010110
000100010010010100000000000000000000000000000000000000000000000010011110101000101101010011010110
100100000011101011000000000000000000000000000000000000000000000010011110101000101101010011010110
000111100000111111000000000000000000000000000000000000000000000010011110101000101101010011010110
000111100100111100000000000000000000000000000000000000000000000010011110101000101101010011010110
001011000111001110000000000000000000000000000000000000000000000010011110101000101101010011010110
011000000101111010000000000000000000000000000000000000000000000010011110101000101101010011010110
101111011101110100000000000000000000000000000000000000000000000010011110101000101101010011010110
100010110000101101000000000000000000000000000000000000000000000010011110101000101101010011010110
100100010110011010000000000000000000000000000000000000000000000010011110101000101101010011010110
111111111011000100100000000000000000000000000000000000000000000010011110101000101101010011010110
000110100111110100000000000000000000000000000000000000000000000010011110101000101101010011010110
010110100010000011000000000000000000000000000000000000000000000010011110101000101101010011010110
111101110101111000000000000000000000000000000000000000000000000010011110101000101101010011010110
000001001011110000100000000000000000000000000000000000000000000010011110101000101101010011010110
110010111111000011000000000000000000000000000000000000000000000010011110101000101101010011010110
011101010000111000100000000000000000000000000000000000000000000010011110101000101101010011010110
101111101110001000100000000000000000000000000000000000000000000010011110101000101101010011010110
001111110001100000100000000000000000000000000000000000000000000010011110101000101101010011010110
100001111100000000000000000000000000000000000000000000000000000010011110101000101101010011010110
111010100100100100000000000000000000000000000000000000000000000010011110101000101101010011010110
101110010011011110000000000000000000000000000000000000000000000010011110101000101101010011010110
111011111101111101000000000000000000000000000000000000000000000010011110101000101101010011010110
100011100001001000100000000000000000000000000000000000000000000010011110101000101101010011010110
001010111011111000000000000000000000000000000000000000000000000010011110101000101101010011010110
001001101111001000000000000000000000000000000000000000000000000010011110101000101101010011010110
000111010010110100000000000000000000000000000000000000000000000010011110101000101101010011010110
100101101000000011000000000000000000000000000000000000000000000010011110101000101101010011010110
101110001010001010000000000000000000000000000000000000000000000010011110101000101101010011010110
111000110110001011000000000000000000000000000000000000000000000010011110101000101101010011010110
