110000111010000100100000000000000000000000000000000000000000000010011110101000101101010011010110
001010001011000101000000000000000000000000000000000000000000000010011110101000101101010011010110
011000000011100010000000000000000000000000000000000000000000000010011110101000101101010011010110
100001010111101100000000000000000000000000000000000000000000000010011110101000101101010011010110
011011111000100100000000000000000000000000000000000000000000000010011110101000101101010011010110
111010000000001100000000000000000000000000000000000000000000000010011110101000101101010011010110
111000011101000000000000000000000000000000000000000000000000000010011110101000101101010011010110
110101010110111011000000000000000000000000000000000000000000000010011110101000101101010011010110
111110101110100110000000000000000000000000000000000000000000000010011110101000101101010011010110
111010000001101010000000000000000000000000000000000000000000000010011110101000101101010011010110
001111101101000000000000000000000000000000000000000000000000000010011110101000101101010011010110
111111101101001100000000000000000000000000000000000000000000000010011110101000101101010011010110
001000000100100101000000000000000000000000000000000000000000000010011110101000101101010011010110
100010001010010001000000000000000000000000000000000000000000000010011110101000101101010011010110
011010110001001000000000000000000000000000000000000000000000000010011110101000101101010011010110
011101010110111000000000000000000000000000000000000000000000000010011110101000101101010011010110
000100010001011011000000000000000000000000000000000000000000000010011110101000101101010011010110
011111000110110011000000000000000000000000000000000000000000000010011110101000101101010011010110
100001001101101100000000000000000000000000000000000000000000000010011110101000101101010011010110
011110011001011001000000000000000000000000000000000000000000000010011110101000101101010011010110
110001000101000100100000000000000000000000000000000000000000000010011110101000101101010011010110
100110011000110010000000000000000000000000000000000000000000000010011110101000101101010011010110
000000001011110100000000000000000000000000000000000000000000000010011110101000101101010011010110
111010011011111100000000000000000000000000000000000000000000000010011110101000101101010011010110
110001000001000111000000000000000000000000000000000000000000000010011110101000101101010011010110
011101101111101001000000000000000000000000000000000000000000000010011110101000101101010011010110
010000011101000001000000000000000000000000000000000000000000000010011110101000101101010011010110
000000101110101101000000000000000000000000000000000000000000000010011110101000101101010011010110
100110001101101101000000000000000000000000000000000000000000000010011110101000101101010011010110
110111110001010100000000000000000000000000000000000000000000000010011110101000101101010011010110
011110101111101111000000000000000000000000000000000000000000000010011110101000101101010011010110
010110111111100010000000000000000000000000000000000000000000000010011110101000101101010011010110
001011000111111000100000000000000000000000000000000000000000000010011110101000101101010011010110
110111110111001110000000000000000000000000000000000000000000000010011110101000101101010011010110
110011110100110000100000000000000000000000000000000000000000000010011110101000101101010011010110
110100110101100000100000000000000000000000000000000000000000000010011110101000101101010011010110
111011100010010111000000000000000000000000000000000000000000000010011110101000101101010011010110
100001010111010011000000000000000000000000000000000000000000000010011110101000101101010011010110
000011100111001110000000000000000000000000000000000000000000000010011110101000101101010011010110
101100101010100000100000000000000000000000000000000000000000000010011110101000101101010011010110
101100010001110010000000000000000000000000000000000000000000000010011110101000101101010011010110
010111001100010010000000000000000000000000000000000000000000000010011110101000101101010011010110
110001101110011111000000000000000000000000000000000000000000000010011110101000101101010011010110
001000100000101101000000000000000000000000000000000000000000000010011110101000101101010011010110
101010111110010101000000000000000000000000000000000000000000000010011110101000101101010011010110
010000011010110010000000000000000000000000000000000000000000000010011110101000101101010011010110
001000100111101111000000000000000000000000000000000000000000000010011110101000101101010011010110
110000000111101101000000000000000000000000000000000000000000000010011110101000101101010011010110
101011000100011000000000000000000000000000000000000000000000000010011110101000101101010011010110
011011011100001111000000000000000000000000000000000000000000000010011110101000101101010011010110
001000011101111111000000000000000000000000000000000000000000000010011110101000101101010011010110
111011010010011110000000000000000000000000000000000000000000000010011110101000101101010011010110
110001010101011110000000000000000000000000000000000000000000000010011110101000101101010011010110
001000111100011110000000000000000000000000000000000000000000000010011110101000101101010011010110
101010000011001110000000000000000000000000000000000000000000000010011110101000101101010011010110
100101000110100011000000000000000000000000000000000000000000000010011110101000101101010011010110
001110001001101010000000000000000000000000000000000000000000000010011110101000101101010011010110
010100000001100000100000000000000000000000000000000000000000000010011110101000101101010011010110
101000010011100110000000000000000000000000000000000000000000000010011110101000101101010011010110
110010000010010000100000000000000000000000000000000000000000000010011110101000101101010011010110
100000111011010100000000000000000000000000000000000000000000000010011110101000101101010011010110
010110111011110111000000000000000000000000000000000000000000000010011110101000101101010011010110
101101110101011000100000000000000000000000000000000000000000000010011110101000101101010011010110
110111001001111010000000000000000000000000000000000000000000000010011110101000101101010011010110
110100100010110000000000000000000000000000000000000000000000000010011110101000101101010011010110
000111110100001110000000000000000000000000000000000000000000000010011110101000101101010011010110
111001100001011101000000000000000000000000000000000000000000000010011110101000101101010011010110
011010110011101101000000000000000000000000000000000000000000000010011110101000101101010011010110
111111111101001011000000000000000000000000000000000000000000000010011110101000101101010011010110
011110011011000001000000000000000000000000000000000000000000000010011110101000101101010011010110
111101111000010101000000000000000000000000000000000000000000000010011110101000101101010011010110
011101011111110010000000000000000000000000000000000000000000000010011110101000101101010011010110
011011111010000011000000000000000000000000000000000000000000000010011110101000101101010011010110
011110110001100100000000000000000000000000000000000000000000000010011110101000101101010011010110
111101001110010001000000000000000000000000000000000000000000000010011110101000101101010011010110
001011001110110110000000000000000000000000000000000000000000000010011110101000101101010011010110
111010110100011111000000000000000000000000000000000000000000000010011110101000101101010011010110
000011101011000101000000000000000000000000000000000000000000000010011110101000101101010011010110
101010111011101001000000000000000000000000000000000000000000000010011110101000101101010011010110
100111111100000011000000000000000000000000000000000000000000000010011110101000101101010011010110
101001111100101101000000000000000000000000000000000000000000000010011110101000101101010011010110
100110101110111000000000000000000000000000000000000000000000000010011110101000101101010011010110
100001111001010000000000000000000000000000000000000000000000000010011110101000101101010011010110
001110100011000011000000000000000000000000000000000000000000000010011110101000101101010011010110
001110010101111111000000000000000000000000000000000000000000000010011110101000101101010011010110
010100011110110000100000000000000000000000000000000000000000000010011110101000101101010011010110
010010100100100000000000000000000000000000000000000000000000000010011110101000101101010011010110
011011000011110111000000000000000000000000000000000000000000000010011110101000101101010011010110
101000011101000011000000000000000000000000000000000000000000000010011110101000101101010011010110
101010001010100000000000000000000000000000000000000000000000000010011110101000101101010011010110
110010000111100101000000000000000000000000000000000000000000000010011110101000101101010011010110
011000111100010010000000000000000000000000000000000000000000000010011110101000101101010011010110
001000110111010001000000000000000000000000000000000000000000000010011110101000101101010011010110
110111010101110001000000000000000000000000000000000000000000000010011110101000101101010011010110
100110111100101000100000000000000000000000000000000000000000000010011110101000101101010011010110
001001001011101111000000000000000000000000000000000000000000000010011110101000101101010011010110
101100100010000100100000000000000000000000000000000000000000000010011110101000101101010011010110
001101001011111111000000000000000000000000000000000000000000000010011110101000101101010011010110
100110110110110000000000000000000000000000000000000000000000000010011110101000101101010011010110
010010010110100110000000000000000000000000000000000000000000000010011110101000101101010011010110
001111010101010110000000000000000000000000000000000000000000000010011110101000101101010011010110
011101011011110110000000000000000000000000000000000000000000000010011110101000101101010011010110
101010000111001000000000000000000000000000000000000000000000000010011110101000101101010011010110
101101000110100000000000000000000000000000000000000000000000000010011110101000101101010011010110
101100010011100010000000000000000000000000000000000000000000000010011110101000101101010011010110
110000000110101110000000000000000000000000000000000000000000000010011110101000101101010011010110
000101011010100110000000000000000000000000000000000000000000000010011110101000101101010011010110
111011111011001100000000000000000000000000000000000000000000000010011110101000101101010011010110
101001100101101101000000000000000000000000000000000000000000000010011110101000101101010011010110
110011101000100100000000000000000000000000000000000000000000000010011110101000101101010011010110
100010100001000111000000000000000000000000000000000000000000000010011110101000101101010011010110
001110111011001010000000000000000000000000000000000000000000000010011110101000101101010011010110
111011011101110011000000000000000000000000000000000000000000000010011110101000101101010011010110
110010001110100011000000000000000000000000000000000000000000000010011110101000101101010011010110
101001000001001011000000000000000000000000000000000000000000000010011110101000101101010011010110
011000011100101001000000000000000000000000000000000000000000000010011110101000101101010011010110
100000011000000101000000000000000000000000000000000000000000000010011110101000101101010011010110
110001110100000100000000000000000000000000000000000000000000000010011110101000101101010011010110
101010010000100001000000000000000000000000000000000000000000000010011110101000101101010011010110
100111001010100001000000000000000000000000000000000000000000000010011110101000101101010011010110
011001101101110011000000000000000000000000000000000000000000000010011110101000101101010011010110
111010110100001110000000000000000000000000000000000000000000000010011110101000101101010011010110
011010000010101010000000000000000000000000000000000000000000000010011110101000101101010011010110
101110101011000000000000000000000000000000000000000000000000000010011110101000101101010011010110
001000000000111101000000000000000000000000000000000000000000000010011110101000101101010011010110
010001010100110111000000000000000000000000000000000000000000000010011110101000101101010011010110
110111101010110100000000000000000000000000000000000000000000000010011110101000101101010011010110
010101001001101111000000000000000000000000000000000000000000000010011110101000101101010011010110
101011101001010000100000000000000000000000000000000000000000000010011110101000101101010011010110
010000110011111110000000000000000000000000000000000000000000000010011110101000101101010011010110
001111110100111000100000000000000000000000000000000000000000000010011110101000101101010011010110
000001101110011000000000000000000000000000000000000000000000000010011110101000101101010011010110
010111101101000001000000000000000000000000000000000000000000000010011110101000101101010011010110
010011110011110000100000000000000000000000000000000000000000000010011110101000101101010011010110
111000101101011010000000000000000000000000000000000000000000000010011110101000101101010011010110
001110101111110010000000000000000000000000000000000000000000000010011110101000101101010011010110
110011010110010110000000000000000000000000000000000000000000000010011110101000101101010011010110
110101111100000101000000000000000000000000000000000000000000000010011110101000101101010011010110
010011011100111100000000000000000000000000000000000000000000000010011110101000101101010011010110
000000000001011110000000000000000000000000000000000000000000000010011110101000101101010011010110
010010101111101010000000000000000000000000000000000000000000000010011110101000101101010011010110
110111010011110100000000000000000000000000000000000000000000000010011110101000101101010011010110
101011010000101000000000000000000000000000000000000000000000000010011110101000101101010011010110
100100110101111010000000000000000000000000000000000000000000000010011110101000101101010011010110
101011110001111011000000000000000000000000000000000000000000000010011110101000101101010011010110
001100101010110011000000000000000000000000000000000000000000000010011110101000101101010011010110
101011110110101111000000000000000000000000000000000000000000000010011110101000101101010011010110
100010001111010000100000000000000000000000000000000000000000000010011110101000101101010011010110
110011011111010111000000000000000000000000000000000000000000000010011110101000101101010011010110
101000011011001101000000000000000000000000000000000000000000000010011110101000101101010011010110
111000010011111101000000000000000000000000000000000000000000000010011110101000101101010011010110
000100110100110011000000000000000000000000000000000000000000000010011110101000101101010011010110
111100000111110010000000000000000000000000000000000000000000000010011110101000101101010011010110
000110010100101000100000000000000000000000000000000000000000000010011110101000101101010011010110
100001101110111101000000000000000000000000000000000000000000000010011110101000101101010011010110
100110011011001011000000000000000000000000000000000000000000000010011110101000101101010011010110
010011000100010111000000000000000000000000000000000000000000000010011110101000101101010011010110
110111000110000110000000000000000000000000000000000000000000000010011110101000101101010011010110
001111010100010111000000000000000000000000000000000000000000000010011110101000101101010011010110
110110110100001001000000000000000000000000000000000000000000000010011110101000101101010011010110
110101111101111110000000000000000000000000000000000000000000000010011110101000101101010011010110
100001101100011000000000000000000000000000000000000000000000000010011110101000101101010011010110
110111001010101100000000000000000000000000000000000000000000000010011110101000101101010011010110
110100100011111100000000000000000000000000000000000000000000000010011110101000101101010011010110
111011000001111011000000000000000000000000000000000000000000000010011110101000101101010011010110
111101111111000011000000000000000000000000000000000000000000000010011110101000101101010011010110
111110101011011111000000000000000000000000000000000000000000000010011110101000101101010011010110
101101000000111000000000000000000000000000000000000000000000000010011110101000101101010011010110
110000000100010110000000000000000000000000000000000000000000000010011110101000101101010011010110
110010110000110111000000000000000000000000000000000000000000000010011110101000101101010011010110
100110001011100001000000000000000000000000000000000000000000000010011110101000101101010011010110
111111011111101100000000000000000000000000000000000000000000000010011110101000101101010011010110
011100010000111111000000000000000000000000000000000000000000000010011110101000101101010011010110
000111101100010011000000000000000000000000000000000000000000000010011110101000101101010011010110
101111000000011111000000000000000000000000000000000000000000000010011110101000101101010011010110
110011010111110110000000000000000000000000000000000000000000000010011110101000101101010011010110
100001001001111011000000000000000000000000000000000000000000000010011110101000101101010011010110
001111010000110011000000000000000000000000000000000000000000000010011110101000101101010011010110
100000011011010101000000000000000000000000000000000000000000000010011110101000101101010011010110
100010011001000000100000000000000000000000000000000000000000000010011110101000101101010011010110
101101100000100110000000000000000000000000000000000000000000000010011110101000101101010011010110
011110100100001000000000000000000000000000000000000000000000000010011110101000101101010011010110
010000011011011010000000000000000000000000000000000000000000000010011110101000101101010011010110
101001100101000101000000000000000000000000000000000000000000000010011110101000101101010011010110
101111111000010000100000000000000000000000000000000000000000000010011110101000101101010011010110
010101011111011001000000000000000000000000000000000000000000000010011110101000101101010011010110
100110010010101101000000000000000000000000000000000000000000000010011110101000101101010011010110
000011010001100100000000000000000000000000000000000000000000000010011110101000101101010011010110
111000111110000000100000000000000000000000000000000000000000000010011110101000101101010011010110
110100001010010000100000000000000000000000000000000000000000000010011110101000101101010011010110
110101001000110110000000000000000000000000000000000000000000000010011110101000101101010011010110
001110010000100100100000000000000000000000000000000000000000000010011110101000101101010011010110
110111001110110001000000000000000000000000000000000000000000000010011110101000101101010011010110
111011111010100010000000000000000000000000000000000000000000000010011110101000101101010011010110
100001011100010000100000000000000000000000000000000000000000000010011110101000101101010011010110
100001011101110010000000000000000000000000000000000000000000000010011110101000101101010011010110
110011111101011000100000000000000000000000000000000000000000000010011110101000101101010011010110
100011101001010011000000000000000000000000000000000000000000000010011110101000101101010011010110
000101110001111110000000000000000000000000000000000000000000000010011110101000101101010011010110
000010101110101110000000000000000000000000000000000000000000000010011110101000101101010011010110
111011110110011001000000000000000000000000000000000000000000000010011110101000101101010011010110
110010100001011001000000000000000000000000000000000000000000000010011110101000101101010011010110
101100011010011111000000000000000000000000000000000000000000000010011110101000101101010011010110
000110011000001100000000000000000000000000000000000000000000000010011110101000101101010011010110
000111001010011000000000000000000000000000000000000000000000000010011110101000101101010011010110
000000100100101000100000000000000000000000000000000000000000000010011110101000101101010011010110
110101011001010011000000000000000000000000000000000000000000000010011110101000101101010011010110
001001001010101100000000000000000000000000000000000000000000000010011110101000101101010011010110
000001011011100110000000000000000000000000000000000000000000000010011110101000101101010011010110
111110011001010000000000000000000000000000000000000000000000000010011110101000101101010011010110
010011101100001100000000000000000000000000000000000000000000000010011110101000101101010011010110
000011010110010000000000000000000000000000000000000000000000000010011110101000101101010011010110
101111110100011001000000000000000000000000000000000000000000000010011110101000101101010011010110
110110101010001110000000000000000000000000000000000000000000000010011110101000101101010011010110
100011110110110100000000000000000000000000000000000000000000000010011110101000101101010011010110
111010111101000100100000000000000000000000000000000000000000000010011110101000101101010011010110
110110111001000100100000000000000000000000000000000000000000000010011110101000101101010011010110
011001010001011010000000000000000000000000000000000000000000000010011110101000101101010011010110
110110111011100011000000000000000000000000000000000000000000000010011110101000101101010011010110
101001000100010111000000000000000000000000000000000000000000000010011110101000101101010011010110
100011111011000000100000000000000000000000000000000000000000000010011110101000101101010011010110
110110011010011011000000000000000000000000000000000000000000000010011110101000101101010011010110
111100111011100011000000000000000000000000000000000000000000000010011110101000101101010011010110
000011111000010000000000000000000000000000000000000000000000000010011110101000101101010011010110
010110001000001101000000000000000000000000000000000000000000000010011110101000101101010011010110
101101111011000011000000000000000000000000000000000000000000000010011110101000101101010011010110
010101011001100010000000000000000000000000000000000000000000000010011110101000101101010011010110
011111100000001101000000000000000000000000000000000000000000000010011110101000101101010011010110
100011101110101100000000000000000000000000000000000000000000000010011110101000101101010011010110
001000010000001001000000000000000000000000000000000000000000000010011110101000101101010011010110
010001111110010000000000000000000000000000000000000000000000000010011110101000101101010011010110
101110110110010101000000000000000000000000000000000000000000000010011110101000101101010011010110
100001110110010000000000000000000000000000000000000000000000000010011110101000101101010011010110
010010001010001111000000000000000000000000000000000000000000000010011110101000101101010011010110
111100100001001100000000000000000000000000000000000000000000000010011110101000101101010011010110
010101110010110000000000000000000000000000000000000000000000000010011110101000101101010011010110
100010100100010011000000000000000000000000000000000000000000000010011110101000101101010011010110
000101111110101000000000000000000000000000000000000000000000000010011110101000101101010011010110
010011111001100010000000000000000000000000000000000000000000000010011110101000101101010011010110
001110001011010110000000000000000000000000000000000000000000000010011110101000101101010011010110
100001011100101001000000000000000000000000000000000000000000000010011110101000101101010011010110
001001011010111000100000000000000000000000000000000000000000000010011110101000101101010011010110
111010011001100110000000000000000000000000000000000000000000000010011110101000101101010011010110
001011000001001011000000000000000000000000000000000000000000000010011110101000101101010011010110
001100100001111110000000000000000000000000000000000000000000000010011110101000101101010011010110
010110101100000100100000000000000000000000000000000000000000000010011110101000101101010011010110
111000010010110111000000000000000000000000000000000000000000000010011110101000101101010011010110
000110101010011110000000000000000000000000000000000000000000000010011110101000101101010011010110
001000101111000111000000000000000000000000000000000000000000000010011110101000101101010011010110
100000011100001101000000000000000000000000000000000000000000000010011110101000101101010011010110
101001101110111000100000000000000000000000000000000000000000000010011110101000101101010011010110
001111010111001111000000000000000000000000000000000000000000000010011110101000101101010011010110
111101010001111110000000000000000000000000000000000000000000000010011110101000101101010011010110
110001100110011011000000000000000000000000000000000000000000000010011110101000101101010011010110
111010100001010000100000000000000000000000000000000000000000000010011110101000101101010011010110
001101101001000101000000000000000000000000000000000000000000000010011110101000101101010011010110
001111101101000110000000000000000000000000000000000000000000000010011110101000101101010011010110
101000100100001111000000000000000000000000000000000000000000000010011110101000101101010011010110
110001111011111010000000000000000000000000000000000000000000000010011110101000101101010011010110
010000100010000100100000000000000000000000000000000000000000000010011110101000101101010011010110
011011000010011000000000000000000000000000000000000000000000000010011110101000101101010011010110
000001000111111100000000000000000000000000000000000000000000000010011110101000101101010011010110
100100000101011010000000000000000000000000000000000000000000000010011110101000101101010011010110
001111110110011110000000000000000000000000000000000000000000000010011110101000101101010011010110
111100110010001000100000000000000000000000000000000000000000000010011110101000101101010011010110
101110010110100110000000000000000000000000000000000000000000000010011110101000101101010011010110
100100111111011110000000000000000000000000000000000000000000000010011110101000101101010011010110
111100010001001111000000000000000000000000000000000000000000000010011110101000101101010011010110
011100100100000011000000000000000000000000000000000000000000000010011110101000101101010011010110
110010000111101101000000000000000000000000000000000000000000000010011110101000101101010011010110
000000011110111010000000000000000000000000000000000000000000000010011110101000101101010011010110
110011011010011110000000000000000000000000000000000000000000000010011110101000101101010011010110
011001011000100111000000000000000000000000000000000000000000000010011110101000101101010011010110
011101100110000001000000000000000000000000000000000000000000000010011110101000101101010011010110
100001111110000101000000000000000000000000000000000000000000000010011110101000101101010011010110
110100111000000101000000000000000000000000000000000000000000000010011110101000101101010011010110
000001101001101101000000000000000000000000000000000000000000000010011110101000101101010011010110
111011010111101100000000000000000000000000000000000000000000000010011110101000101101010011010110
011001000100110000100000000000000000000000000000000000000000000010011110101000101101010011010110
111000100001101100000000000000000000000000000000000000000000000010011110101000101101010011010110
110110001001100101000000000000000000000000000000000000000000000010011110101000101101010011010110
100011111000011000100000000000000000000000000000000000000000000010011110101000101101010011010110
111000001001001011000000000000000000000000000000000000000000000010011110101000101101010011010110
100000011110110100000000000000000000000000000000000000000000000010011110101000101101010011010110
100001000101010011000000000000000000000000000000000000000000000010011110101000101101010011010110
000110111000010110000000000000000000000000000000000000000000000010011110101000101101010011010110
101111110001111111000000000000000000000000000000000000000000000010011110101000101101010011010110
110011101101100011000000000000000000000000000000000000000000000010011110101000101101010011010110
110010110000001111000000000000000000000000000000000000000000000010011110101000101101010011010110
010110011011111111000000000000000000000000000000000000000000000010011110101000101101010011010110
001011101010111011000000000000000000000000000000000000000000000010011110101000101101010011010110
011110100001101100000000000000000000000000000000000000000000000010011110101000101101010011010110
101010011111110110000000000000000000000000000000000000000000000010011110101000101101010011010110
101000110110000001000000000000000000000000000000000000000000000010011110101000101101010011010110
100100110001101001000000000000000000000000000000000000000000000010011110101000101101010011010110
110010100100000100000000000000000000000000000000000000000000000010011110101000101101010011010110
000001011010001111000000000000000000000000000000000000000000000010011110101000101101010011010110
000111001110100111000000000000000000000000000000000000000000000010011110101000101101010011010110
001111100001001111000000000000000000000000000000000000000000000010011110101000101101010011010110
000101101101101101000000000000000000000000000000000000000000000010011110101000101101010011010110
000101111001101000000000000000000000000000000000000000000000000010011110101000101101010011010110
010100100001011000000000000000000000000000000000000000000000000010011110101000101101010011010110
110111000111001111000000000000000000000000000000000000000000000010011110101000101101010011010110
000011111100000101000000000000000000000000000000000000000000000010011110101000101101010011010110
000001101010001111000000000000000000000000000000000000000000000010011110101000101101010011010110
111000010001010111000000000000000000000000000000000000000000000010011110101000101101010011010110
100100111101001100000000000000000000000000000000000000000000000010011110101000101101010011010110
110101001100010110000000000000000000000000000000000000000000000010011110101000101101010011010110
110011100010100010000000000000000000000000000000000000000000000010011110101000101101010011010110
100111010100100010000000000000000000000000000000000000000000000010011110101000101101010011010110
001001010101010111000000000000000000000000000000000000000000000010011110101000101101010011010110
100100110011100110000000000000000000000000000000000000000000000010011110101000101101010011010110
011110011101010101000000000000000000000000000000000000000000000010011110101000101101010011010110
000010001000000100000000000000000000000000000000000000000000000010011110101000101101010011010110
111001001011101001000000000000000000000000000000000000000000000010011110101000101101010011010110
000010110110011100000000000000000000000000000000000000000000000010011110101000101101010011010110
001000111010101101000000000000000000000000000000000000000000000010011110101000101101010011010110
111001111001000111000000000000000000000000000000000000000000000010011110101000101101010011010110
100110000000010111000000000000000000000000000000000000000000000010011110101000101101010011010110
001001000001110001000000000000000000000000000000000000000000000010011110101000101101010011010110
000100100000100000100000000000000000000000000000000000000000000010011110101000101101010011010110
100101000111101110000000000000000000000000000000000000000000000010011110101000101101010011010110
100000111101011011000000000000000000000000000000000000000000000010011110101000101101010011010110
010000011110100010000000000000000000000000000000000000000000000010011110101000101101010011010110
101000111000110110000000000000000000000000000000000000000000000010011110101000101101010011010110
000101000100001000100000000000000000000000000000000000000000000010011110101000101101010011010110
101000011101100110000000000000000000000000000000000000000000000010011110101000101101010011010110
110000011101011001000000000000000000000000000000000000000000000010011110101000101101010011010110
000100100001110000000000000000000000000000000000000000000000000010011110101000101101010011010110
011111111001100001000000000000000000000000000000000000000000000010011110101000101101010011010110
001000011100000101000000000000000000000000000000000000000000000010011110101000101101010011010110
010001001111001000100000000000000000000000000000000000000000000010011110101000101101010011010110
100111110011010001000000000000000000000000000000000000000000000010011110101000101101010011010110
000101100011101000100000000000000000000000000000000000000000000010011110101000101101010011010110
010001000000101100000000000000000000000000000000000000000000000010011110101000101101010011010110
011011101100010101000000000000000000000000000000000000000000000010011110101000101101010011010110
010010010101011000000000000000000000000000000000000000000000000010011110101000101101010011010110
000110110111011000100000000000000000000000000000000000000000000010011110101000101101010011010110
000010110111010110000000000000000000000000000000000000000000000010011110101000101101010011010110
110010100100110110000000000000000000000000000000000000000000000010011110101000101101010011010110
000001000101100000100000000000000000000000000000000000000000000010011110101000101101010011010110
011000011101111011000000000000000000000000000000000000000000000010011110101000101101010011010110
110001110010000010000000000000000000000000000000000000000000000010011110101000101101010011010110
111010010010101110000000000000000000000000000000000000000000000010011110101000101101010011010110
110101101000110100000000000000000000000000000000000000000000000010011110101000101101010011010110
101001000000101100000000000000000000000000000000000000000000000010011110101000101101010011010110
001111011010010001000000000000000000000000000000000000000000000010011110101000101101010011010110
101000110100100000100000000000000000000000000000000000000000000010011110101000101101010011010110
000100110101010100000000000000000000000000000000000000000000000010011110101000101101010011010110
010101010000010110000000000000000000000000000000000000000000000010011110101000101101010011010110
001001100100011111000000000000000000000000000000000000000000000010011110101000101101010011010110
011100110011111101000000000000000000000000000000000000000000000010011110101000101101010011010110
100101001101100110000000000000000000000000000000000000000000000010011110101000101101010011010110
010110110010101010000000000000000000000000000000000000000000000010011110101000101101010011010110
100101110100100101000000000000000000000000000000000000000000000010011110101000101101010011010110
000101000000000011000000000000000000000000000000000000000000000010011110101000101101010011010110
000011101110010100000000000000000000000000000000000000000000000010011110101000101101010011010110
001101000101100111000000000000000000000000000000000000000000000010011110101000101101010011010110
101000101101110010000000000000000000000000000000000000000000000010011110101000101101010011010110
010101000010100110000000000000000000000000000000000000000000000010011110101000101101010011010110
100011100100100100000000000000000000000000000000000000000000000010011110101000101101010011010110
001000000110011000100000000000000000000000000000000000000000000010011110101000101101010011010110
000100000000011101000000000000000000000000000000000000000000000010011110101000101101010011010110
011101001001011111000000000000000000000000000000000000000000000010011110101000101101010011010110
011000001010001000000000000000000000000000000000000000000000000010011110101000101101010011010110
001101111110111110000000000000000000000000000000000000000000000010011110101000101101010011010110
111110011001100101000000000000000000000000000000000000000000000010011110101000101101010011010110
101001110110001001000000000000000000000000000000000000000000000010011110101000101101010011010110
111010110000100001000000000000000000000000000000000000000000000010011110101000101101010011010110
000001100101101001000000000000000000000000000000000000000000000010011110101000101101010011010110
101001011000110111000000000000000000000000000000000000000000000010011110101000101101010011010110
101001001000111110000000000000000000000000000000000000000000000010011110101000101101010011010110
011001100001111010000000000000000000000000000000000000000000000010011110101000101101010011010110
110001011001001000100000000000000000000000000000000000000000000010011110101000101101010011010110
000111110000100000100000000000000000000000000000000000000000000010011110101000101101010011010110
000100001011011111000000000000000000000000000000000000000000000010011110101000101101010011010110
000101110100101101000000000000000000000000000000000000000000000010011110101000101101010011010110
101010110001010011000000000000000000000000000000000000000000000010011110101000101101010011010110
001000100110001010000000000000000000000000000000000000000000000010011110101000101101010011010110
000011100100011001000000000000000000000000000000000000000000000010011110101000101101010011010110
101100101010001001000000000000000000000000000000000000000000000010011110101000101101010011010110
101001011010000000100000000000000000000000000000000000000000000010011110101000101101010011010110
101111000010000110000000000000000000000000000000000000000000000010011110101000101101010011010110
000011011001101101000000000000000000000000000000000000000000000010011110101000101101010011010110
100000101010001110000000000000000000000000000000000000000000000010011110101000101101010011010110
110100000010001000000000000000000000000000000000000000000000000010011110101000101101010011010110
011010000000011001000000000000000000000000000000000000000000000010011110101000101101010011010110
110110101000100110000000000000000000000000000000000000000000000010011110101000101101010011010110
111100111011110001000000000000000000000000000000000000000000000010011110101000101101010011010110
001011101001101110000000000000000000000000000000000000000000000010011110101000101101010011010110
110110001110011001000000000000000000000000000000000000000000000010011110101000101101010011010110
111111101001010001000000000000000000000000000000000000000000000010011110101000101101010011010110
110110001111011000000000000000000000000000000000000000000000000010011110101000101101010011010110
110100000001111001000000000000000000000000000000000000000000000010011110101000101101010011010110
101110000110011101000000000000000000000000000000000000000000000010011110101000101101010011010110
110111000100100110000000000000000000000000000000000000000000000010011110101000101101010011010110
101111100101100100000000000000000000000000000000000000000000000010011110101000101101010011010110
101110111101000111000000000000000000000000000000000000000000000010011110101000101101010011010110
011111000110000010000000000000000000000000000000000000000000000010011110101000101101010011010110
001000110000111110000000000000000000000000000000000000000000000010011110101000101101010011010110
000010010000001111000000000000000000000000000000000000000000000010011110101000101101010011010110
011101010001000110000000000000000000000000000000000000000000000010011110101000101101010011010110
011111101110100100000000000000000000000000000000000000000000000010011110101000101101010011010110
000010010111111000100000000000000000000000000000000000000000000010011110101000101101010011010110
001101111010000110000000000000000000000000000000000000000000000010011110101000101101010011010110
001011011100100011000000000000000000000000000000000000000000000010011110101000101101010011010110
011010110000101110000000000000000000000000000000000000000000000010011110101000101101010011010110
100101110001011100000000000000000000000000000000000000000000000010011110101000101101010011010110
000111010101111110000000000000000000000000000000000000000000000010011110101000101101010011010110
001100000101111010000000000000000000000000000000000000000000000010011110101000101101010011010110
001110010110110101000000000000000000000000000000000000000000000010011110101000101101010011010110
100101110010011101000000000000000000000000000000000000000000000010011110101000101101010011010110
101110101110100111000000000000000000000000000000000000000000000010011110101000101101010011010110
111011111011001111000000000000000000000000000000000000000000000010011110101000101101010011010110
100101111000111110000000000000000000000000000000000000000000000010011110101000101101010011010110
110000100110100000000000000000000000000000000000000000000000000010011110101000101101010011010110
010100101000011111000000000000000000000000000000000000000000000010011110101000101101010011010110
111000100110111000100000000000000000000000000000000000000000000010011110101000101101010011010110
011010110001001101000000000000000000000000000000000000000000000010011110101000101101010011010110
011001000101101011000000000000000000000000000000000000000000000010011110101000101101010011010110
101001100101010110000000000000000000000000000000000000000000000010011110101000101101010011010110
011100100101010001000000000000000000000000000000000000000000000010011110101000101101010011010110
100001110110101000100000000000000000000000000000000000000000000010011110101000101101010011010110
001100011010011111000000000000000000000000000000000000000000000010011110101000101101010011010110
010110001110100011000000000000000000000000000000000000000000000010011110101000101101010011010110
100101010011100110000000000000000000000000000000000000000000000010011110101000101101010011010110
110010100110011100000000000000000000000000000000000000000000000010011110101000101101010011010110
011111000101111110000000000000000000000000000000000000000000000010011110101000101101010011010110
100100001011011000000000000000000000000000000000000000000000000010011110101000101101010011010110
110111000011010000000000000000000000000000000000000000000000000010011110101000101101010011010110
100111010100111101000000000000000000000000000000000000000000000010011110101000101101010011010110
010000010000010000100000000000000000000000000000000000000000000010011110101000101101010011010110
011010000111100000100000000000000000000000000000000000000000000010011110101000101101010011010110
111010101000100100100000000000000000000000000000000000000000000010011110101000101101010011010110
111010001111010001000000000000000000000000000000000000000000000010011110101000101101010011010110
100101100011111000000000000000000000000000000000000000000000000010011110101000101101010011010110
110111001001111000100000000000000000000000000000000000000000000010011110101000101101010011010110
000101111101011100000000000000000000000000000000000000000000000010011110101000101101010011010110
000110100011101100000000000000000000000000000000000000000000000010011110101000101101010011010110
000101110110101111000000000000000000000000000000000000000000000010011110101000101101010011010110
000000001000001101000000000000000000000000000000000000000000000010011110101000101101010011010110
010001110010010000000000000000000000000000000000000000000000000010011110101000101101010011010110
101101101101000100000000000000000000000000000000000000000000000010011110101000101101010011010110
010101010110011011000000000000000000000000000000000000000000000010011110101000101101010011010110
100100001010110000100000000000000000000000000000000000000000000010011110101000101101010011010110
000100001100001100000000000000000000000000000000000000000000000010011110101000101101010011010110
011000011100000011000000000000000000000000000000000000000000000010011110101000101101010011010110
000011101111000111000000000000000000000000000000000000000000000010011110101000101101010011010110
000111011111011001000000000000000000000000000000000000000000000010011110101000101101010011010110
001001001011100011000000000000000000000000000000000000000000000010011110101000101101010011010110
010100010010000101000000000000000000000000000000000000000000000010011110101000101101010011010110
100110011011001001000000000000000000000000000000000000000000000010011110101000101101010011010110
110000110001101100000000000000000000000000000000000000000000000010011110101000101101010011010110
111001110010010111000000000000000000000000000000000000000000000010011110101000101101010011010110
011101011001111100000000000000000000000000000000000000000000000010011110101000101101010011010110
010100000110111000000000000000000000000000000000000000000000000010011110101000101101010011010110
101001110000100111000000000000000000000000000000000000000000000010011110101000101101010011010110
101011111110110100000000000000000000000000000000000000000000000010011110101000101101010011010110
111000110111001101000000000000000000000000000000000000000000000010011110101000101101010011010110
000000011110110010000000000000000000000000000000000000000000000010011110101000101101010011010110
000000100011110011000000000000000000000000000000000000000000000010011110101000101101010011010110
011101101000100001000000000000000000000000000000000000000000000010011110101000101101010011010110
111100011101001110000000000000000000000000000000000000000000000010011110101000101101010011010110
000011010101110110000000000000000000000000000000000000000000000010011110101000101101010011010110
101100010101110111000000000000000000000000000000000000000000000010011110101000101101010011010110
110001011101100110000000000000000000000000000000000000000000000010011110101000101101010011010110
001111011010101011000000000000000000000000000000000000000000000010011110101000101101010011010110
110101110110101000100000000000000000000000000000000000000000000010011110101000101101010011010110
000000000000011100000000000000000000000000000000000000000000000010011110101000101101010011010110
101001010010100100000000000000000000000000000000000000000000000010011110101000101101010011010110
110011110111101011000000000000000000000000000000000000000000000010011110101000101101010011010110
110100000010101000000000000000000000000000000000000000000000000010011110101000101101010011010110
111010011100110101000000000000000000000000000000000000000000000010011110101000101101010011010110
111010101101100001000000000000000000000000000000000000000000000010011110101000101101010011010110
011101111101001101000000000000000000000000000000000000000000000010011110101000101101010011010110
111000001011111001000000000000000000000000000000000000000000000010011110101000101101010011010110
010000100000100100000000000000000000000000000000000000000000000010011110101000101101010011010110
100001111110001100000000000000000000000000000000000000000000000010011110101000101101010011010110
000100111110000110000000000000000000000000000000000000000000000010011110101000101101010011010110
111101001010101100000000000000000000000000000000000000000000000010011110101000101101010011010110
000000110101000111000000000000000000000000000000000000000000000010011110101000101101010011010110
111111011011011100000000000000000000000000000000000000000000000010011110101000101101010011010110
010011000010100100000000000000000000000000000000000000000000000010011110101000101101010011010110
000110100011111101000000000000000000000000000000000000000000000010011110101000101101010011010110
111010011000100111000000000000000000000000000000000000000000000010011110101000101101010011010110
111100000000001101000000000000000000000000000000000000000000000010011110101000101101010011010110
001000001011000000100000000000000000000000000000000000000000000010011110101000101101010011010110
100000111101010100000000000000000000000000000000000000000000000010011110101000101101010011010110
010011111011111100000000000000000000000000000000000000000000000010011110101000101101010011010110
010010110001010010000000000000000000000000000000000000000000000010011110101000101101010011010110
111010001010111000100000000000000000000000000000000000000000000010011110101000101101010011010110
111010100011000001000000000000000000000000000000000000000000000010011110101000101101010011010110
111010101000001111000000000000000000000000000000000000000000000010011110101000101101010011010110
000000001010001111000000000000000000000000000000000000000000000010011110101000101101010011010110
101010011111101001000000000000000000000000000000000000000000000010011110101000101101010011010110
010001010110010110000000000000000000000000000000000000000000000010011110101000101101010011010110
100011111111001111000000000000000000000000000000000000000000000010011110101000101101010011010110
000000011001000101000000000000000000000000000000000000000000000010011110101000101101010011010110
110110001011011011000000000000000000000000000000000000000000000010011110101000101101010011010110
010000010011001001000000000000000000000000000000000000000000000010011110101000101101010011010110
100101010010000100100000000000000000000000000000000000000000000010011110101000101101010011010110
001011101110001100000000000000000000000000000000000000000000000010011110101000101101010011010110
000100000110110101000000000000000000000000000000000000000000000010011110101000101101010011010110
011101110001111100000000000000000000000000000000000000000000000010011110101000101101010011010110
001100100011110111000000000000000000000000000000000000000000000010011110101000101101010011010110
100000110010110101000000000000000000000000000000000000000000000010011110101000101101010011010110
100000100100101101000000000000000000000000000000000000000000000010011110101000101101010011010110
101110101011101101000000000000000000000000000000000000000000000010011110101000101101010011010110
000011111010100101000000000000000000000000000000000000000000000010011110101000101101010011010110
001101100010110000100000000000000000000000000000000000000000000010011110101000101101010011010110
000101001001101001000000000000000000000000000000000000000000000010011110101000101101010011010110
011100000010000000000000000000000000000000000000000000000000000010011110101000101101010011010110
011100111001001110000000000000000000000000000000000000000000000010011110101000101101010011010110
110101011001010111000000000000000000000000000000000000000000000010011110101000101101010011010110
100100011110000110000000000000000000000000000000000000000000000010011110101000101101010011010110
001100110111010011000000000000000000000000000000000000000000000010011110101000101101010011010110
001000111100000000000000000000000000000000000000000000000000000010011110101000101101010011010110
100011000110110111000000000000000000000000000000000000000000000010011110101000101101010011010110
010011010011001110000000000000000000000000000000000000000000000010011110101000101101010011010110
010110110001001000100000000000000000000000000000000000000000000010011110101000101101010011010110
001110011101001101000000000000000000000000000000000000000000000010011110101000101101010011010110
101101011110110101000000000000000000000000000000000000000000000010011110101000101101010011010110
001101001011010110000000000000000000000000000000000000000000000010011110101000101101010011010110
001110010101100100000000000000000000000000000000000000000000000010011110101000101101010011010110
000100010001111011000000000000000000000000000000000000000000000010011110101000101101010011010110
010101011001000110000000000000000000000000000000000000000000000010011110101000101101010011010110
101000010000001101000000000000000000000000000000000000000000000010011110101000101101010011010110
000000010111101101000000000000000000000000000000000000000000000010011110101000101101010011010110
110011000111110011000000000000000000000000000000000000000000000010011110101000101101010011010110
101011000001100100000000000000000000000000000000000000000000000010011110101000101101010011010110
110010110001010111000000000000000000000000000000000000000000000010011110101000101101010011010110
010111100100010010000000000000000000000000000000000000000000000010011110101000101101010011010110
011000011100010001000000000000000000000000000000000000000000000010011110101000101101010011010110
000010100111100111000000000000000000000000000000000000000000000010011110101000101101010011010110
100110111101110011000000000000000000000000000000000000000000000010011110101000101101010011010110
001101011011101101000000000000000000000000000000000000000000000010011110101000101101010011010110
010000111111101000000000000000000000000000000000000000000000000010011110101000101101010011010110
110010101101100000100000000000000000000000000000000000000000000010011110101000101101010011010110
001000001011010011000000000000000000000000000000000000000000000010011110101000101101010011010110
010100000011010011000000000000000000000000000000000000000000000010011110101000101101010011010110
101001111101001001000000000000000000000000000000000000000000000010011110101000101101010011010110
001011100001000110000000000000000000000000000000000000000000000010011110101000101101010011010110
001111100001010110000000000000000000000000000000000000000000000010011110101000101101010011010110
110011010111101010000000000000000000000000000000000000000000000010011110101000101101010011010110
110100000010100001000000000000000000000000000000000000000000000010011110101000101101010011010110
011001001010101110000000000000000000000000000000000000000000000010011110101000101101010011010110
100111001000111111000000000000000000000000000000000000000000000010011110101000101101010011010110
010110101000010111000000000000000000000000000000000000000000000010011110101000101101010011010110
000100011000001010000000000000000000000000000000000000000000000010011110101000101101010011010110
001111101010100000100000000000000000000000000000000000000000000010011110101000101101010011010110
100010011011000110000000000000000000000000000000000000000000000010011110101000101101010011010110
011010011101101100000000000000000000000000000000000000000000000010011110101000101101010011010110
100100011110000111000000000000000000000000000000000000000000000010011110101000101101010011010110
011001110000110110000000000000000000000000000000000000000000000010011110101000101101010011010110
010000100111100101000000000000000000000000000000000000000000000010011110101000101101010011010110
100111011000100100000000000000000000000000000000000000000000000010011110101000101101010011010110
111001010110000010000000000000000000000000000000000000000000000010011110101000101101010011010110
000111001001001000100000000000000000000000000000000000000000000010011110101000101101010011010110
111010011001111000100000000000000000000000000000000000000000000010011110101000101101010011010110
010101101101000111000000000000000000000000000000000000000000000010011110101000101101010011010110
011000000010011001000000000000000000000000000000000000000000000010011110101000101101010011010110
111010001000100000100000000000000000000000000000000000000000000010011110101000101101010011010110
101011101101110110000000000000000000000000000000000000000000000010011110101000101101010011010110
100011011101011111000000000000000000000000000000000000000000000010011110101000101101010011010110
110110101010000100000000000000000000000000000000000000000000000010011110101000101101010011010110
001111101111010110000000000000000000000000000000000000000000000010011110101000101101010011010110
110100010001001011000000000000000000000000000000000000000000000010011110101000101101010011010110
110000110100001000000000000000000000000000000000000000000000000010011110101000101101010011010110
011110001110110101000000000000000000000000000000000000000000000010011110101000101101010011010110
011001100111011001000000000000000000000000000000000000000000000010011110101000101101010011010110
111100001101001101000000000000000000000000000000000000000000000010011110101000101101010011010110
111001010100001111000000000000000000000000000000000000000000000010011110101000101101010011010110
110010010011011001000000000000000000000000000000000000000000000010011110101000101101010011010110
100010010101011100000000000000000000000000000000000000000000000010011110101000101101010011010110
101011001111011000000000000000000000000000000000000000000000000010011110101000101101010011010110
101000000101100011000000000000000000000000000000000000000000000010011110101000101101010011010110
101010101110111101000000000000000000000000000000000000000000000010011110101000101101010011010110
111100010100100011000000000000000000000000000000000000000000000010011110101000101101010011010110
001000011011001101000000000000000000000000000000000000000000000010011110101000101101010011010110
010000110111100000100000000000000000000000000000000000000000000010011110101000101101010011010110
011010010101010000000000000000000000000000000000000000000000000010011110101000101101010011010110
010111001100111110000000000000000000000000000000000000000000000010011110101000101101010011010110
111110110101011010000000000000000000000000000000000000000000000010011110101000101101010011010110
011001110011000101000000000000000000000000000000000000000000000010011110101000101101010011010110
110100011100101000100000000000000000000000000000000000000000000010011110101000101101010011010110
101100101000011111000000000000000000000000000000000000000000000010011110101000101101010011010110
110011001101000000100000000000000000000000000000000000000000000010011110101000101101010011010110
010000111101110001000000000000000000000000000000000000000000000010011110101000101101010011010110
011100111101110101000000000000000000000000000000000000000000000010011110101000101101010011010110
010100010001100000000000000000000000000000000000000000000000000010011110101000101101010011010110
111110100101000110000000000000000000000000000000000000000000000010011110101000101101010011010110
100001011000010100000000000000000000000000000000000000000000000010011110101000101101010011010110
111011001111000100000000000000000000000000000000000000000000000010011110101000101101010011010110
000100000111111011000000000000000000000000000000000000000000000010011110101000101101010011010110
100110100001111111000000000000000000000000000000000000000000000010011110101000101101010011010110
010100100101111100000000000000000000000000000000000000000000000010011110101000101101010011010110
001101001111010111000000000000000000000000000000000000000000000010011110101000101101010011010110
001100000000101000000000000000000000000000000000000000000000000010011110101000101101010011010110
111001100010000111000000000000000000000000000000000000000000000010011110101000101101010011010110
001000001001001111000000000000000000000000000000000000000000000010011110101000101101010011010110
111111011000101000100000000000000000000000000000000000000000000010011110101000101101010011010110
001110001001011101000000000000000000000000000000000000000000000010011110101000101101010011010110
001010110001001001000000000000000000000000000000000000000000000010011110101000101101010011010110
010011001001111100000000000000000000000000000000000000000000000010011110101000101101010011010110
100010010011001001000000000000000000000000000000000000000000000010011110101000101101010011010110
000011011011101100000000000000000000000000000000000000000000000010011110101000101101010011010110
100110011100100011000000000000000000000000000000000000000000000010011110101000101101010011010110
001000001000010000100000000000000000000000000000000000000000000010011110101000101101010011010110
001001101111000000000000000000000000000000000000000000000000000010011110101000101101010011010110
000110101001000100000000000000000000000000000000000000000000000010011110101000101101010011010110
101101010101011101000000000000000000000000000000000000000000000010011110101000101101010011010110
001100011101111111000000000000000000000000000000000000000000000010011110101000101101010011010110
101000000010111111000000000000000000000000000000000000000000000010011110101000101101010011010110
111100101110100111000000000000000000000000000000000000000000000010011110101000101101010011010110
001110101110011001000000000000000000000000000000000000000000000010011110101000101101010011010110
011101000011101101000000000000000000000000000000000000000000000010011110101000101101010011010110
011101000001101001000000000000000000000000000000000000000000000010011110101000101101010011010110
000010101110111100000000000000000000000000000000000000000000000010011110101000101101010011010110
010000101000011100000000000000000000000000000000000000000000000010011110101000101101010011010110
110010010010111001000000000000000000000000000000000000000000000010011110101000101101010011010110
111101111001001010000000000000000000000000000000000000000000000010011110101000101101010011010110
101101101101010001000000000000000000000000000000000000000000000010011110101000101101010011010110
001101111100101011000000000000000000000000000000000000000000000010011110101000101101010011010110
101101111101011110000000000000000000000000000000000000000000000010011110101000101101010011010110
100111100110110010000000000000000000000000000000000000000000000010011110101000101101010011010110
010000000000001000100000000000000000000000000000000000000000000010011110101000101101010011010110
100111000111100111000000000000000000000000000000000000000000000010011110101000101101010011010110
011011010110101001000000000000000000000000000000000000000000000010011110101000101101010011010110
110100100011011101000000000000000000000000000000000000000000000010011110101000101101010011010110
110100010110000111000000000000000000000000000000000000000000000010011110101000101101010011010110
001100000011001101000000000000000000000000000000000000000000000010011110101000101101010011010110
001101011000000101000000000000000000000000000000000000000000000010011110101000101101010011010110
010000111110110101000000000000000000000000000000000000000000000010011110101000101101010011010110
100100111101100101000000000000000000000000000000000000000000000010011110101000101101010011010110
101110100010101100000000000000000000000000000000000000000000000010011110101000101101010011010110
100100011011110110000000000000000000000000000000000000000000000010011110101000101101010011010110
101000010010110011000000000000000000000000000000000000000000000010011110101000101101010011010110
000001011110100111000000000000000000000000000000000000000000000010011110101000101101010011010110
001010101011011000100000000000000000000000000000000000000000000010011110101000101101010011010110
010110110101100010000000000000000000000000000000000000000000000010011110101000101101010011010110
001010010110111000100000000000000000000000000000000000000000000010011110101000101101010011010110
111111101111110101000000000000000000000000000000000000000000000010011110101000101101010011010110
101000001100001010000000000000000000000000000000000000000000000010011110101000101101010011010110
011100010001110000100000000000000000000000000000000000000000000010011110101000101101010011010110
101011010110111011000000000000000000000000000000000000000000000010011110101000101101010011010110
000110010110110000000000000000000000000000000000000000000000000010011110101000101101010011010110
110011111110000001000000000000000000000000000000000000000000000010011110101000101101010011010110
100110001010011110000000000000000000000000000000000000000000000010011110101000101101010011010110
000011101011100100000000000000000000000000000000000000000000000010011110101000101101010011010110
110101111010001000000000000000000000000000000000000000000000000010011110101000101101010011010110
011001000011111010000000000000000000000000000000000000000000000010011110101000101101010011010110
011111111000101010000000000000000000000000000000000000000000000010011110101000101101010011010110
101010101110100111000000000000000000000000000000000000000000000010011110101000101101010011010110
100010001000101011000000000000000000000000000000000000000000000010011110101000101101010011010110
010001010111000111000000000000000000000000000000000000000000000010011110101000101101010011010110
110000110110100110000000000000000000000000000000000000000000000010011110101000101101010011010110
101011101011110111000000000000000000000000000000000000000000000010011110101000101101010011010110
001001010101000110000000000000000000000000000000000000000000000010011110101000101101010011010110
000000111110010011000000000000000000000000000000000000000000000010011110101000101101010011010110
100001101000011011000000000000000000000000000000000000000000000010011110101000101101010011010110
110001111100111100000000000000000000000000000000000000000000000010011110101000101101010011010110
111011100000111001000000000000000000000000000000000000000000000010011110101000101101010011010110
101011000110101000000000000000000000000000000000000000000000000010011110101000101101010011010110
011110101000100111000000000000000000000000000000000000000000000010011110101000101101010011010110
000001101100000100100000000000000000000000000000000000000000000010011110101000101101010011010110
110001000010001110000000000000000000000000000000000000000000000010011110101000101101010011010110
001011100101110100000000000000000000000000000000000000000000000010011110101000101101010011010110
010011101111001000000000000000000000000000000000000000000000000010011110101000101101010011010110
111001000101111111000000000000000000000000000000000000000000000010011110101000101101010011010110
111110100111000000000000000000000000000000000000000000000000000010011110101000101101010011010110
101111001000110111000000000000000000000000000000000000000000000010011110101000101101010011010110
001110010011011010000000000000000000000000000000000000000000000010011110101000101101010011010110
110001010101001000000000000000000000000000000000000000000000000010011110101000101101010011010110
000011100101110110000000000000000000000000000000000000000000000010011110101000101101010011010110
111010111011011001000000000000000000000000000000000000000000000010011110101000101101010011010110
110101010100000101000000000000000000000000000000000000000000000010011110101000101101010011010110
101010111001100010000000000000000000000000000000000000000000000010011110101000101101010011010110
101100011111000111000000000000000000000000000000000000000000000010011110101000101101010011010110
000111100101101101000000000000000000000000000000000000000000000010011110101000101101010011010110
001101100101110100000000000000000000000000000000000000000000000010011110101000101101010011010110
101101011001000001000000000000000000000000000000000000000000000010011110101000101101010011010110
010101111010010111000000000000000000000000000000000000000000000010011110101000101101010011010110
100000110011010100000000000000000000000000000000000000000000000010011110101000101101010011010110
001111110010100100000000000000000000000000000000000000000000000010011110101000101101010011010110
001100000001100111000000000000000000000000000000000000000000000010011110101000101101010011010110
111000000001010111000000000000000000000000000000000000000000000010011110101000101101010011010110
001010101110101000100000000000000000000000000000000000000000000010011110101000101101010011010110
111010010001100111000000000000000000000000000000000000000000000010011110101000101101010011010110
011011010011111101000000000000000000000000000000000000000000000010011110101000101101010011010110
000111110011010000000000000000000000000000000000000000000000000010011110101000101101010011010110
001100010011100000100000000000000000000000000000000000000000000010011110101000101101010011010110
000101010010111111000000000000000000000000000000000000000000000010011110101000101101010011010110
100101010111111001000000000000000000000000000000000000000000000010011110101000101101010011010110
011111011101011010000000000000000000000000000000000000000000000010011110101000101101010011010110
010110011000001111000000000000000000000000000000000000000000000010011110101000101101010011010110
100111001100000000100000000000000000000000000000000000000000000010011110101000101101010011010110
100111100100100001000000000000000000000000000000000000000000000010011110101000101101010011010110
001111110101011000000000000000000000000000000000000000000000000010011110101000101101010011010110
111101001000110110000000000000000000000000000000000000000000000010011110101000101101010011010110
011000101001010010000000000000000000000000000000000000000000000010011110101000101101010011010110
111110111110001101000000000000000000000000000000000000000000000010011110101000101101010011010110
111100010001000011000000000000000000000000000000000000000000000010011110101000101101010011010110
101111000100000110000000000000000000000000000000000000000000000010011110101000101101010011010110
000010001101000100100000000000000000000000000000000000000000000010011110101000101101010011010110
101111010111001100000000000000000000000000000000000000000000000010011110101000101101010011010110
011010111110110100000000000000000000000000000000000000000000000010011110101000101101010011010110
011000011111110111000000000000000000000000000000000000000000000010011110101000101101010011010110
011101110010001000100000000000000000000000000000000000000000000010011110101000101101010011010110
111110011000111011000000000000000000000000000000000000000000000010011110101000101101010011010110
000010010000101010000000000000000000000000000000000000000000000010011110101000101101010011010110
011100011100101010000000000000000000000000000000000000000000000010011110101000101101010011010110
000010010110001010000000000000000000000000000000000000000000000010011110101000101101010011010110
110101011000011001000000000000000000000000000000000000000000000010011110101000101101010011010110
001001000101111101000000000000000000000000000000000000000000000010011110101000101101010011010110
100101001101110011000000000000000000000000000000000000000000000010011110101000101101010011010110
010000010100101101000000000000000000000000000000000000000000000010011110101000101101010011010110
111111100001101111000000000000000000000000000000000000000000000010011110101000101101010011010110
110011110001110000100000000000000000000000000000000000000000000010011110101000101101010011010110
101011000001000000100000000000000000000000000000000000000000000010011110101000101101010011010110
100110010011011100000000000000000000000000000000000000000000000010011110101000101101010011010110
111010100011011101000000000000000000000000000000000000000000000010011110101000101101010011010110
011110101101010001000000000000000000000000000000000000000000000010011110101000101101010011010110
111100101000000011000000000000000000000000000000000000000000000010011110101000101101010011010110
000110111001000111000000000000000000000000000000000000000000000010011110101000101101010011010110
011100111010100110000000000000000000000000000000000000000000000010011110101000101101010011010110
011110001010111100000000000000000000000000000000000000000000000010011110101000101101010011010110
001000011011101110000000000000000000000000000000000000000000000010011110101000101101010011010110
011111000001001110000000000000000000000000000000000000000000000010011110101000101101010011010110
011110000011101100000000000000000000000000000000000000000000000010011110101000101101010011010110
100011110101101010000000000000000000000000000000000000000000000010011110101000101101010011010110
110101110110111011000000000000000000000000000000000000000000000010011110101000101101010011010110
011001100111000011000000000000000000000000000000000000000000000010011110101000101101010011010110
010000101100101000000000000000000000000000000000000000000000000010011110101000101101010011010110
101011011010100001000000000000000000000000000000000000000000000010011110101000101101010011010110
100000100100111111000000000000000000000000000000000000000000000010011110101000101101010011010110
000000110111101110000000000000000000000000000000000000000000000010011110101000101101010011010110
000010001110111110000000000000000000000000000000000000000000000010011110101000101101010011010110
110101111100010010000000000000000000000000000000000000000000000010011110101000101101010011010110
001001001000111000000000000000000000000000000000000000000000000010011110101000101101010011010110
110010010100011011000000000000000000000000000000000000000000000010011110101000101101010011010110
101111010101101001000000000000000000000000000000000000000000000010011110101000101101010011010110
111110100001011000000000000000000000000000000000000000000000000010011110101000101101010011010110
000001111000010111000000000000000000000000000000000000000000000010011110101000101101010011010110
000011100011100010000000000000000000000000000000000000000000000010011110101000101101010011010110
101101111011110101000000000000000000000000000000000000000000000010011110101000101101010011010110
001010111110011010000000000000000000000000000000000000000000000010011110101000101101010011010110
000100101100010010000000000000000000000000000000000000000000000010011110101000101101010011010110
101110101110000110000000000000000000000000000000000000000000000010011110101000101101010011010110
100110001000000000000000000000000000000000000000000000000000000010011110101000101101010011010110
010011011000000100100000000000000000000000000000000000000000000010011110101000101101010011010110
100101110010010100000000000000000000000000000000000000000000000010011110101000101101010011010110
110000001111111101000000000000000000000000000000000000000000000010011110101000101101010011010110
110000011100111101000000000000000000000000000000000000000000000010011110101000101101010011010110
010011001010101110000000000000000000000000000000000000000000000010011110101000101101010011010110
001000011010000101000000000000000000000000000000000000000000000010011110101000101101010011010110
011111010010000001000000000000000000000000000000000000000000000010011110101000101101010011010110
001000110101001001000000000000000000000000000000000000000000000010011110101000101101010011010110
100000001000001100000000000000000000000000000000000000000000000010011110101000101101010011010110
110000000001101010000000000000000000000000000000000000000000000010011110101000101101010011010110
011101011101100001000000000000000000000000000000000000000000000010011110101000101101010011010110
101100111100110000100000000000000000000000000000000000000000000010011110101000101101010011010110
011011011001101001000000000000000000000000000000000000000000000010011110101000101101010011010110
111010110011111110000000000000000000000000000000000000000000000010011110101000101101010011010110
011100111000111110000000000000000000000000000000000000000000000010011110101000101101010011010110
001110110110001100000000000000000000000000000000000000000000000010011110101000101101010011010110
001001111001110001000000000000000000000000000000000000000000000010011110101000101101010011010110
111001011101100101000000000000000000000000000000000000000000000010011110101000101101010011010110
001010100010011011000000000000000000000000000000000000000000000010011110101000101101010011010110
111011101110011100000000000000000000000000000000000000000000000010011110101000101101010011010110
010010011001011101000000000000000000000000000000000000000000000010011110101000101101010011010110
010111010101001111000000000000000000000000000000000000000000000010011110101000101101010011010110
010001000101010100000000000000000000000000000000000000000000000010011110101000101101010011010110
010011011101011010000000000000000000000000000000000000000000000010011110101000101101010011010110
010100110011000001000000000000000000000000000000000000000000000010011110101000101101010011010110
111101100001000100100000000000000000000000000000000000000000000010011110101000101101010011010110
000011001010010010000000000000000000000000000000000000000000000010011110101000101101010011010110
101001000010110010000000000000000000000000000000000000000000000010011110101000101101010011010110
101010101000011110000000000000000000000000000000000000000000000010011110101000101101010011010110
110011101011100010000000000000000000000000000000000000000000000010011110101000101101010011010110
110000000110000111000000000000000000000000000000000000000000000010011110101000101101010011010110
011111011100001000000000000000000000000000000000000000000000000010011110101000101101010011010110
110101000001001100000000000000000000000000000000000000000000000010011110101000101101010011010110
000101110001100100000000000000000000000000000000000000000000000010011110101000101101010011010110
011010000111000000100000000000000000000000000000000000000000000010011110101000101101010011010110
100000110101001000100000000000000000000000000000000000000000000010011110101000101101010011010110
101101010111110111000000000000000000000000000000000000000000000010011110101000101101010011010110
011011100100101010000000000000000000000000000000000000000000000010011110101000101101010011010110
111011110111000000100000000000000000000000000000000000000000000010011110101000101101010011010110
110101110100100000000000000000000000000000000000000000000000000010011110101000101101010011010110
000011000100110111000000000000000000000000000000000000000000000010011110101000101101010011010110
010111000011011101000000000000000000000000000000000000000000000010011110101000101101010011010110
011011010111001011000000000000000000000000000000000000000000000010011110101000101101010011010110
001010011100101011000000000000000000000000000000000000000000000010011110101000101101010011010110
110011010011011100000000000000000000000000000000000000000000000010011110101000101101010011010110
111100101011101011000000000000000000000000000000000000000000000010011110101000101101010011010110
101111100010111000000000000000000000000000000000000000000000000010011110101000101101010011010110
000011011101100100000000000000000000000000000000000000000000000010011110101000101101010011010110
001101011010110010000000000000000000000000000000000000000000000010011110101000101101010011010110
010001010010011000100000000000000000000000000000000000000000000010011110101000101101010011010110
100011000011010001000000000000000000000000000000000000000000000010011110101000101101010011010110
001011001110111011000000000000000000000000000000000000000000000010011110101000101101010011010110
100101000011101000000000000000000000000000000000000000000000000010011110101000101101010011010110
010101001000001000100000000000000000000000000000000000000000000010011110101000101101010011010110
101101001100111111000000000000000000000000000000000000000000000010011110101000101101010011010110
101110101001111001000000000000000000000000000000000000000000000010011110101000101101010011010110
010100110011111010000000000000000000000000000000000000000000000010011110101000101101010011010110
010010101011000100100000000000000000000000000000000000000000000010011110101000101101010011010110
100011101100110110000000000000000000000000000000000000000000000010011110101000101101010011010110
111111111000110101000000000000000000000000000000000000000000000010011110101000101101010011010110
111110101001000010000000000000000000000000000000000000000000000010011110101000101101010011010110
111011100010000100000000000000000000000000000000000000000000000010011110101000101101010011010110
111101000011110111000000000000000000000000000000000000000000000010011110101000101101010011010110
001011010100010110000000000000000000000000000000000000000000000010011110101000101101010011010110
111011000110010111000000000000000000000000000000000000000000000010011110101000101101010011010110
101011111101001011000000000000000000000000000000000000000000000010011110101000101101010011010110
111001001000010111000000000000000000000000000000000000000000000010011110101000101101010011010110
010100010110000011000000000000000000000000000000000000000000000010011110101000101101010011010110
010100000101110010000000000000000000000000000000000000000000000010011110101000101101010011010110
100111001011001010000000000000000000000000000000000000000000000010011110101000101101010011010110
000001001001001100000000000000000000000000000000000000000000000010011110101000101101010011010110
011110100111100101000000000000000000000000000000000000000000000010011110101000101101010011010110
010000111011100011000000000000000000000000000000000000000000000010011110101000101101010011010110
001111010010011000000000000000000000000000000000000000000000000010011110101000101101010011010110
101001101000000011000000000000000000000000000000000000000000000010011110101000101101010011010110
100110110100100100000000000000000000000000000000000000000000000010011110101000101101010011010110
101011100000101000100000000000000000000000000000000000000000000010011110101000101101010011010110
111010011001000010000000000000000000000000000000000000000000000010011110101000101101010011010110
011001000110001001000000000000000000000000000000000000000000000010011110101000101101010011010110
010100110001010110000000000000000000000000000000000000000000000010011110101000101101010011010110
010101111101001000100000000000000000000000000000000000000000000010011110101000101101010011010110
101101011100110010000000000000000000000000000000000000000000000010011110101000101101010011010110
110011110000010111000000000000000000000000000000000000000000000010011110101000101101010011010110
000001000011110011000000000000000000000000000000000000000000000010011110101000101101010011010110
100000001111110011000000000000000000000000000000000000000000000010011110101000101101010011010110
101000110011010110000000000000000000000000000000000000000000000010011110101000101101010011010110
100111110111100000000000000000000000000000000000000000000000000010011110101000101101010011010110
101010110011111100000000000000000000000000000000000000000000000010011110101000101101010011010110
001111000101001011000000000000000000000000000000000000000000000010011110101000101101010011010110
011010010000100000000000000000000000000000000000000000000000000010011110101000101101010011010110
000111000110110111000000000000000000000000000000000000000000000010011110101000101101010011010110
101100111110010000100000000000000000000000000000000000000000000010011110101000101101010011010110
000110011000001000000000000000000000000000000000000000000000000010011110101000101101010011010110
110101010010110111000000000000000000000000000000000000000000000010011110101000101101010011010110
110110110000101010000000000000000000000000000000000000000000000010011110101000101101010011010110
010010011101100101000000000000000000000000000000000000000000000010011110101000101101010011010110
010111101100100101000000000000000000000000000000000000000000000010011110101000101101010011010110
111000110110001110000000000000000000000000000000000000000000000010011110101000101101010011010110
000000101111000100000000000000000000000000000000000000000000000010011110101000101101010011010110
100101011010111011000000000000000000000000000000000000000000000010011110101000101101010011010110
111011010100010110000000000000000000000000000000000000000000000010011110101000101101010011010110
000110110000011100000000000000000000000000000000000000000000000010011110101000101101010011010110
100101100011001111000000000000000000000000000000000000000000000010011110101000101101010011010110
000010101011111000000000000000000000000000000000000000000000000010011110101000101101010011010110
110111101011110011000000000000000000000000000000000000000000000010011110101000101101010011010110
000001001011111110000000000000000000000000000000000000000000000010011110101000101101010011010110
110100011010011011000000000000000000000000000000000000000000000010011110101000101101010011010110
101010100101000011000000000000000000000000000000000000000000000010011110101000101101010011010110
100000011010000111000000000000000000000000000000000000000000000010011110101000101101010011010110
011010101010101000000000000000000000000000000000000000000000000010011110101000101101010011010110
011101111111001001000000000000000000000000000000000000000000000010011110101000101101010011010110
010010101111101101000000000000000000000000000000000000000000000010011110101000101101010011010110
001110011001111101000000000000000000000000000000000000000000000010011110101000101101010011010110
011000101111000010000000000000000000000000000000000000000000000010011110101000101101010011010110
101101000000010111000000000000000000000000000000000000000000000010011110101000101101010011010110
110100000100101000000000000000000000000000000000000000000000000010011110101000101101010011010110
010100000101011010000000000000000000000000000000000000000000000010011110101000101101010011010110
001000111011100111000000000000000000000000000000000000000000000010011110101000101101010011010110
101101011101000010000000000000000000000000000000000000000000000010011110101000101101010011010110
111010001100110101000000000000000000000000000000000000000000000010011110101000101101010011010110
110010000001101111000000000000000000000000000000000000000000000010011110101000101101010011010110
010001001101101100000000000000000000000000000000000000000000000010011110101000101101010011010110
010000000100000001000000000000000000000000000000000000000000000010011110101000101101010011010110
011010010100001101000000000000000000000000000000000000000000000010011110101000101101010011010110
111010111010111000000000000000000000000000000000000000000000000010011110101000101101010011010110
011000100001110110000000000000000000000000000000000000000000000010011110101000101101010011010110
110011011100100101000000000000000000000000000000000000000000000010011110101000101101010011010110
110001110010100000000000000000000000000000000000000000000000000010011110101000101101010011010110
001110001101100000100000000000000000000000000000000000000000000010011110101000101101010011010110
110010100001111110000000000000000000000000000000000000000000000010011110101000101101010011010110
010110000110000000100000000000000000000000000000000000000000000010011110101000101101010011010110
011000100000001011000000000000000000000000000000000000000000000010011110101000101101010011010110
011100100110100101000000000000000000000000000000000000000000000010011110101000101101010011010110
111101110101010000100000000000000000000000000000000000000000000010011110101000101101010011010110
101110111100000100100000000000000000000000000000000000000000000010011110101000101101010011010110
000010110000111011000000000000000000000000000000000000000000000010011110101000101101010011010110
000100000011110111000000000000000000000000000000000000000000000010011110101000101101010011010110
010110101000101000100000000000000000000000000000000000000000000010011110101000101101010011010110
111011100101110011000000000000000000000000000000000000000000000010011110101000101101010011010110
110111011110101000000000000000000000000000000000000000000000000010011110101000101101010011010110
100110011011111000000000000000000000000000000000000000000000000010011110101000101101010011010110
111110011000111000000000000000000000000000000000000000000000000010011110101000101101010011010110
100010110111100110000000000000000000000000000000000000000000000010011110101000101101010011010110
111001100111101010000000000000000000000000000000000000000000000010011110101000101101010011010110
101100111000100111000000000000000000000000000000000000000000000010011110101000101101010011010110
010010001011011100000000000000000000000000000000000000000000000010011110101000101101010011010110
101000001000111100000000000000000000000000000000000000000000000010011110101000101101010011010110
110001110101111100000000000000000000000000000000000000000000000010011110101000101101010011010110
101011101010110100000000000000000000000000000000000000000000000010011110101000101101010011010110
011110000001000001000000000000000000000000000000000000000000000010011110101000101101010011010110
001001010100000000100000000000000000000000000000000000000000000010011110101000101101010011010110
