111110000010000101011000010000000011011011111010010100000100110001110001001111110100010011111010
111110000010000101011000010000000011011011111010010100000100110001111100101010000110011100001010
111110000010000101011000010000000011011011111010010100000100010110011111010011000100010110011010
111110000010000101011000010000000011011011111010010100000100001100010000101111010001100100001010
111110000010000101011000010000000011011011111010010100000100000111111101111011001110001100000111
111110000010000101011000010000000011011011111010010100000100001010110100110010001011100001011011
111110000010000101011000010000000011011011111010010100000100111100000000011000010010101100110110
111110000010000101011000010000000011011011111010010100000100011001111011110110111101111001010001
111110000010000101011000010000000011011011111010010100000100000011111010110011111101100101110101
111110000010000101011000010000000011011011111010010100000100101101000000011101100111011010000100
111110000010000101011000010000000011011011111010010100000100011010011001101001011111101001110011
111110000010000101011000010000000011011011111010010100000100010000100100110101011001001110010100
111110000010000101011000010000000011011011111010010100000100101101101001001110011000110100000101
111110000010000101011000010000000011011011111010010100000100010100010010110001111000110110001010
111110000010000101011000010000000011011011111010010100000100110001000010111000011110010011110100
111110000010000101011000010000000011011011111010010100000100001101010111010011010101100101011110
111110000010000101011000010000000011011011111010010100000100101000011111110011110000011101101111
111110000010000101011000010000000011011011111010010100000100101001000011011010000111101110001110
111110000010000101011000010000000011011011111010010100000100001001011100001001010001100101001000
111110000010000101011000010000000011011011111010010100000100101100011100010010100101110101100111
111110000010000101011000010000000011011011111010010100000100011100001000000111111110001011111000
111110000010000101011000010000000011011011111010010100000100100100100101110001100100010111000100
111110000010000101011000010000000011011011111010010100000100010001100011111010101111100101011100
111110000010000101011000010000000011011011111010010100000100010111010101001011100000010001010010
111110000010000101011000010000000011011011111010010100000100011101000001110111101101011101110011
111110000010000101011000010000000011011011111010010100000100010101110010010100110000011001111110
111110000010000101011000010000000011011011111010010100000100110110000010100111010011100000001101
111110000010000101011000010000000011011011111010010100000100011100000111000100000000010100111100
111110000010000101011000010000000011011011111010010100000100010000010001100001110001110010001101
111110000010000101011000010000000011011011111010010100000100101000000101010001100001101010110100
111110000010000101011000010000000011011011111010010100000100001010110000001010010000111011101010
111110000010000101011000010000000011011011111010010100000100011100101111011011011111011011100111
111110000010000101011000010000000011011011111010010100000100100110100000000010100010010111111001
111110000010000101011000010000000011011011111010010100000100110110011011111100011110111001000010
111110000010000101011000010000000011011011111010010100000100101011011111001001101000001110001111
111110000010000101011000010000000011011011111010010100000100101110011101000110000001110010101101
111110000010000101011000010000000011011011111010010100000100000000101010110001100001110101010111
111110000010000101011000010000000011011011111010010100000100001111110101111111100111001100100010
111110000010000101011000010000000011011011111010010100000100011000110111000110101010000001010011
111110000010000101011000010000000011011011111010010100000100000010011011001011010110010101011011
111110000010000101011000010000000011011011111010010100000100001101110111011011100010001001100101
111110000010000101011000010000000011011011111010010100000100011000111000111100100100010100101000
111110000010000101011000010000000011011011111010010100000100100110001100011001101110101001010001
111110000010000101011000010000000011011011111010010100000100010001100000010000100101011110111111
111110000010000101011000010000000011011011111010010100000100101111100100101101000111110000101010
111110000010000101011000010000000011011011111010010100000100111000111011000010000101011010110110
111110000010000101011000010000000011011011111010010100000100101111101001100010101100001100000100
111110000010000101011000010000000011011011111010010100000100101001110100101100011010111001110001
111110000010000101011000010000000011011011111010010100000100100101000101111101100010100011110111
111110000010000101011000010000000011011011111010010100000100101101101101111000001010000000011100
111110000010000101011000010000000011011011111010010100000100011101101010011011010000111010110101
111110000010000101011000010000000011011011111010010100000100101001110110011000111110110000101100
111110000010000101011000010000000011011011111010010100000100110001001011110101101111111110001011
111110000010000101011000010000000011011011111010010100000100101110110100010010110010110011010110
111110000010000101011000010000000011011011111010010100000100110100010111001110110111111000101000
111110000010000101011000010000000011011011111010010100000100010000010110000010001100000111110000
111110000010000101011000010000000011011011111010010100000100001001101000110110110010000110011110
111110000010000101011000010000000011011011111010010100000100101000110100011001000011001111000101
111110000010000101011000010000000011011011111010010100000100110110101100001000111110101110010000
111110000010000101011000010000000011011011111010010100000100100110111001001011110101001111011101
111110000010000101011000010000000011011011111010010100000100010001011000100011110011100101001100
111110000010000101011000010000000011011011111010010100000100111100001001101011100101100110001111
111110000010000101011000010000000011011011111010010100000100111001111100111111001001100010110011
111110000010000101011000010000000011011011111010010100000100100110001110111011011011100000010101
111110000010000101011000010000000011011011111010010100000100100110100011110111010010011111100111
111110000010000101011000010000000011011011111010010100000100010011100000101110110011111100010111
111110000010000101011000010000000011011011111010010100000100000111110000011110001000110100110010
111110000010000101011000010000000011011011111010010100000100100000011011001010110001011111001001
111110000010000101011000010000000011011011111010010100000100100111100001001011101110011101100011
111110000010000101011000010000000011011011111010010100000100000111111101010001010010110101010111
111110000010000101011000010000000011011011111010010100000100101110100111011001010111101011110100
111110000010000101011000010000000011011011111010010100000100111111011100110110001010110110101001
111110000010000101011000010000000011011011111010010100000100011010111001010101110010100101000001
111110000010000101011000010000000011011011111010010100000100010110011100010011100100010111101100
111110000010000101011000010000000011011011111010010100000100110110101110001010001100000011111000
111110000010000101011000010000000011011011111010010100000100010010011110100000101000100100011111
111110000010000101011000010000000011011011111010010100000100011110010010100100110111110011111101
111110000010000101011000010000000011011011111010010100000100111011110111111001100011001000111111
111110000010000101011000010000000011011011111010010100000100111100000000001110011110100011101011
111110000010000101011000010000000011011011111010010100000100101011111001000001000101011101101010
111110000010000101011000010000000011011011111010010100000100100111111101010111101001011111011101
111110000010000101011000010000000011011011111010010100000100001010000100111100111111000000010110
111110000010000101011000010000000011011011111010010100000100011001010000110011011000100100100001
111110000010000101011000010000000011011011111010010100000100001011100101111111101000111001100001
111110000010000101011000010000000011011011111010010100000100010000010001111001000111000001100100
111110000010000101011000010000000011011011111010010100000100000110110001001111111110010011000010
111110000010000101011000010000000011011011111010010100000100110101001100101101001111101100100010
111110000010000101011000010000000011011011111010010100000100100100001110111000011010000101100011
111110000010000101011000010000000011011011111010010100000100101011000110010110110001101110100000
111110000010000101011000010000000011011011111010010100000100111110001100101011100011111110110100
111110000010000101011000010000000011011011111010010100000100011111110100101000101001100011010010
111110000010000101011000010000000011011011111010010100000100010011110110010110101001011001110000
111110000010000101011000010000000011011011111010010100000100001100000101100000001011010001110100
111110000010000101011000010000000011011011111010010100000100011001011011001011011000011101111010
111110000010000101011000010000000011011011111010010100000100110100110110001001001110011010100111
111110000010000101011000010000000011011011111010010100000100001110010000110100001010110010010011
111110000010000101011000010000000011011011111010010100000100110111111011100010010011111101100101
111110000010000101011000010000000011011011111010010100000100110011010100101110101001010001000010
111110000010000101011000010000000011011011111010010100000100001011110000111111000011000000101001
111110000010000101011000010000000011011011111010010100000100000101110001100110110100010101101011
111110000010000101011000010000000011011011111010010100000100010011100000010111010000110000110000
111110000010000101011000010000000011011011111010010100000100011101101101011000001010100111001100
111110000010000101011000010000000011011011111010010100000100101011001110001111100011101010000101
111110000010000101011000010000000011011011111010010100000100111100010010101001110010000111100110
111110000010000101011000010000000011011011111010010100000100111000101001011110110100010001010110
111110000010000101011000010000000011011011111010010100000100000101010100111110001101010000010111
111110000010000101011000010000000011011011111010010100000100011101001010001101000000000110111101
111110000010000101011000010000000011011011111010010100000100001011011001101110011000100010000000
111110000010000101011000010000000011011011111010010100000100010010011011110000101000111110111100
111110000010000101011000010000000011011011111010010100000100000011101001001011000100110011101010
111110000010000101011000010000000011011011111010010100000100011011001000000000010110101001100110
111110000010000101011000010000000011011011111010010100000100010011100111100100111110100110111100
111110000010000101011000010000000011011011111010010100000100011110010101101110011111101111111001
111110000010000101011000010000000011011011111010010100000100101011000101001011110101011010011100
111110000010000101011000010000000011011011111010010100000100101001011100011001100101111101100010
111110000010000101011000010000000011011011111010010100000100001011000100010101101111100111001101
111110000010000101011000010000000011011011111010010100000100011100111011011110110000100101100111
111110000010000101011000010000000011011011111010010100000100001111101111100100110111000011000000
111110000010000101011000010000000011011011111010010100000100110011010010101011000101001101111001
111110000010000101011000010000000011011011111010010100000100100100111000110100001100010001110101
111110000010000101011000010000000011011011111010010100000100101100001011111101000010000011001111
111110000010000101011000010000000011011011111010010100000100110011111110111100010011101111010001
111110000010000101011000010000000011011011111010010100000100100110101100011100001011011011110111
111110000010000101011000010000000011011011111010010100000100010100100000011100000010110100110001
111110000010000101011000010000000011011011111010010100000100100110011001111110001110110110010010
111110000010000101011000010000000011011011111010010100000100111100001111100101110100000100110101
111110000010000101011000010000000011011011111010010100000100100101110000111101000001000001101001
111110000010000101011000010000000011011011111010010100000100011110001101001011100111100000111111
111110000010000101011000010000000011011011111010010100000100010101000011010111000111101101100100
111110000010000101011000010000000011011011111010010100000100011100011101110110001001010000011000
111110000010000101011000010000000011011011111010010100000100110100111111011110010000010011111110
111110000010000101011000010000000011011011111010010100000100111010101000110111010100101010010010
111110000010000101011000010000000011011011111010010100000100010001011011010011110100011101011000
111110000010000101011000010000000011011011111010010100000100111001111000100001010101110011010101
111110000010000101011000010000000011011011111010010100000100001010110100111011100001101110011101
111110000010000101011000010000000011011011111010010100000100101111101101111101111001111101011101
111110000010000101011000010000000011011011111010010100000100111101010001110000111111000110101101
111110000010000101011000010000000011011011111010010100000100100000101011111000111001101110110100
111110000010000101011000010000000011011011111010010100000100000010010100110011000110110100111000
111110000010000101011000010000000011011011111010010100000100011101111001001011010010000011110010
111110000010000101011000010000000011011011111010010100000100001111001101001100010111001011101010
111110000010000101011000010000000011011011111010010100000100100000110100001111110000110010010001
111110000010000101011000010000000011011011111010010100000100111101110000001001111000100111101100
111110000010000101011000010000000011011011111010010100000100011110011101010001000010110000010111
111110000010000101011000010000000011011011111010010100000100000010010101100111111011111001100010
111110000010000101011000010000000011011011111010010100000100010111011100100001000101100001100110
111110000010000101011000010000000011011011111010010100000100111010001011010011110000110111001000
111110000010000101011000010000000011011011111010010100000100001100100100110011110000100110111111
111110000010000101011000010000000011011011111010010100000100011100001001110101000100110100011111
111110000010000101011000010000000011011011111010010100000100011000111011011010011011010111001001
111110000010000101011000010000000011011011111010010100000100000000111111011001000000100001101110
111110000010000101011000010000000011011011111010010100000100111100101100110101001000010100111000
111110000010000101011000010000000011011011111010010100000100010111000111110011100110100110011001
111110000010000101011000010000000011011011111010010100000100100101011010010010100010111010111000
111110000010000101011000010000000011011011111010010100000100101100001000011011011101001001100000
111110000010000101011000010000000011011011111010010100000100001000010001111110011101011000001000
111110000010000101011000010000000011011011111010010100000100001000010001011000001000100010100100
111110000010000101011000010000000011011011111010010100000100100001100000101001001000010010101110
111110000010000101011000010000000011011011111010010100000100000011010000101000101010001011000011
111110000010000101011000010000000011011011111010010100000100100110011010110111000001000101000110
111110000010000101011000010000000011011011111010010100000100100111101011011011110101111100010111
111110000010000101011000010000000011011011111010010100000100010111111000110100100110000111101000
111110000010000101011000010000000011011011111010010100000100101010111000111111001001101110010101
111110000010000101011000010000000011011011111010010100000100111111100110101100110100001001010011
111110000010000101011000010000000011011011111010010100000100111000001010011001000010111101100101
111110000010000101011000010000000011011011111010010100000100101111001001101100011101101110001010
111110000010000101011000010000000011011011111010010100000100111011000111000001000100111110110001
111110000010000101011000010000000011011011111010010100000100111111111010110111101011000100100100
111110000010000101011000010000000011011011111010010100000100111011111011111011101011001110111110
111110000010000101011000010000000011011011111010010100000100001001001011001011100000000111100110
111110000010000101011000010000000011011011111010010100000100001000101010001110110111011110011011
111110000010000101011000010000000011011011111010010100000100010011010100100001010111000101011000
111110000010000101011000010000000011011011111010010100000100111111110000010010101110110111010001
111110000010000101011000010000000011011011111010010100000100110001101100011101110001101011100000
111110000010000101011000010000000011011011111010010100000100101011001000101100100100010111000011
111110000010000101011000010000000011011011111010010100000100000101001011111000110010111101111110
111110000010000101011000010000000011011011111010010100000100100100110010111100001000010011011111
111110000010000101011000010000000011011011111010010100000100000111000010010111101001110100010110
111110000010000101011000010000000011011011111010010100000100111001011100111111000110010010010010
111110000010000101011000010000000011011011111010010100000100001010000100000001001000101011101000
111110000010000101011000010000000011011011111010010100000100111011111100101111000000111110010101
111110000010000101011000010000000011011011111010010100000100101000011010010000111100001110011011
111110000010000101011000010000000011011011111010010100000100011101000100110100001101100101011010
111110000010000101011000010000000011011011111010010100000100110000111010101000011000001000000010
111110000010000101011000010000000011011011111010010100000100010011001111010011101111011001110010
111110000010000101011000010000000011011011111010010100000100111001001011111100110110001001000010
111110000010000101011000010000000011011011111010010100000100100000011000001110110100101111000100
111110000010000101011000010000000011011011111010010100000100110100101010001011011011101110000011
111110000010000101011000010000000011011011111010010100000100111010110001010000100111010010000001
111110000010000101011000010000000011011011111010010100000100110000111001000111000000101001101111
111110000010000101011000010000000011011011111010010100000100101100111111011001001100101010000100
111110000010000101011000010000000011011011111010010100000100001001010111011111011001110000001000
111110000010000101011000010000000011011011111010010100000100001110011001011101101001010110010000
111110000010000101011000010000000011011011111010010100000100001000110010100100010010011110000010
111110000010000101011000010000000011011011111010010100000100110010100010100111101100100011001101
111110000010000101011000010000000011011011111010010100000100100100101011100010100110001011111111
111110000010000101011000010000000011011011111010010100000100010010001010000110111111000001010100
111110000010000101011000010000000011011011111010010100000100000011001010001110011010000011110111
111110000010000101011000010000000011011011111010010100000100011110101110011100000000100001101001
111110000010000101011000010000000011011011111010010100000100100101100100011110111110011010000111
111110000010000101011000010000000011011011111010010100000100111000001110101001111110010000000000
111110000010000101011000010000000011011011111010010100000100010010100100011111000100100001010000
111110000010000101011000010000000011011011111010010100000100000110011101100100100011100000001011
111110000010000101011000010000000011011011111010010100000100011000111011011000001001001111111000
111110000010000101011000010000000011011011111010010100000100000001011001100001111010100101011100
111110000010000101011000010000000011011011111010010100000100110100101011110011110010000010101100
111110000010000101011000010000000011011011111010010100000100101111110010010110110110000101110011
111110000010000101011000010000000011011011111010010100000100100011010011101001101101110001110101
111110000010000101011000010000000011011011111010010100000100001010010110110000011100100010000100
111110000010000101011000010000000011011011111010010100000100100001010000000011100010001011010101
111110000010000101011000010000000011011011111010010100000100111000010100000011000000100010100001
111110000010000101011000010000000011011011111010010100000100000001101010111110110111101101111001
111110000010000101011000010000000011011011111010010100000100011110100111001101000000011110100000
111110000010000101011000010000000011011011111010010100000100111001110100001100101011100010010000
111110000010000101011000010000000011011011111010010100000100110111110100001110001111011010101000
111110000010000101011000010000000011011011111010010100000100111100101011010010100100100011111010
111110000010000101011000010000000011011011111010010100000100101101000011110101100010100000001000
111110000010000101011000010000000011011011111010010100000100001111001000001000100011001110001111
111110000010000101011000010000000011011011111010010100000100011010100010101110001001011011010000
111110000010000101011000010000000011011011111010010100000100010011100010101011000100000100011011
111110000010000101011000010000000011011011111010010100000100010010111010111100101110001110011101
111110000010000101011000010000000011011011111010010100000100011100001000111010010011101110010011
111110000010000101011000010000000011011011111010010100000100010110000111001101001011111110101000
111110000010000101011000010000000011011011111010010100000100101011100100010010011011000110000101
111110000010000101011000010000000011011011111010010100000100110010110001110011100001100000011110
111110000010000101011000010000000011011011111010010100000100100101111000000110010101010011110010
111110000010000101011000010000000011011011111010010100000100100110110011001010000010101000111101
111110000010000101011000010000000011011011111010010100000100000110000011111001101101001100001000
111110000010000101011000010000000011011011111010010100000100111100100001010100110110010101011100
111110000010000101011000010000000011011011111010010100000100100101011111000100000011011000011101
111110000010000101011000010000000011011011111010010100000100100110101101110000010011010010010011
111110000010000101011000010000000011011011111010010100000100001011000001100100000001011010011111
111110000010000101011000010000000011011011111010010100000100001011100110001011010001110000001010
111110000010000101011000010000000011011011111010010100000100010010011010100100000011010110001011
111110000010000101011000010000000011011011111010010100000100010111010010010100001110111011000110
111110000010000101011000010000000011011011111010010100000100001000011101110100001011011000011010
111110000010000101011000010000000011011011111010010100000100110001110111010000100101000100000101
111110000010000101011000010000000011011011111010010100000100000101101001000010100001011111010111
111110000010000101011000010000000011011011111010010100000100100100010011001111010111100011111100
111110000010000101011000010000000011011011111010010100000100101101001110110110110000001010010110
111110000010000101011000010000000011011011111010010100000100110011011101111111100111110010010010
111110000010000101011000010000000011011011111010010100000100110110000011010010100110011000111011
111110000010000101011000010000000011011011111010010100000100100011101101011000000111001011110010
111110000010000101011000010000000011011011111010010100000100001001111011000100001010101101100011
111110000010000101011000010000000011011011111010010100000100100100100010100000001110010000111110
111110000010000101011000010000000011011011111010010100000100011111100010010000110011001001110100
111110000010000101011000010000000011011011111010010100000100111100100000011011101011101001101111
111110000010000101011000010000000011011011111010010100000100110001100001110101100000001110100001
111110000010000101011000010000000011011011111010010100000100101000001100000011110011000011100100
111110000010000101011000010000000011011011111010010100000100110001000110011011100100100111110010
111110000010000101011000010000000011011011111010010100000100011101010101101000100010011000111000
111110000010000101011000010000000011011011111010010100000100101100000011111011011000000100110110
111110000010000101011000010000000011011011111010010100000100100110010001101001000001000011110010
111110000010000101011000010000000011011011111010010100000100111010110101100101010110100110110000
111110000010000101011000010000000011011011111010010100000100100110011101000010010101000100010011
111110000010000101011000010000000011011011111010010100000100100010111001111101110101010100011100
111110000010000101011000010000000011011011111010010100000100111001100100101111010000001001011101
111110000010000101011000010000000011011011111010010100000100110001111010100101110110001110101000
111110000010000101011000010000000011011011111010010100000100101111011001101110011011111010000001
111110000010000101011000010000000011011011111010010100000100111101000000001110101100000110000000
111110000010000101011000010000000011011011111010010100000100001010010001100111110000111101000110
111110000010000101011000010000000011011011111010010100000100101110111100010100101110110000100011
111110000010000101011000010000000011011011111010010100000100110111000000000000011001000000001111
111110000010000101011000010000000011011011111010010100000100010111010000110010100010011001011010
111110000010000101011000010000000011011011111010010100000100110101100101111110010101001000001011
111110000010000101011000010000000011011011111010010100000100101101101100010101011001101110011011
111110000010000101011000010000000011011011111010010100000100111001110011100110001101110100111001
111110000010000101011000010000000011011011111010010100000100011001010001000010110101010001010110
111110000010000101011000010000000011011011111010010100000100111110010110111110100011010110000001
111110000010000101011000010000000011011011111010010100000100111000010011111111011110100011011111
111110000010000101011000010000000011011011111010010100000100000011001001100101000000000010100101
111110000010000101011000010000000011011011111010010100000100001011101101010011011110111010000111
111110000010000101011000010000000011011011111010010100000100010111001011001111001010111101010001
111110000010000101011000010000000011011011111010010100000100000011101000010011101000011011011001
111110000010000101011000010000000011011011111010010100000100000001010001101101001100111001100111
111110000010000101011000010000000011011011111010010100000100010011001101000110101011000001100111
111110000010000101011000010000000011011011111010010100000100101010100011111000100010111011111111
111110000010000101011000010000000011011011111010010100000100101100011011010110010011000001000101
111110000010000101011000010000000011011011111010010100000100101100000100010101111010100001010011
111110000010000101011000010000000011011011111010010100000100010101010010011100110000000101101111
111110000010000101011000010000000011011011111010010100000100101100101110101010001110010011001000
111110000010000101011000010000000011011011111010010100000100011011110100111011111010011000010101
111110000010000101011000010000000011011011111010010100000100111010100100011100010011101001000111
111110000010000101011000010000000011011011111010010100000100110100011001001101011000111101011010
111110000010000101011000010000000011011011111010010100000100000011111000010110111011001100000111
111110000010000101011000010000000011011011111010010100000100101001101100000101100110100111110111
111110000010000101011000010000000011011011111010010100000100100111010010111000111001001010110000
111110000010000101011000010000000011011011111010010100000100010011001100110000111100111110100111
111110000010000101011000010000000011011011111010010100000100000110111000111111000011010101111011
111110000010000101011000010000000011011011111010010100000100100110110000100110101010001010101111
111110000010000101011000010000000011011011111010010100000100111001001011110011110000100000110110
111110000010000101011000010000000011011011111010010100000100011001000010101100001011100010010100
111110000010000101011000010000000011011011111010010100000100001010011010011001111001010011001111
111110000010000101011000010000000011011011111010010100000100110001100000101101101101111011000010
111110000010000101011000010000000011011011111010010100000100001011010100011111000100101111100110
111110000010000101011000010000000011011011111010010100000100001001101011000110000010101110101000
111110000010000101011000010000000011011011111010010100000100101111010110011111010100010000101110
111110000010000101011000010000000011011011111010010100000100111010010100110111001011010101100000
111110000010000101011000010000000011011011111010010100000100100001111010000010100111101101001010
111110000010000101011000010000000011011011111010010100000100001011111111111111010001011111100101
111110000010000101011000010000000011011011111010010100000100101101000111100100110011010100111010
111110000010000101011000010000000011011011111010010100000100001111110100000010100110110100010100
111110000010000101011000010000000011011011111010010100000100111011100000000110100110001111000110
111110000010000101011000010000000011011011111010010100000100110010011000000000011001001110011110
111110000010000101011000010000000011011011111010010100000100100110111101000011101110011011111110
111110000010000101011000010000000011011011111010010100000100110001101010001101100101111000110000
111110000010000101011000010000000011011011111010010100000100010100001101001010000110001100101001
111110000010000101011000010000000011011011111010010100000100010100000010100111000011011011000100
111110000010000101011000010000000011011011111010010100000100111111001011100000111100111000010100
111110000010000101011000010000000011011011111010010100000100110001110001000010001000100100010000
111110000010000101011000010000000011011011111010010100000100000010011010111011000100111100110001
111110000010000101011000010000000011011011111010010100000100000110111000110110001110011110101111
111110000010000101011000010000000011011011111010010100000100001110111110001101001110110111100001
111110000010000101011000010000000011011011111010010100000100000101011010100011110101001010110110
111110000010000101011000010000000011011011111010010100000100110110100100111010000011001001100011
111110000010000101011000010000000011011011111010010100000100000001100001001101011100111110110100
111110000010000101011000010000000011011011111010010100000100000110011110101101010100000001110111
111110000010000101011000010000000011011011111010010100000100001001011100011010101101111000111100
111110000010000101011000010000000011011011111010010100000100011100011101010100011010111010000111
111110000010000101011000010000000011011011111010010100000100110001000010101011000110010001101010
111110000010000101011000010000000011011011111010010100000100010110011111100010110110000101111111
111110000010000101011000010000000011011011111010010100000100111101000100110101100100110010000111
111110000010000101011000010000000011011011111010010100000100101001100111000010010100110101100110
111110000010000101011000010000000011011011111010010100000100110101000111000001100010101011010101
111110000010000101011000010000000011011011111010010100000100110011000111110001011011111110010000
111110000010000101011000010000000011011011111010010100000100100110100101011100011010001001101011
111110000010000101011000010000000011011011111010010100000100010000101010110111010011101010001111
111110000010000101011000010000000011011011111010010100000100001011001010110110101010010100100111
111110000010000101011000010000000011011011111010010100000100111001111101001100001110011000011000
111110000010000101011000010000000011011011111010010100000100010000110100011001101011011000111011
111110000010000101011000010000000011011011111010010100000100001100100010010111000011111010100011
111110000010000101011000010000000011011011111010010100000100001100011100111111011101001010110010
111110000010000101011000010000000011011011111010010100000100100000011111101011011101011111001110
111110000010000101011000010000000011011011111010010100000100000100100001101000101001000011110011
111110000010000101011000010000000011011011111010010100000100111101000011111101100100001101011000
111110000010000101011000010000000011011011111010010100000100010101110010001100001011110110010101
111110000010000101011000010000000011011011111010010100000100100110100101001111110110010000110000
111110000010000101011000010000000011011011111010010100000100001001010110110001000000001100010110
111110000010000101011000010000000011011011111010010100000100111010101100111000000011000100010101
111110000010000101011000010000000011011011111010010100000100110001000111011101101101110100101101
111110000010000101011000010000000011011011111010010100000100001000110011101100000000011010110111
111110000010000101011000010000000011011011111010010100000100010101011000101100110101011110000010
111110000010000101011000010000000011011011111010010100000100000010011011010100100001100101010010
111110000010000101011000010000000011011011111010010100000100010101011000111101001011010100010101
111110000010000101011000010000000011011011111010010100000100111001100101011011101011110010000001
111110000010000101011000010000000011011011111010010100000100101011001000110111001001110101000011
111110000010000101011000010000000011011011111010010100000100100000110000010100110100100010000011
111110000010000101011000010000000011011011111010010100000100101101011111101001001100001011010010
111110000010000101011000010000000011011011111010010100000100001110101000111101001100100111001111
111110000010000101011000010000000011011011111010010100000100101100011000011011011010110111101110
111110000010000101011000010000000011011011111010010100000100100100100000111011101000101110001011
111110000010000101011000010000000011011011111010010100000100111110001110000001000110111110010001
111110000010000101011000010000000011011011111010010100000100110000111010111011011101010000011100
111110000010000101011000010000000011011011111010010100000100001011111111111000010010000001000101
111110000010000101011000010000000011011011111010010100000100001010111001001011111010101000011100
111110000010000101011000010000000011011011111010010100000100000000101110010110001000000010111010
111110000010000101011000010000000011011011111010010100000100011011111011111101011110001100110110
111110000010000101011000010000000011011011111010010100000100101010111101000111000000011100011001
111110000010000101011000010000000011011011111010010100000100011111001011111111100110110001011000
111110000010000101011000010000000011011011111010010100000100111111110110110111001010111111010100
111110000010000101011000010000000011011011111010010100000100101010010100110110100000001101110100
111110000010000101011000010000000011011011111010010100000100010100110011110110001111010000111110
111110000010000101011000010000000011011011111010010100000100001011100001111101010000100001111001
111110000010000101011000010000000011011011111010010100000100000101110111001000001001010011010100
111110000010000101011000010000000011011011111010010100000100011001111100000000011001111110100010
111110000010000101011000010000000011011011111010010100000100101010111011111011111100100011110100
111110000010000101011000010000000011011011111010010100000100110101011110110011110100101110010111
111110000010000101011000010000000011011011111010010100000100110110110011100111101000110011100000
111110000010000101011000010000000011011011111010010100000100100110110001011011001111110010000101
111110000010000101011000010000000011011011111010010100000100110000101111111011000110110001011001
111110000010000101011000010000000011011011111010010100000100101011000000000001111001010110011011
111110000010000101011000010000000011011011111010010100000100110001001100111110100101101001100111
111110000010000101011000010000000011011011111010010100000100111101010100001010001010010001000000
111110000010000101011000010000000011011011111010010100000100010000010110101000101110001111011100
111110000010000101011000010000000011011011111010010100000100101110100110010001110001010110101101
111110000010000101011000010000000011011011111010010100000100111010100001000000010101100111111100
111110000010000101011000010000000011011011111010010100000100010001010111110001001010000110011001
111110000010000101011000010000000011011011111010010100000100011100011000111101110100011010001101
111110000010000101011000010000000011011011111010010100000100000101110001101010010100110010011000
111110000010000101011000010000000011011011111010010100000100010001011110110011111011110010011110
111110000010000101011000010000000011011011111010010100000100110011100110001010110001000010111010
111110000010000101011000010000000011011011111010010100000100110000111011001010011111100000011101
111110000010000101011000010000000011011011111010010100000100110100000001111110111111111111000011
111110000010000101011000010000000011011011111010010100000100000001010111000111011001110001100010
111110000010000101011000010000000011011011111010010100000100010010001111111111001111101010000100
111110000010000101011000010000000011011011111010010100000100100011000101010100111000100110011111
111110000010000101011000010000000011011011111010010100000100101110110111111000100101011001011101
111110000010000101011000010000000011011011111010010100000100100011100010110000100001101000111011
111110000010000101011000010000000011011011111010010100000100001000111110001011011110010000100101
111110000010000101011000010000000011011011111010010100000100001110101001010111111011000100011111
111110000010000101011000010000000011011011111010010100000100111100110110000111100100100000101101
111110000010000101011000010000000011011011111010010100000100001100000010000010110011010100001011
111110000010000101011000010000000011011011111010010100000100101111010011110111111001010110011010
111110000010000101011000010000000011011011111010010100000100100010010011100010110000001101100001
111110000010000101011000010000000011011011111010010100000100100110111111110000101010011000001001
111110000010000101011000010000000011011011111010010100000100000000000011110011000111111101011111
111110000010000101011000010000000011011011111010010100000100101110100101010000011101101101101101
111110000010000101011000010000000011011011111010010100000100101010001010100100111111110011101110
111110000010000101011000010000000011011011111010010100000100001101101111111010010011001011001010
111110000010000101011000010000000011011011111010010100000100111001101000110110010001110010100010
111110000010000101011000010000000011011011111010010100000100100010100101011110100001010000010000
111110000010000101011000010000000011011011111010010100000100110100011100110001110001011101100101
111110000010000101011000010000000011011011111010010100000100000111001110011100010010011110001011
111110000010000101011000010000000011011011111010010100000100011101101111000101011111011000101001
111110000010000101011000010000000011011011111010010100000100100100000010000111100110111011011010
111110000010000101011000010000000011011011111010010100000100110011111101101011000111110000011011
111110000010000101011000010000000011011011111010010100000100000000000000000111101001110111110111
111110000010000101011000010000000011011011111010010100000100010001101111000000111000110101101001
111110000010000101011000010000000011011011111010010100000100011001100000101100000000001000100010
111110000010000101011000010000000011011011111010010100000100101111100000100100010011011110110110
111110000010000101011000010000000011011011111010010100000100000110011111111100110100100101111010
111110000010000101011000010000000011011011111010010100000100110111001110100011111101010000011011
111110000010000101011000010000000011011011111010010100000100010101000011100110111011111011000101
111110000010000101011000010000000011011011111010010100000100111010110000110001011001000001010110
111110000010000101011000010000000011011011111010010100000100100100000111010000110111101100101000
111110000010000101011000010000000011011011111010010100000100001001011101000000001110111110000110
111110000010000101011000010000000011011011111010010100000100001110110111010101000000001000100011
111110000010000101011000010000000011011011111010010100000100011000010010010111010110000010111010
111110000010000101011000010000000011011011111010010100000100100001010100000110111101011100100101
111110000010000101011000010000000011011011111010010100000100110000000111000000000010101110101001
111110000010000101011000010000000011011011111010010100000100100100100111110001000100111010001011
111110000010000101011000010000000011011011111010010100000100011100001000010000100111100110110001
111110000010000101011000010000000011011011111010010100000100110011011100101101001000111000111111
111110000010000101011000010000000011011011111010010100000100011111110011101101001111001010111111
111110000010000101011000010000000011011011111010010100000100000011111001000101110000011101101001
111110000010000101011000010000000011011011111010010100000100111010110010110110011000011010010110
111110000010000101011000010000000011011011111010010100000100101111000111001110011111110100001011
111110000010000101011000010000000011011011111010010100000100101011001110001011000010101001000001
111110000010000101011000010000000011011011111010010100000100001010101011011001111011010100011000
111110000010000101011000010000000011011011111010010100000100111000100101010001110000100101011101
111110000010000101011000010000000011011011111010010100000100101101011110001111111001000101101111
111110000010000101011000010000000011011011111010010100000100000110110011110000010011101111001101
111110000010000101011000010000000011011011111010010100000100011111011100100001000101100001101110
111110000010000101011000010000000011011011111010010100000100111110110011000001110011011110111010
111110000010000101011000010000000011011011111010010100000100101101100100000100111110000010010111
111110000010000101011000010000000011011011111010010100000100110000101001111101110011111000001000
111110000010000101011000010000000011011011111010010100000100010101101111010001110111010010000101
111110000010000101011000010000000011011011111010010100000100000010000111111001010000111000111111
111110000010000101011000010000000011011011111010010100000100001001101111001110010000001111011011
111110000010000101011000010000000011011011111010010100000100010000000010001010110001110111111000
111110000010000101011000010000000011011011111010010100000100000000110110111111000001101011000110
111110000010000101011000010000000011011011111010010100000100001001001001010010100001010101000110
111110000010000101011000010000000011011011111010010100000100101000010100111110010011010110001100
111110000010000101011000010000000011011011111010010100000100001110001010000001011100100111100010
111110000010000101011000010000000011011011111010010100000100110001011111101100011001100110111111
111110000010000101011000010000000011011011111010010100000100110011011100000110011011010111101001
111110000010000101011000010000000011011011111010010100000100001110011001110101110000100100101101
111110000010000101011000010000000011011011111010010100000100101000001101100110100000001011100110
111110000010000101011000010000000011011011111010010100000100011101000001011100111100101000010010
111110000010000101011000010000000011011011111010010100000100011000110010101101100111100110111111
111110000010000101011000010000000011011011111010010100000100011010001111000100001011100111010011
111110000010000101011000010000000011011011111010010100000100101101111100010101001101100110000000
111110000010000101011000010000000011011011111010010100000100101010000110110011100100111111000001
111110000010000101011000010000000011011011111010010100000100100010100101100111011010100000011111
111110000010000101011000010000000011011011111010010100000100101010110001111001110001001000111111
111110000010000101011000010000000011011011111010010100000100011100111110100100011101011111011100
111110000010000101011000010000000011011011111010010100000100011001100111011001101101001001011100
111110000010000101011000010000000011011011111010010100000100110011111100110111110101000001011110
111110000010000101011000010000000011011011111010010100000100110000100000100100111000100001010011
111110000010000101011000010000000011011011111010010100000100010110101001011001100111010101001111
111110000010000101011000010000000011011011111010010100000100011000000011100110100110101011001110
111110000010000101011000010000000011011011111010010100000100011111101101000010000111011000101111
111110000010000101011000010000000011011011111010010100000100110001011010110110010101000101000100
111110000010000101011000010000000011011011111010010100000100110010011000110111111111111001001111
111110000010000101011000010000000011011011111010010100000100100011110001001111001100101001111011
111110000010000101011000010000000011011011111010010100000100100010110010100001010101000000111100
111110000010000101011000010000000011011011111010010100000100011100010111000100100010011010010111
111110000010000101011000010000000011011011111010010100000100001001110010000111001010101111101010
111110000010000101011000010000000011011011111010010100000100000001111011010101000110010000000101
111110000010000101011000010000000011011011111010010100000100011110110110000101101100000000000111
111110000010000101011000010000000011011011111010010100000100111110111111011000010101001001010100
111110000010000101011000010000000011011011111010010100000100101100110101101101001011110100001001
111110000010000101011000010000000011011011111010010100000100011010010111001000100111100011111101
111110000010000101011000010000000011011011111010010100000100101010001110101000000100100110010111
111110000010000101011000010000000011011011111010010100000100001001111101001000011010001101100001
111110000010000101011000010000000011011011111010010100000100010110001001010000000011010000011000
111110000010000101011000010000000011011011111010010100000100101100111000101011010000010010111000
111110000010000101011000010000000011011011111010010100000100100101011110011101100000001000100101
111110000010000101011000010000000011011011111010010100000100000111010000101111101011100101000100
111110000010000101011000010000000011011011111010010100000100101011000010001010101011000000101001
111110000010000101011000010000000011011011111010010100000100111001100100001001010000110011110110
111110000010000101011000010000000011011011111010010100000100111111011100100010100100010001011000
111110000010000101011000010000000011011011111010010100000100010110000110011011000010101001111001
111110000010000101011000010000000011011011111010010100000100000111000101010000100101001110110010
111110000010000101011000010000000011011011111010010100000100010010011010111000010001001011110111
111110000010000101011000010000000011011011111010010100000100011010101011000101100110101111010010
111110000010000101011000010000000011011011111010010100000100111100000101000100110111000111000001
111110000010000101011000010000000011011011111010010100000100101000110101000000010001001101101010
111110000010000101011000010000000011011011111010010100000100100100001110101011100001110100111010
111110000010000101011000010000000011011011111010010100000100011011110111000011111000110011100111
111110000010000101011000010000000011011011111010010100000100011101110111100011010010110011011111
111110000010000101011000010000000011011011111010010100000100011011011110101000101001110101010011
111110000010000101011000010000000011011011111010010100000100010100010010010101011001000100110100
111110000010000101011000010000000011011011111010010100000100011110100100101011100100100010100111
111110000010000101011000010000000011011011111010010100000100100010010111000001100111011000010111
111110000010000101011000010000000011011011111010010100000100100110111111111010110010100110011101
111110000010000101011000010000000011011011111010010100000100011110010001110011111100001101001110
111110000010000101011000010000000011011011111010010100000100001010011101000111000001000111101100
111110000010000101011000010000000011011011111010010100000100101101010001100010001011000111101010
111110000010000101011000010000000011011011111010010100000100011010011001000111101111001000000001
111110000010000101011000010000000011011011111010010100000100110010010101010010110000100001100110
111110000010000101011000010000000011011011111010010100000100011110001000011000101101111011100100
111110000010000101011000010000000011011011111010010100000100111010000110011010110100110111100011
111110000010000101011000010000000011011011111010010100000100110011010111001100011010000010011101
111110000010000101011000010000000011011011111010010100000100011100010010000000111111110000010101
111110000010000101011000010000000011011011111010010100000100101000010000001010001111100110000110
111110000010000101011000010000000011011011111010010100000100011001001100001001011011100010111100
111110000010000101011000010000000011011011111010010100000100100001111110000011011011011100110100
111110000010000101011000010000000011011011111010010100000100101111100010110010100001101100101101
111110000010000101011000010000000011011011111010010100000100010100110011100001000000010100101111
111110000010000101011000010000000011011011111010010100000100100001111101101011100001011110110011
111110000010000101011000010000000011011011111010010100000100011111111100011000011010100011111101
111110000010000101011000010000000011011011111010010100000100010101100110010110100110011101001010
111110000010000101011000010000000011011011111010010100000100111011110110010001011010001101000111
111110000010000101011000010000000011011011111010010100000100001000100011011101110110111010110100
111110000010000101011000010000000011011011111010010100000100011100000000010111111001101101110100
111110000010000101011000010000000011011011111010010100000100100010000100110110101111001011001011
111110000010000101011000010000000011011011111010010100000100001111101101011110110011101101010110
111110000010000101011000010000000011011011111010010100000100101101110100001001000011111011011001
111110000010000101011000010000000011011011111010010100000100001011001100110111111001100001010101
111110000010000101011000010000000011011011111010010100000100111000110011010101011000000111011111
111110000010000101011000010000000011011011111010010100000100110101001001101110110111011000000111
111110000010000101011000010000000011011011111010010100000100111111000100100111100001110100101011
111110000010000101011000010000000011011011111010010100000100111001110111101111001101101101010101
111110000010000101011000010000000011011011111010010100000100100000100110001100011000001101010110
111110000010000101011000010000000011011011111010010100000100101010001000101010100100100110101101
111110000010000101011000010000000011011011111010010100000100101001111101010110001000010011101101
111110000010000101011000010000000011011011111010010100000100000100101100101010010010000110011111
111110000010000101011000010000000011011011111010010100000100100000000101010000010011110000000010
111110000010000101011000010000000011011011111010010100000100111010001101100110010110010010110011
111110000010000101011000010000000011011011111010010100000100111010111101001000001001101100001110
111110000010000101011000010000000011011011111010010100000100110100010111001000011101101000101101
111110000010000101011000010000000011011011111010010100000100001000111011000010111011111000100101
111110000010000101011000010000000011011011111010010100000100011010000101100111110011101111000101
111110000010000101011000010000000011011011111010010100000100000101110100100011101101110110010011
111110000010000101011000010000000011011011111010010100000100101001110101100010000010001000101011
111110000010000101011000010000000011011011111010010100000100101111010011000100110001011111011101
111110000010000101011000010000000011011011111010010100000100010001010000011101000010110111111100
111110000010000101011000010000000011011011111010010100000100011100011100011010000110110010100111
111110000010000101011000010000000011011011111010010100000100011011111110100101111000001101010011
111110000010000101011000010000000011011011111010010100000100001100000110100101001000101111101011
111110000010000101011000010000000011011011111010010100000100111010011110001100101111001001100111
111110000010000101011000010000000011011011111010010100000100111110001001000010101101101100001111
111110000010000101011000010000000011011011111010010100000100111001010100010010011001100001011101
111110000010000101011000010000000011011011111010010100000100001001010001000010110111000101000111
111110000010000101011000010000000011011011111010010100000100101110000101111011000011001011011001
111110000010000101011000010000000011011011111010010100000100101111011100011010000100111101110110
111110000010000101011000010000000011011011111010010100000100110011000100010101011100000010010011
111110000010000101011000010000000011011011111010010100000100101101110101100110011011011111111000
111110000010000101011000010000000011011011111010010100000100100111000111111111110101111111001101
111110000010000101011000010000000011011011111010010100000100001010111001000101100000011101111010
111110000010000101011000010000000011011011111010010100000100111000110111011101011101011101000011
111110000010000101011000010000000011011011111010010100000100100101110111011110101100010001010011
111110000010000101011000010000000011011011111010010100000100000111101110011101111010010001001100
111110000010000101011000010000000011011011111010010100000100011101011111000011101000000000000100
111110000010000101011000010000000011011011111010010100000100101010100111010110001000111100111111
111110000010000101011000010000000011011011111010010100000100100000010100001001111011001000010000
111110000010000101011000010000000011011011111010010100000100100000101010010010100000110000010011
111110000010000101011000010000000011011011111010010100000100001010101110011110111100001001001010
111110000010000101011000010000000011011011111010010100000100011110010011001010111010100100110011
111110000010000101011000010000000011011011111010010100000100101101101011101000101110100101001011
111110000010000101011000010000000011011011111010010100000100111101001100100111100000011011000011
111110000010000101011000010000000011011011111010010100000100010110011110010101010110010100000111
111110000010000101011000010000000011011011111010010100000100010110110100100100001001101000011001
111110000010000101011000010000000011011011111010010100000100010000100100010000001010000111100100
111110000010000101011000010000000011011011111010010100000100000000111111011011000101100111101100
111110000010000101011000010000000011011011111010010100000100111011010110111000000101000000110100
111110000010000101011000010000000011011011111010010100000100110010101110100000111111011101000010
111110000010000101011000010000000011011011111010010100000100111110010000111100011000011101011001
111110000010000101011000010000000011011011111010010100000100110100010101100011000011110010010000
111110000010000101011000010000000011011011111010010100000100111111100011110101001101011011000111
111110000010000101011000010000000011011011111010010100000100101011110101110101000101100000101111
111110000010000101011000010000000011011011111010010100000100101110000000111011110010001100011101
111110000010000101011000010000000011011011111010010100000100110001001110001110110101010010101101
111110000010000101011000010000000011011011111010010100000100010111011101010111001001000001111001
111110000010000101011000010000000011011011111010010100000100111011110011111010100101000110111001
111110000010000101011000010000000011011011111010010100000100000001010010011000011010010111000000
111110000010000101011000010000000011011011111010010100000100100100111111100001101001111011110011
111110000010000101011000010000000011011011111010010100000100011100100001010101111001111110111100
111110000010000101011000010000000011011011111010010100000100011101100110111011010101000110100000
111110000010000101011000010000000011011011111010010100000100101011001010011011111010000000001010
111110000010000101011000010000000011011011111010010100000100101011110100000011111111100101010110
111110000010000101011000010000000011011011111010010100000100001100110101100110011110110100100101
111110000010000101011000010000000011011011111010010100000100111011110110101111111111101000001011
111110000010000101011000010000000011011011111010010100000100000001111101101001001001011111010000
111110000010000101011000010000000011011011111010010100000100010000000110001001011011001000101110
111110000010000101011000010000000011011011111010010100000100101110110111001011000100000011001011
111110000010000101011000010000000011011011111010010100000100011100011110010000001101011001010010
111110000010000101011000010000000011011011111010010100000100111001110101101100011101001011100011
111110000010000101011000010000000011011011111010010100000100100001010101100100111101011100111100
111110000010000101011000010000000011011011111010010100000100001100100000100001110100101100110000
111110000010000101011000010000000011011011111010010100000100101111000010100101010101101001100000
111110000010000101011000010000000011011011111010010100000100000010101110100101111100001010001011
111110000010000101011000010000000011011011111010010100000100001011010011011000001100000001101000
111110000010000101011000010000000011011011111010010100000100011000111111010100110101001101101000
111110000010000101011000010000000011011011111010010100000100101010011101001111111111011000000010
111110000010000101011000010000000011011011111010010100000100101011100010011001100010000110000101
111110000010000101011000010000000011011011111010010100000100101111001010001101011001000000111101
111110000010000101011000010000000011011011111010010100000100000001111111110010011010110000010101
111110000010000101011000010000000011011011111010010100000100101101000010101111110011111110010001
111110000010000101011000010000000011011011111010010100000100110100100100011010000010011101001101
111110000010000101011000010000000011011011111010010100000100101100110110110001100001010110001011
111110000010000101011000010000000011011011111010010100000100100000101100011010011010101011011000
111110000010000101011000010000000011011011111010010100000100000110011110011111000111101100000110
111110000010000101011000010000000011011011111010010100000100111101011001011010101011000001010100
111110000010000101011000010000000011011011111010010100000100100111011100000001011111011001011111
111110000010000101011000010000000011011011111010010100000100110000001000101110000110000100111111
111110000010000101011000010000000011011011111010010100000100010111110101101001001011011101001010
111110000010000101011000010000000011011011111010010100000100110100111011010011101011000101010101
111110000010000101011000010000000011011011111010010100000100100010111101010110001110100010011011
111110000010000101011000010000000011011011111010010100000100000100101000110010110111101110010000
111110000010000101011000010000000011011011111010010100000100111100010011011010101101101011100100
111110000010000101011000010000000011011011111010010100000100010101001101011000101011100000100011
111110000010000101011000010000000011011011111010010100000100010100001100101000110000101101101101
111110000010000101011000010000000011011011111010010100000100010011000110110011010010001101100100
111110000010000101011000010000000011011011111010010100000100000001111000110010010000010101000010
111110000010000101011000010000000011011011111010010100000100011000101101111000111111110001001001
111110000010000101011000010000000011011011111010010100000100000100010010010001000011001101010010
111110000010000101011000010000000011011011111010010100000100101001011000001000101100001011101011
111110000010000101011000010000000011011011111010010100000100011100111001110110101001111101000001
111110000010000101011000010000000011011011111010010100000100111010000010100101001101011011000000
111110000010000101011000010000000011011011111010010100000100101010110001110000101000010101001111
111110000010000101011000010000000011011011111010010100000100110100110110100001101010101010100110
111110000010000101011000010000000011011011111010010100000100101111110111010001110001011101000000
111110000010000101011000010000000011011011111010010100000100100010011110100101000111100000001100
111110000010000101011000010000000011011011111010010100000100001000110110101100100000001101110111
111110000010000101011000010000000011011011111010010100000100101000011001100001110011100110111011
111110000010000101011000010000000011011011111010010100000100011010010000010111101110110001011101
111110000010000101011000010000000011011011111010010100000100001110101101011101001101100010001100
111110000010000101011000010000000011011011111010010100000100101110011111011010000001111000100000
111110000010000101011000010000000011011011111010010100000100111011110010010001001101101100010010
111110000010000101011000010000000011011011111010010100000100101010111111011010010110100101111010
111110000010000101011000010000000011011011111010010100000100110100111000011100101011110101111100
111110000010000101011000010000000011011011111010010100000100011000011100111101110100011010011011
111110000010000101011000010000000011011011111010010100000100011101000111011001010110001100100100
111110000010000101011000010000000011011011111010010100000100101101111110011101110001110000111011
111110000010000101011000010000000011011011111010010100000100001111101000010010101001010101100101
111110000010000101011000010000000011011011111010010100000100101001011101011111101101000010101110
111110000010000101011000010000000011011011111010010100000100110001001001101100001111000110100100
111110000010000101011000010000000011011011111010010100000100101000000111010011110111110010110001
111110000010000101011000010000000011011011111010010100000100100011001011100000110110001011010001
111110000010000101011000010000000011011011111010010100000100000111000001010100111100110111010001
111110000010000101011000010000000011011011111010010100000100100010101101100101111111100011001101
111110000010000101011000010000000011011011111010010100000100110100000011010001111001111101110001
111110000010000101011000010000000011011011111010010100000100001110110111011100001101100000000100
111110000010000101011000010000000011011011111010010100000100001100011000000010001000001100010011
111110000010000101011000010000000011011011111010010100000100010101100001000111110010010001010100
111110000010000101011000010000000011011011111010010100000100100111101111101100011100000110001000
111110000010000101011000010000000011011011111010010100000100101011111010010011100010101010100100
111110000010000101011000010000000011011011111010010100000100001010101111001011011000001101111110
111110000010000101011000010000000011011011111010010100000100011001100110010101000000100000010111
111110000010000101011000010000000011011011111010010100000100001101000111011111011110010010111011
111110000010000101011000010000000011011011111010010100000100100000010101001010101110000000000011
111110000010000101011000010000000011011011111010010100000100000000010100100111011011110101000011
111110000010000101011000010000000011011011111010010100000100010110000100110000110101011111101110
111110000010000101011000010000000011011011111010010100000100011101100101111010110001000111000000
111110000010000101011000010000000011011011111010010100000100101010110101011100100111110111000110
111110000010000101011000010000000011011011111010010100000100100010100001101100110011100010100101
111110000010000101011000010000000011011011111010010100000100001110000110110001001110101010110101
111110000010000101011000010000000011011011111010010100000100010010010101010101001011011001011000
111110000010000101011000010000000011011011111010010100000100010001110100111110101001100100111100
111110000010000101011000010000000011011011111010010100000100010110011101111011010000001001001101
111110000010000101011000010000000011011011111010010100000100000101011111010001110111000010010111
111110000010000101011000010000000011011011111010010100000100101001111100110011000010110011011101
111110000010000101011000010000000011011011111010010100000100010011111010001001111100110001001101
111110000010000101011000010000000011011011111010010100000100101101000001101011010110011000110001
111110000010000101011000010000000011011011111010010100000100001100010110010000100110101100110001
111110000010000101011000010000000011011011111010010100000100110101100100010001000011101100111110
111110000010000101011000010000000011011011111010010100000100111010110010001100110100100010000111
111110000010000101011000010000000011011011111010010100000100111100010100100010010101111010001111
111110000010000101011000010000000011011011111010010100000100001101010100110111011000000001110001
111110000010000101011000010000000011011011111010010100000100100101010011010011110110101111111010
111110000010000101011000010000000011011011111010010100000100010100100110111010111010001000111100
111110000010000101011000010000000011011011111010010100000100100011001010110111100111101101101001
111110000010000101011000010000000011011011111010010100000100110101101110110011011011010101111011
111110000010000101011000010000000011011011111010010100000100101010101111101110110010010001110000
111110000010000101011000010000000011011011111010010100000100100010001111001110001110110100111111
111110000010000101011000010000000011011011111010010100000100001000100100101111000110101010011110
111110000010000101011000010000000011011011111010010100000100101100100100011011111011010110111111
111110000010000101011000010000000011011011111010010100000100000011100111000110010101011011011000
111110000010000101011000010000000011011011111010010100000100011111000100001011111100111011011101
111110000010000101011000010000000011011011111010010100000100100001111010000101101011100111111011
111110000010000101011000010000000011011011111010010100000100110011110000111010111110111100100110
111110000010000101011000010000000011011011111010010100000100001000001100000100101011101110110000
111110000010000101011000010000000011011011111010010100000100110110011001111011100010000111000111
111110000010000101011000010000000011011011111010010100000100111011100000100111100111011000000101
111110000010000101011000010000000011011011111010010100000100000001010101110110001110101010010110
111110000010000101011000010000000011011011111010010100000100100111000100101001010100110001000010
111110000010000101011000010000000011011011111010010100000100000010111001101100111010100011011101
111110000010000101011000010000000011011011111010010100000100001001100001011111001001111101010000
111110000010000101011000010000000011011011111010010100000100111101110010000111011000011000101100
111110000010000101011000010000000011011011111010010100000100001010100100110110001000101010010000
111110000010000101011000010000000011011011111010010100000100001100011110100111111011001111110010
111110000010000101011000010000000011011011111010010100000100101010010000101100111011100011110010
111110000010000101011000010000000011011011111010010100000100001010110101110101100110010111001111
111110000010000101011000010000000011011011111010010100000100101110100101010001101010011011111100
111110000010000101011000010000000011011011111010010100000100010110000111010011101010110000001100
111110000010000101011000010000000011011011111010010100000100100100110111001110110111000100110011
111110000010000101011000010000000011011011111010010100000100101101101110011000110111000110100110
111110000010000101011000010000000011011011111010010100000100111001001101110000100000100101111101
111110000010000101011000010000000011011011111010010100000100100100001111000010111111110000010010
111110000010000101011000010000000011011011111010010100000100010000001100011010110110111101101011
111110000010000101011000010000000011011011111010010100000100010011101011010010010011010001011000
111110000010000101011000010000000011011011111010010100000100000011010111100001100011011111101101
111110000010000101011000010000000011011011111010010100000100000111100010011110000110000101001001
111110000010000101011000010000000011011011111010010100000100111001101000111110011001110000011110
111110000010000101011000010000000011011011111010010100000100011010001010000110001001110011000101
111110000010000101011000010000000011011011111010010100000100101011111100011100011101110100101001
111110000010000101011000010000000011011011111010010100000100111001001010000111100011111000100010
111110000010000101011000010000000011011011111010010100000100101110100101111110111100001111110011
111110000010000101011000010000000011011011111010010100000100011010111111000101100111101100110110
111110000010000101011000010000000011011011111010010100000100010001001001001110010010110001011110
111110000010000101011000010000000011011011111010010100000100101000101111101101100100110100101110
111110000010000101011000010000000011011011111010010100000100000101111000010001000101001011110100
111110000010000101011000010000000011011011111010010100000100010001001011101000101101011011011101
111110000010000101011000010000000011011011111010010100000100100100010000100011111110000000011000
111110000010000101011000010000000011011011111010010100000100111001000000010110111100001110000000
111110000010000101011000010000000011011011111010010100000100111111100010101101111011010001101101
111110000010000101011000010000000011011011111010010100000100100110101100011100101110110110111011
111110000010000101011000010000000011011011111010010100000100110110011000101100100010000100111101
111110000010000101011000010000000011011011111010010100000100010101101010001001100000010011010101
111110000010000101011000010000000011011011111010010100000100100011001100001000010101010110001001
111110000010000101011000010000000011011011111010010100000100010111010000010100001110111001100010
111110000010000101011000010000000011011011111010010100000100110010100100100111100100110001001010
111110000010000101011000010000000011011011111010010100000100001110010000001000011110110010110111
111110000010000101011000010000000011011011111010010100000100010000101100000000101010010111110110
111110000010000101011000010000000011011011111010010100000100000000110000001110001110110110101001
111110000010000101011000010000000011011011111010010100000100101101001100110100111011100001100100
111110000010000101011000010000000011011011111010010100000100110001011010001111010100010101101001
111110000010000101011000010000000011011011111010010100000100101101010111101101101111011101100001
111110000010000101011000010000000011011011111010010100000100110111010110000010101100000100100100
111110000010000101011000010000000011011011111010010100000100100100110001100100001111110111111010
111110000010000101011000010000000011011011111010010100000100110101001011010100011000110010111101
111110000010000101011000010000000011011011111010010100000100111101110111011001111110110001111110
111110000010000101011000010000000011011011111010010100000100001000010111101111111110110001110001
111110000010000101011000010000000011011011111010010100000100110010000100101010011111001001001110
111110000010000101011000010000000011011011111010010100000100010000100110010000111001011100110110
111110000010000101011000010000000011011011111010010100000100100000001111111010000101011000111011
111110000010000101011000010000000011011011111010010100000100100111011011011110110111000011000010
111110000010000101011000010000000011011011111010010100000100000111000100011011100001000101000001
111110000010000101011000010000000011011011111010010100000100110111000010111011001111100000101001
111110000010000101011000010000000011011011111010010100000100100001101000110111001100011000010000
111110000010000101011000010000000011011011111010010100000100001000011010011100000011001011100000
111110000010000101011000010000000011011011111010010100000100110111010100110001111100110000111111
111110000010000101011000010000000011011011111010010100000100111100110001010001100000001101110010
111110000010000101011000010000000011011011111010010100000100110010001011111011100101001111010110
111110000010000101011000010000000011011011111010010100000100110011101100000111010000011001010100
111110000010000101011000010000000011011011111010010100000100011000101110100101011111110011110000
111110000010000101011000010000000011011011111010010100000100011001110011011101111000101001111111
111110000010000101011000010000000011011011111010010100000100011110011110010111111110011101001111
111110000010000101011000010000000011011011111010010100000100100001100000100100101110010000000110
111110000010000101011000010000000011011011111010010100000100100110110010111000000000110010000010
111110000010000101011000010000000011011011111010010100000100001111100100110000111011001111011110
111110000010000101011000010000000011011011111010010100000100001010111000001011000110111001111111
111110000010000101011000010000000011011011111010010100000100101111110101010000011100010110101110
111110000010000101011000010000000011011011111010010100000100101001001010100101101110110001000001
111110000010000101011000010000000011011011111010010100000100101000010001111101111010001110101011
111110000010000101011000010000000011011011111010010100000100110010010000101000010110101100111110
111110000010000101011000010000000011011011111010010100000100110101000110011101100000010000100001
111110000010000101011000010000000011011011111010010100000100010001001110001111101110110000110010
111110000010000101011000010000000011011011111010010100000100100001010000110001000100000100000010
111110000010000101011000010000000011011011111010010100000100111100110011000010100110111110110110
111110000010000101011000010000000011011011111010010100000100101010011000000010001011111100100000
111110000010000101011000010000000011011011111010010100000100101010101011011101100010011111111111
111110000010000101011000010000000011011011111010010100000100010011100101101010111101110111110110
111110000010000101011000010000000011011011111010010100000100101110100011101011000011010111111110
111110000010000101011000010000000011011011111010010100000100001110011000001011011111011110100111
111110000010000101011000010000000011011011111010010100000100010000001000001111100011111011110010
111110000010000101011000010000000011011011111010010100000100011001110100011001101111000010110110
111110000010000101011000010000000011011011111010010100000100000001011011110100000001101111000101
111110000010000101011000010000000011011011111010010100000100101111101101100100111100010011001001
111110000010000101011000010000000011011011111010010100000100010100000011010010001100100101111000
111110000010000101011000010000000011011011111010010100000100100111000001011100001100011111010000
111110000010000101011000010000000011011011111010010100000100010100110110000100100111000100101111
111110000010000101011000010000000011011011111010010100000100101111100000010000000100011101011110
111110000010000101011000010000000011011011111010010100000100101100110001110001011101110011100000
111110000010000101011000010000000011011011111010010100000100010100001110110110111011000000001011
111110000010000101011000010000000011011011111010010100000100001001111110001101110011100011110011
111110000010000101011000010000000011011011111010010100000100011111101000100011101000011100111100
111110000010000101011000010000000011011011111010010100000100001111100101111000011101001000001011
111110000010000101011000010000000011011011111010010100000100000011011010010011001110101101001001
111110000010000101011000010000000011011011111010010100000100010111010011101110011111000110000100
111110000010000101011000010000000011011011111010010100000100100000001111101100010000010100101101
111110000010000101011000010000000011011011111010010100000100011111101010101001010111111101011101
111110000010000101011000010000000011011011111010010100000100101111101101011000100010111110111101
111110000010000101011000010000000011011011111010010100000100010110011111000100100001111111101001
111110000010000101011000010000000011011011111010010100000100101001010001111011001100111100110001
111110000010000101011000010000000011011011111010010100000100000111000111010010111011110001000010
111110000010000101011000010000000011011011111010010100000100111010001000000101111110111110010000
111110000010000101011000010000000011011011111010010100000100100100001111101110000011101011110000
111110000010000101011000010000000011011011111010010100000100011100110100001011100001100111011001
111110000010000101011000010000000011011011111010010100000100001011011100000000001111000001110001
111110000010000101011000010000000011011011111010010100000100001000100101001100000101001000010011
111110000010000101011000010000000011011011111010010100000100001001001000011011101000110001001010
111110000010000101011000010000000011011011111010010100000100101110101110110011000000010111011110
111110000010000101011000010000000011011011111010010100000100000100111100110010111010111111000100
111110000010000101011000010000000011011011111010010100000100101111110101101010001111000010001010
111110000010000101011000010000000011011011111010010100000100100000100000001100010100000000001010
111110000010000101011000010000000011011011111010010100000100110111110100000100000011110011011100
111110000010000101011000010000000011011011111010010100000100100001001100001000111100001100110010
111110000010000101011000010000000011011011111010010100000100010000111001111000111001100011000110
111110000010000101011000010000000011011011111010010100000100011110011110100110111111010011110101
111110000010000101011000010000000011011011111010010100000100110111000101111011000101000101111110
111110000010000101011000010000000011011011111010010100000100101001101011000100111100101101010100
111110000010000101011000010000000011011011111010010100000100000111100100001011001110101011011010
111110000010000101011000010000000011011011111010010100000100101100100110010111111000100000000111
111110000010000101011000010000000011011011111010010100000100101111011100000000000111100000010011
111110000010000101011000010000000011011011111010010100000100111110011010001111010001111100000101
111110000010000101011000010000000011011011111010010100000100111111110001100110001100011101011011
111110000010000101011000010000000011011011111010010100000100000001001000011101111100000101110001
111110000010000101011000010000000011011011111010010100000100110101011100100101001011100011110111
111110000010000101011000010000000011011011111010010100000100001110101001001111101100011101100111
111110000010000101011000010000000011011011111010010100000100101101011011011100110010100100010110
111110000010000101011000010000000011011011111010010100000100010110001100100001011001010100011010
111110000010000101011000010000000011011011111010010100000100001111101110111100010100100110010001
111110000010000101011000010000000011011011111010010100000100011101001010001101011110010111111110
111110000010000101011000010000000011011011111010010100000100010111011001011111010001101000101011
111110000010000101011000010000000011011011111010010100000100011010001001101011111101010011001101
111110000010000101011000010000000011011011111010010100000100110110010100000101101011101000000110
111110000010000101011000010000000011011011111010010100000100010110111100010110011100000111110100
111110000010000101011000010000000011011011111010010100000100010110011111111010010011010110111110
111110000010000101011000010000000011011011111010010100000100000100000110001010000100111010001010
111110000010000101011000010000000011011011111010010100000100000111101000011111000000101101101011
111110000010000101011000010000000011011011111010010100000100100011001010000110011111111010110110
111110000010000101011000010000000011011011111010010100000100011101001101100010100010001000011010
111110000010000101011000010000000011011011111010010100000100010101101010000011001101100001110001
111110000010000101011000010000000011011011111010010100000100101111111111000100111000001110100010
111110000010000101011000010000000011011011111010010100000100001100011001010001000111100101111101
111110000010000101011000010000000011011011111010010100000100011100111100111100111011100011010100
111110000010000101011000010000000011011011111010010100000100010001111110010100110101000111011010
111110000010000101011000010000000011011011111010010100000100000000100110001010010111001000110100
111110000010000101011000010000000011011011111010010100000100110001111000011110111111100010010100
111110000010000101011000010000000011011011111010010100000100110100010100011011110111110001011010
111110000010000101011000010000000011011011111010010100000100011111011110101000100001110111101100
111110000010000101011000010000000011011011111010010100000100011000100100000001000000101001110010
111110000010000101011000010000000011011011111010010100000100011101010110110100010101000110011011
111110000010000101011000010000000011011011111010010100000100011010000000001101011000001011100000
111110000010000101011000010000000011011011111010010100000100011011100011111010001011100101001001
111110000010000101011000010000000011011011111010010100000100001010101000101011010101011100100110
111110000010000101011000010000000011011011111010010100000100000101000110110110010110111000010011
111110000010000101011000010000000011011011111010010100000100010001100001110011000001001111010011
111110000010000101011000010000000011011011111010010100000100000100110111001001111010111011101100
111110000010000101011000010000000011011011111010010100000100111101011011001110101011010111000101
111110000010000101011000010000000011011011111010010100000100011010010111101101011110100010111111
111110000010000101011000010000000011011011111010010100000100011101110111101101010110001101101000
111110000010000101011000010000000011011011111010010100000100010001011010100110111111110010111011
111110000010000101011000010000000011011011111010010100000100010101101110101001000000101000101000
111110000010000101011000010000000011011011111010010100000100100000111000111001010100111110011001
111110000010000101011000010000000011011011111010010100000100001010111101110001101110111010101100
111110000010000101011000010000000011011011111010010100000100010001110100111101100110010101100010
111110000010000101011000010000000011011011111010010100000100110101010101110011111100001001111011
111110000010000101011000010000000011011011111010010100000100101101110001010101110000001001010100
111110000010000101011000010000000011011011111010010100000100100011011001110101110011101110000011
111110000010000101011000010000000011011011111010010100000100010100011110100100110001100111011011
111110000010000101011000010000000011011011111010010100000100000100100111111011100110001011100011
111110000010000101011000010000000011011011111010010100000100100010000011011101110100110001011001
111110000010000101011000010000000011011011111010010100000100011011100101000110101000000101101000
111110000010000101011000010000000011011011111010010100000100100011010100101110000011111001000111
111110000010000101011000010000000011011011111010010100000100000101101011101111101001110101100010
111110000010000101011000010000000011011011111010010100000100001110000101011100011000111110010011
111110000010000101011000010000000011011011111010010100000100110011000101101110101101001001100011
111110000010000101011000010000000011011011111010010100000100000111110001000100010010110000000001
111110000010000101011000010000000011011011111010010100000100110000101011001011000001111000100000
111110000010000101011000010000000011011011111010010100000100000011110100000100111101101111110000
111110000010000101011000010000000011011011111010010100000100110111000111011011011010110111100000
111110000010000101011000010000000011011011111010010100000100001100111001110101010011110110010100
111110000010000101011000010000000011011011111010010100000100110010100000101110101001100110110100
111110000010000101011000010000000011011011111010010100000100000010011000000010011011100110000100
111110000010000101011000010000000011011011111010010100000100011100111100101011111011010101000000
111110000010000101011000010000000011011011111010010100000100111011010111111010001011110100111010
111110000010000101011000010000000011011011111010010100000100001011101110100000011011101000011010
111110000010000101011000010000000011011011111010010100000100101111011001111010011111000001011101
111110000010000101011000010000000011011011111010010100000100000000011010110001110110110100110001
111110000010000101011000010000000011011011111010010100000100010000001100010001010100010100000001
111110000010000101011000010000000011011011111010010100000100111111000111100110110101000010001000
111110000010000101011000010000000011011011111010010100000100010110110010111100000110110001010011
111110000010000101011000010000000011011011111010010100000100011001111110011101100100110100011110
111110000010000101011000010000000011011011111010010100000100001001001110111011010111011001101100
111110000010000101011000010000000011011011111010010100000100101101101000101010000010101001001010
111110000010000101011000010000000011011011111010010100000100000100110110101111111001110101000011
111110000010000101011000010000000011011011111010010100000100111111001010111000101010011110111111
111110000010000101011000010000000011011011111010010100000100111101111010111011110011010011011100
111110000010000101011000010000000011011011111010010100000100001010111111101110011111011010110101
111110000010000101011000010000000011011011111010010100000100010101010111000110110000100011000111
111110000010000101011000010000000011011011111010010100000100100110010011110100000010001100011111
111110000010000101011000010000000011011011111010010100000100001101001111000011111100010100111001
111110000010000101011000010000000011011011111010010100000100010010010000110001011010101001111000
111110000010000101011000010000000011011011111010010100000100101100000000101111111101100001101000
111110000010000101011000010000000011011011111010010100000100100000001011111100011101100011010011
111110000010000101011000010000000011011011111010010100000100010000111111000110001100100110100011
111110000010000101011000010000000011011011111010010100000100000000110001100001101111100101011001
111110000010000101011000010000000011011011111010010100000100110101110000101111110101110000111100
111110000010000101011000010000000011011011111010010100000100000011101011010000110111111110111111
111110000010000101011000010000000011011011111010010100000100011101100101100010110010011010110011
111110000010000101011000010000000011011011111010010100000100101001001011001001100010001100110101
111110000010000101011000010000000011011011111010010100000100111000011010011101010000110001111101
111110000010000101011000010000000011011011111010010100000100000010000010110011100110101001011001
111110000010000101011000010000000011011011111010010100000100110100010100100100111111001111011000
111110000010000101011000010000000011011011111010010100000100001111000100001110101111100001000110
111110000010000101011000010000000011011011111010010100000100101000001101010111011011110001101000
