100111101010001011010100110101100000000000000000000000000000000000000000000000110101110110010101
100111101010001011010100110101100000000000000000000000000000000000000000000000000010101100000111
100111101010001011010100110101100000000000000000000000000000000000000000000000111101000111111101
100111101010001011010100110101100000000000000000000000000000000000000000000000100100110100100010
100111101010001011010100110101100000000000000000000000000000000000000000000000001010101001001111
100111101010001011010100110101100000000000000000000000000000000000000000000000000111011111101000
100111101010001011010100110101100000000000000000000000000000000000000000000000101010101010100110
100111101010001011010100110101100000000000000000000000000000000000000000000001000000011100001110
100111101010001011010100110101100000000000000000000000000000000000000000000001000011011010010100
100111101010001011010100110101100000000000000000000000000000000000000000000000100110001111011110
100111101010001011010100110101100000000000000000000000000000000000000000000000110111000101100001
100111101010001011010100110101100000000000000000000000000000000000000000000000101011011101100101
100111101010001011010100110101100000000000000000000000000000000000000000000000110001111000111001
100111101010001011010100110101100000000000000000000000000000000000000000000000000110010000000101
100111101010001011010100110101100000000000000000000000000000000000000000000001000000000111000011
100111101010001011010100110101100000000000000000000000000000000000000000000000001110110100111000
100111101010001011010100110101100000000000000000000000000000000000000000000001000111100001110101
100111101010001011010100110101100000000000000000000000000000000000000000000000000001110111001110
100111101010001011010100110101100000000000000000000000000000000000000000000000111000000010010000
100111101010001011010100110101100000000000000000000000000000000000000000000000001100110111010101
100111101010001011010100110101100000000000000000000000000000000000000000000000010100111000010110
100111101010001011010100110101100000000000000000000000000000000000000000000000010001100111010000
100111101010001011010100110101100000000000000000000000000000000000000000000000010010011000010001
100111101010001011010100110101100000000000000000000000000000000000000000000000000101011100011110
100111101010001011010100110101100000000000000000000000000000000000000000000000000100110101000100
100111101010001011010100110101100000000000000000000000000000000000000000000000111110110111101011
100111101010001011010100110101100000000000000000000000000000000000000000000000011010011111011111
100111101010001011010100110101100000000000000000000000000000000000000000000000000010111110001000
100111101010001011010100110101100000000000000000000000000000000000000000000000111111000001010110
100111101010001011010100110101100000000000000000000000000000000000000000000000101011001100011011
100111101010001011010100110101100000000000000000000000000000000000000000000000101111101101000010
100111101010001011010100110101100000000000000000000000000000000000000000000000111110000111001101
100111101010001011010100110101100000000000000000000000000000000000000000000000110111000010110000
100111101010001011010100110101100000000000000000000000000000000000000000000000000000111100101000
100111101010001011010100110101100000000000000000000000000000000000000000000000100110011101100011
100111101010001011010100110101100000000000000000000000000000000000000000000000010101000100000000
100111101010001011010100110101100000000000000000000000000000000000000000000000100110001110100001
100111101010001011010100110101100000000000000000000000000000000000000000000000010100111010010011
100111101010001011010100110101100000000000000000000000000000000000000000000000001001110111001010
100111101010001011010100110101100000000000000000000000000000000000000000000000100010110101111111
100111101010001011010100110101100000000000000000000000000000000000000000000000011010000000101100
100111101010001011010100110101100000000000000000000000000000000000000000000000011010000010011000
100111101010001011010100110101100000000000000000000000000000000000000000000000101010111011011111
100111101010001011010100110101100000000000000000000000000000000000000000000001001000010111101011
100111101010001011010100110101100000000000000000000000000000000000000000000000100111001110111110
100111101010001011010100110101100000000000000000000000000000000000000000000000000010011000010010
100111101010001011010100110101100000000000000000000000000000000000000000000000011110101101111001
100111101010001011010100110101100000000000000000000000000000000000000000000001000000000011111110
100111101010001011010100110101100000000000000000000000000000000000000000000000110100011101001001
100111101010001011010100110101100000000000000000000000000000000000000000000000111111111100000110
100111101010001011010100110101100000000000000000000000000000000000000000000000101010001111111010
100111101010001011010100110101100000000000000000000000000000000000000000000000011100010100100100
100111101010001011010100110101100000000000000000000000000000000000000000000000101110010010000010
100111101010001011010100110101100000000000000000000000000000000000000000000000110100111110111110
100111101010001011010100110101100000000000000000000000000000000000000000000000100011110001110101
100111101010001011010100110101100000000000000000000000000000000000000000000000101100101110101110
100111101010001011010100110101100000000000000000000000000000000000000000000000111111000111110000
100111101010001011010100110101100000000000000000000000000000000000000000000000011100010010011100
100111101010001011010100110101100000000000000000000000000000000000000000000001000110010011111110
100111101010001011010100110101100000000000000000000000000000000000000000000001000101010110110101
100111101010001011010100110101100000000000000000000000000000000000000000000000001010000000010011
100111101010001011010100110101100000000000000000000000000000000000000000000000111001000110100101
100111101010001011010100110101100000000000000000000000000000000000000000000000000111001111100100
100111101010001011010100110101100000000000000000000000000000000000000000000000100110011001001011
100111101010001011010100110101100000000000000000000000000000000000000000000000100111101001111100
100111101010001011010100110101100000000000000000000000000000000000000000000001000000010111001111
100111101010001011010100110101100000000000000000000000000000000000000000000000000000011010001001
100111101010001011010100110101100000000000000000000000000000000000000000000000111001111010100011
100111101010001011010100110101100000000000000000000000000000000000000000000000111111101101111111
100111101010001011010100110101100000000000000000000000000000000000000000000000101100101100100101
100111101010001011010100110101100000000000000000000000000000000000000000000000101010010100111101
100111101010001011010100110101100000000000000000000000000000000000000000000000100000010000111101
100111101010001011010100110101100000000000000000000000000000000000000000000000011110011001010001
100111101010001011010100110101100000000000000000000000000000000000000000000000100100000110111101
100111101010001011010100110101100000000000000000000000000000000000000000000000000111000001011101
100111101010001011010100110101100000000000000000000000000000000000000000000000011101100101000110
100111101010001011010100110101100000000000000000000000000000000000000000000001000111110000101000
100111101010001011010100110101100000000000000000000000000000000000000000000001000110011110010110
100111101010001011010100110101100000000000000000000000000000000000000000000000011010110100010111
100111101010001011010100110101100000000000000000000000000000000000000000000000101110001100000000
100111101010001011010100110101100000000000000000000000000000000000000000000000000010010100011000
100111101010001011010100110101100000000000000000000000000000000000000000000000011011001110111100
100111101010001011010100110101100000000000000000000000000000000000000000000000001100001101100100
100111101010001011010100110101100000000000000000000000000000000000000000000000011101001110100010
100111101010001011010100110101100000000000000000000000000000000000000000000000100100011010010101
100111101010001011010100110101100000000000000000000000000000000000000000000000101111100101100000
100111101010001011010100110101100000000000000000000000000000000000000000000000111000011110100100
100111101010001011010100110101100000000000000000000000000000000000000000000000000111001001010011
100111101010001011010100110101100000000000000000000000000000000000000000000000011110001000001100
100111101010001011010100110101100000000000000000000000000000000000000000000000010011100001111110
100111101010001011010100110101100000000000000000000000000000000000000000000000111001001110010110
100111101010001011010100110101100000000000000000000000000000000000000000000000110010111000111110
100111101010001011010100110101100000000000000000000000000000000000000000000000110100100000011111
100111101010001011010100110101100000000000000000000000000000000000000000000000111011110010110010
100111101010001011010100110101100000000000000000000000000000000000000000000000100010001011010011
100111101010001011010100110101100000000000000000000000000000000000000000000000101110100100101001
100111101010001011010100110101100000000000000000000000000000000000000000000000011100011001111010
100111101010001011010100110101100000000000000000000000000000000000000000000000110101000000111101
100111101010001011010100110101100000000000000000000000000000000000000000000000110000101010111010
100111101010001011010100110101100000000000000000000000000000000000000000000001000100101001101010
100111101010001011010100110101100000000000000000000000000000000000000000000000011000011001011111
100111101010001011010100110101100000000000000000000000000000000000000000000000011110011111010101
100111101010001011010100110101100000000000000000000000000000000000000000000001000111010000000011
100111101010001011010100110101100000000000000000000000000000000000000000000000000001010011001001
100111101010001011010100110101100000000000000000000000000000000000000000000000100100011111101010
100111101010001011010100110101100000000000000000000000000000000000000000000000010111110001110001
100111101010001011010100110101100000000000000000000000000000000000000000000000100100101101110011
100111101010001011010100110101100000000000000000000000000000000000000000000000001101010000110000
100111101010001011010100110101100000000000000000000000000000000000000000000000100011100101101011
100111101010001011010100110101100000000000000000000000000000000000000000000000000110010100011010
100111101010001011010100110101100000000000000000000000000000000000000000000000011111011101011010
100111101010001011010100110101100000000000000000000000000000000000000000000000110011111000011000
100111101010001011010100110101100000000000000000000000000000000000000000000000000101110001101111
100111101010001011010100110101100000000000000000000000000000000000000000000000010110100001100011
100111101010001011010100110101100000000000000000000000000000000000000000000001000111100011101010
100111101010001011010100110101100000000000000000000000000000000000000000000000010111001111101010
100111101010001011010100110101100000000000000000000000000000000000000000000000100000101100101000
100111101010001011010100110101100000000000000000000000000000000000000000000000110100111001110001
100111101010001011010100110101100000000000000000000000000000000000000000000000101011010001101101
100111101010001011010100110101100000000000000000000000000000000000000000000000101111011111101111
100111101010001011010100110101100000000000000000000000000000000000000000000000101110010011111011
100111101010001011010100110101100000000000000000000000000000000000000000000000011010100000001111
100111101010001011010100110101100000000000000000000000000000000000000000000000000111111111111100
100111101010001011010100110101100000000000000000000000000000000000000000000000001111110101001001
100111101010001011010100110101100000000000000000000000000000000000000000000000100100100100011010
100111101010001011010100110101100000000000000000000000000000000000000000000001000111011011110110
100111101010001011010100110101100000000000000000000000000000000000000000000000011011110100111000
100111101010001011010100110101100000000000000000000000000000000000000000000001000011101011111101
100111101010001011010100110101100000000000000000000000000000000000000000000000111000101001111111
100111101010001011010100110101100000000000000000000000000000000000000000000000001000011011111110
100111101010001011010100110101100000000000000000000000000000000000000000000000010000001111111011
100111101010001011010100110101100000000000000000000000000000000000000000000000111001101011011111
100111101010001011010100110101100000000000000000000000000000000000000000000000011110110001000111
100111101010001011010100110101100000000000000000000000000000000000000000000000101000111001101001
100111101010001011010100110101100000000000000000000000000000000000000000000000101011111111101010
100111101010001011010100110101100000000000000000000000000000000000000000000000110100101011000101
100111101010001011010100110101100000000000000000000000000000000000000000000000100011011000110100
100111101010001011010100110101100000000000000000000000000000000000000000000000011001010011001111
100111101010001011010100110101100000000000000000000000000000000000000000000000101000100110000000
100111101010001011010100110101100000000000000000000000000000000000000000000000000010111101101110
100111101010001011010100110101100000000000000000000000000000000000000000000000111100001000111101
100111101010001011010100110101100000000000000000000000000000000000000000000001000100010000101010
100111101010001011010100110101100000000000000000000000000000000000000000000001000101111110000010
100111101010001011010100110101100000000000000000000000000000000000000000000000101111110000000100
100111101010001011010100110101100000000000000000000000000000000000000000000000101000011011100110
100111101010001011010100110101100000000000000000000000000000000000000000000000100010001101111100
100111101010001011010100110101100000000000000000000000000000000000000000000000010010011111100011
100111101010001011010100110101100000000000000000000000000000000000000000000000001001101000000101
100111101010001011010100110101100000000000000000000000000000000000000000000000101000100111010001
100111101010001011010100110101100000000000000000000000000000000000000000000000011100010110100000
100111101010001011010100110101100000000000000000000000000000000000000000000001000000011000000111
100111101010001011010100110101100000000000000000000000000000000000000000000000101001010111110101
100111101010001011010100110101100000000000000000000000000000000000000000000000001110010110100011
100111101010001011010100110101100000000000000000000000000000000000000000000000000001010110111010
100111101010001011010100110101100000000000000000000000000000000000000000000000111100010010001011
100111101010001011010100110101100000000000000000000000000000000000000000000000111001111011011111
100111101010001011010100110101100000000000000000000000000000000000000000000000001001100111010000
100111101010001011010100110101100000000000000000000000000000000000000000000001000111110100001010
100111101010001011010100110101100000000000000000000000000000000000000000000000100011110011101001
100111101010001011010100110101100000000000000000000000000000000000000000000000101100110101110100
100111101010001011010100110101100000000000000000000000000000000000000000000000101111110111010000
100111101010001011010100110101100000000000000000000000000000000000000000000000100111110010100100
100111101010001011010100110101100000000000000000000000000000000000000000000000111100101001001110
100111101010001011010100110101100000000000000000000000000000000000000000000000110101110111010110
100111101010001011010100110101100000000000000000000000000000000000000000000000101000111000100101
100111101010001011010100110101100000000000000000000000000000000000000000000000100000001001110101
100111101010001011010100110101100000000000000000000000000000000000000000000000011110011111100000
100111101010001011010100110101100000000000000000000000000000000000000000000000010011100011101100
100111101010001011010100110101100000000000000000000000000000000000000000000001000001101100001000
100111101010001011010100110101100000000000000000000000000000000000000000000000101001001101011010
100111101010001011010100110101100000000000000000000000000000000000000000000000000101110010111000
100111101010001011010100110101100000000000000000000000000000000000000000000000001010000111011100
100111101010001011010100110101100000000000000000000000000000000000000000000000101011101000101010
100111101010001011010100110101100000000000000000000000000000000000000000000000000010111101101011
100111101010001011010100110101100000000000000000000000000000000000000000000000111001010000110100
100111101010001011010100110101100000000000000000000000000000000000000000000000110110010110010110
100111101010001011010100110101100000000000000000000000000000000000000000000000011001100001101000
100111101010001011010100110101100000000000000000000000000000000000000000000001001001001100000011
100111101010001011010100110101100000000000000000000000000000000000000000000000101100101000000010
100111101010001011010100110101100000000000000000000000000000000000000000000000100101111101101001
100111101010001011010100110101100000000000000000000000000000000000000000000000100101111010001111
100111101010001011010100110101100000000000000000000000000000000000000000000000110110110111010000
100111101010001011010100110101100000000000000000000000000000000000000000000000101101001101110000
100111101010001011010100110101100000000000000000000000000000000000000000000000101001100010010010
100111101010001011010100110101100000000000000000000000000000000000000000000000110011000000011101
100111101010001011010100110101100000000000000000000000000000000000000000000000000010001110010111
100111101010001011010100110101100000000000000000000000000000000000000000000000101010010010110110
100111101010001011010100110101100000000000000000000000000000000000000000000001000000000000010000
100111101010001011010100110101100000000000000000000000000000000000000000000000011101110011000111
100111101010001011010100110101100000000000000000000000000000000000000000000000101001001001101111
100111101010001011010100110101100000000000000000000000000000000000000000000000000110100100100110
100111101010001011010100110101100000000000000000000000000000000000000000000000111011011101101101
100111101010001011010100110101100000000000000000000000000000000000000000000000101101101110110000
100111101010001011010100110101100000000000000000000000000000000000000000000000011011110110111001
100111101010001011010100110101100000000000000000000000000000000000000000000000010110000001100010
100111101010001011010100110101100000000000000000000000000000000000000000000000011100101011011001
100111101010001011010100110101100000000000000000000000000000000000000000000000010000000011101011
100111101010001011010100110101100000000000000000000000000000000000000000000000000101100100100000
100111101010001011010100110101100000000000000000000000000000000000000000000001000111100000000000
100111101010001011010100110101100000000000000000000000000000000000000000000001000001100000011001
100111101010001011010100110101100000000000000000000000000000000000000000000000100011101101110111
100111101010001011010100110101100000000000000000000000000000000000000000000000101011010101100111
100111101010001011010100110101100000000000000000000000000000000000000000000000001011100110111010
100111101010001011010100110101100000000000000000000000000000000000000000000000110110100100000001
100111101010001011010100110101100000000000000000000000000000000000000000000001000011111110010110
100111101010001011010100110101100000000000000000000000000000000000000000000000000110000111010001
100111101010001011010100110101100000000000000000000000000000000000000000000000011011101010000010
100111101010001011010100110101100000000000000000000000000000000000000000000000111010100011111101
100111101010001011010100110101100000000000000000000000000000000000000000000000011000010010110110
100111101010001011010100110101100000000000000000000000000000000000000000000000100000111000001000
100111101010001011010100110101100000000000000000000000000000000000000000000000011000111000100011
100111101010001011010100110101100000000000000000000000000000000000000000000001000001011101110000
100111101010001011010100110101100000000000000000000000000000000000000000000000100101111110110011
100111101010001011010100110101100000000000000000000000000000000000000000000000101000110000111110
100111101010001011010100110101100000000000000000000000000000000000000000000000101000000101001011
100111101010001011010100110101100000000000000000000000000000000000000000000000000110010111100010
100111101010001011010100110101100000000000000000000000000000000000000000000000011100110101000000
100111101010001011010100110101100000000000000000000000000000000000000000000000001000000101110011
100111101010001011010100110101100000000000000000000000000000000000000000000000111011011101110111
100111101010001011010100110101100000000000000000000000000000000000000000000000111011001100011110
100111101010001011010100110101100000000000000000000000000000000000000000000000001001101000011000
100111101010001011010100110101100000000000000000000000000000000000000000000000111110110111000011
100111101010001011010100110101100000000000000000000000000000000000000000000000000010100001011101
100111101010001011010100110101100000000000000000000000000000000000000000000000110011110110011000
100111101010001011010100110101100000000000000000000000000000000000000000000000101100001110100001
100111101010001011010100110101100000000000000000000000000000000000000000000000101000111100010111
100111101010001011010100110101100000000000000000000000000000000000000000000000000001101010001001
100111101010001011010100110101100000000000000000000000000000000000000000000000011111000101111100
100111101010001011010100110101100000000000000000000000000000000000000000000000101010110000110101
100111101010001011010100110101100000000000000000000000000000000000000000000000001011101010111101
100111101010001011010100110101100000000000000000000000000000000000000000000000001100100000111101
100111101010001011010100110101100000000000000000000000000000000000000000000000011001110100101110
100111101010001011010100110101100000000000000000000000000000000000000000000000011000000100011000
100111101010001011010100110101100000000000000000000000000000000000000000000000010010010001100001
100111101010001011010100110101100000000000000000000000000000000000000000000000110010000001000110
100111101010001011010100110101100000000000000000000000000000000000000000000000111010011101100000
100111101010001011010100110101100000000000000000000000000000000000000000000001001000010001100000
100111101010001011010100110101100000000000000000000000000000000000000000000000111100101011100111
100111101010001011010100110101100000000000000000000000000000000000000000000000100100101011000110
100111101010001011010100110101100000000000000000000000000000000000000000000000011101010011110100
100111101010001011010100110101100000000000000000000000000000000000000000000000011100101100101110
100111101010001011010100110101100000000000000000000000000000000000000000000000011011000100110111
100111101010001011010100110101100000000000000000000000000000000000000000000000001001010001010111
100111101010001011010100110101100000000000000000000000000000000000000000000000101000001001001110
100111101010001011010100110101100000000000000000000000000000000000000000000000110111001010101001
100111101010001011010100110101100000000000000000000000000000000000000000000000110001010000010010
100111101010001011010100110101100000000000000000000000000000000000000000000000101111111110101001
100111101010001011010100110101100000000000000000000000000000000000000000000000110110100111011000
100111101010001011010100110101100000000000000000000000000000000000000000000000111000100100100101
100111101010001011010100110101100000000000000000000000000000000000000000000000010111100100100001
100111101010001011010100110101100000000000000000000000000000000000000000000000000000111011001101
100111101010001011010100110101100000000000000000000000000000000000000000000000001101110000100101
100111101010001011010100110101100000000000000000000000000000000000000000000000101110010100110000
100111101010001011010100110101100000000000000000000000000000000000000000000000010101100011100111
100111101010001011010100110101100000000000000000000000000000000000000000000000000100101010111100
100111101010001011010100110101100000000000000000000000000000000000000000000000100111001110000101
100111101010001011010100110101100000000000000000000000000000000000000000000000000001011110010001
100111101010001011010100110101100000000000000000000000000000000000000000000000001110100001011101
100111101010001011010100110101100000000000000000000000000000000000000000000000101000001011000110
100111101010001011010100110101100000000000000000000000000000000000000000000000100110101011101100
100111101010001011010100110101100000000000000000000000000000000000000000000000101010100111001010
100111101010001011010100110101100000000000000000000000000000000000000000000000101110011000101110
100111101010001011010100110101100000000000000000000000000000000000000000000001000011101010100001
100111101010001011010100110101100000000000000000000000000000000000000000000000110010010100101101
100111101010001011010100110101100000000000000000000000000000000000000000000000001111101000100101
100111101010001011010100110101100000000000000000000000000000000000000000000000100010011100101000
100111101010001011010100110101100000000000000000000000000000000000000000000000011111101100111111
100111101010001011010100110101100000000000000000000000000000000000000000000000000111000100010011
100111101010001011010100110101100000000000000000000000000000000000000000000000010011101011111110
100111101010001011010100110101100000000000000000000000000000000000000000000000000001011000111100
100111101010001011010100110101100000000000000000000000000000000000000000000001000011110011111101
100111101010001011010100110101100000000000000000000000000000000000000000000001000101001001000100
100111101010001011010100110101100000000000000000000000000000000000000000000000101011111110000100
100111101010001011010100110101100000000000000000000000000000000000000000000000100100110011011000
100111101010001011010100110101100000000000000000000000000000000000000000000001000001101000001001
100111101010001011010100110101100000000000000000000000000000000000000000000000001010001001100100
100111101010001011010100110101100000000000000000000000000000000000000000000000000010111100101000
100111101010001011010100110101100000000000000000000000000000000000000000000000010001101011010110
100111101010001011010100110101100000000000000000000000000000000000000000000000000000111101001111
100111101010001011010100110101100000000000000000000000000000000000000000000000011111100101000111
100111101010001011010100110101100000000000000000000000000000000000000000000000100100011110000110
100111101010001011010100110101100000000000000000000000000000000000000000000000010010110001001101
100111101010001011010100110101100000000000000000000000000000000000000000000000001000010011001010
100111101010001011010100110101100000000000000000000000000000000000000000000001000010011011011110
100111101010001011010100110101100000000000000000000000000000000000000000000000101010011110110101
100111101010001011010100110101100000000000000000000000000000000000000000000000000110010000101000
100111101010001011010100110101100000000000000000000000000000000000000000000000010000101110011001
100111101010001011010100110101100000000000000000000000000000000000000000000000111101011011101011
100111101010001011010100110101100000000000000000000000000000000000000000000000110000011001100001
100111101010001011010100110101100000000000000000000000000000000000000000000000100111101011001110
100111101010001011010100110101100000000000000000000000000000000000000000000000101110110101001110
100111101010001011010100110101100000000000000000000000000000000000000000000000011011100110100100
100111101010001011010100110101100000000000000000000000000000000000000000000000010101010101001000
100111101010001011010100110101100000000000000000000000000000000000000000000000110000111000100100
100111101010001011010100110101100000000000000000000000000000000000000000000000110101011111010111
100111101010001011010100110101100000000000000000000000000000000000000000000000101011000101110100
100111101010001011010100110101100000000000000000000000000000000000000000000000000111001000001000
100111101010001011010100110101100000000000000000000000000000000000000000000000100000000010010010
100111101010001011010100110101100000000000000000000000000000000000000000000000101111001010010000
100111101010001011010100110101100000000000000000000000000000000000000000000001000000011111101110
100111101010001011010100110101100000000000000000000000000000000000000000000000010000101110000001
100111101010001011010100110101100000000000000000000000000000000000000000000000000011010001011001
100111101010001011010100110101100000000000000000000000000000000000000000000000101010111011000101
100111101010001011010100110101100000000000000000000000000000000000000000000000010101111110111101
100111101010001011010100110101100000000000000000000000000000000000000000000000100000100010000100
100111101010001011010100110101100000000000000000000000000000000000000000000000001111000100100000
100111101010001011010100110101100000000000000000000000000000000000000000000000011111101100011001
100111101010001011010100110101100000000000000000000000000000000000000000000001000001101100011011
100111101010001011010100110101100000000000000000000000000000000000000000000000110110111001001110
100111101010001011010100110101100000000000000000000000000000000000000000000000010000111111001110
100111101010001011010100110101100000000000000000000000000000000000000000000000110001001001001000
100111101010001011010100110101100000000000000000000000000000000000000000000000000000011011010001
100111101010001011010100110101100000000000000000000000000000000000000000000000100000100011110100
100111101010001011010100110101100000000000000000000000000000000000000000000000011111101110100101
100111101010001011010100110101100000000000000000000000000000000000000000000000001111010101101101
100111101010001011010100110101100000000000000000000000000000000000000000000000011101001110101100
100111101010001011010100110101100000000000000000000000000000000000000000000000010011101011110100
100111101010001011010100110101100000000000000000000000000000000000000000000000101001101100000110
100111101010001011010100110101100000000000000000000000000000000000000000000001001000000010101100
100111101010001011010100110101100000000000000000000000000000000000000000000000101111110011001111
100111101010001011010100110101100000000000000000000000000000000000000000000000101101010101101111
100111101010001011010100110101100000000000000000000000000000000000000000000000011010101111101101
100111101010001011010100110101100000000000000000000000000000000000000000000000010010010110010110
100111101010001011010100110101100000000000000000000000000000000000000000000000110011001100001111
100111101010001011010100110101100000000000000000000000000000000000000000000000110101000100010011
100111101010001011010100110101100000000000000000000000000000000000000000000000101111100001011110
100111101010001011010100110101100000000000000000000000000000000000000000000000011110010001101010
100111101010001011010100110101100000000000000000000000000000000000000000000000001101011111010001
100111101010001011010100110101100000000000000000000000000000000000000000000000110110111110110100
100111101010001011010100110101100000000000000000000000000000000000000000000000110100111110110100
100111101010001011010100110101100000000000000000000000000000000000000000000000001011110111111110
100111101010001011010100110101100000000000000000000000000000000000000000000000100010011111011101
100111101010001011010100110101100000000000000000000000000000000000000000000001000011011111001001
100111101010001011010100110101100000000000000000000000000000000000000000000000100011011010111101
100111101010001011010100110101100000000000000000000000000000000000000000000000010111111000011010
100111101010001011010100110101100000000000000000000000000000000000000000000000000110100011010100
100111101010001011010100110101100000000000000000000000000000000000000000000000101010101001110001
100111101010001011010100110101100000000000000000000000000000000000000000000000011000100000001010
100111101010001011010100110101100000000000000000000000000000000000000000000000001010010001011111
100111101010001011010100110101100000000000000000000000000000000000000000000001000110100000101010
100111101010001011010100110101100000000000000000000000000000000000000000000000001101010100011011
100111101010001011010100110101100000000000000000000000000000000000000000000000111001100101110101
100111101010001011010100110101100000000000000000000000000000000000000000000000011011010110000001
100111101010001011010100110101100000000000000000000000000000000000000000000000101100110100010110
100111101010001011010100110101100000000000000000000000000000000000000000000000111010000010111110
100111101010001011010100110101100000000000000000000000000000000000000000000000101101110111011101
100111101010001011010100110101100000000000000000000000000000000000000000000000000111100000001101
100111101010001011010100110101100000000000000000000000000000000000000000000000001111110111001110
100111101010001011010100110101100000000000000000000000000000000000000000000000010111000010001010
100111101010001011010100110101100000000000000000000000000000000000000000000001000010001100101010
100111101010001011010100110101100000000000000000000000000000000000000000000000000110011011110000
100111101010001011010100110101100000000000000000000000000000000000000000000000000101101001100000
100111101010001011010100110101100000000000000000000000000000000000000000000000101111010111110011
100111101010001011010100110101100000000000000000000000000000000000000000000000001100010110111111
100111101010001011010100110101100000000000000000000000000000000000000000000000110000100010111011
100111101010001011010100110101100000000000000000000000000000000000000000000000011111011011101010
100111101010001011010100110101100000000000000000000000000000000000000000000000000011000010010010
100111101010001011010100110101100000000000000000000000000000000000000000000000100111010011010001
100111101010001011010100110101100000000000000000000000000000000000000000000000110011001101110111
100111101010001011010100110101100000000000000000000000000000000000000000000000110000001001100100
100111101010001011010100110101100000000000000000000000000000000000000000000000111110000111011101
100111101010001011010100110101100000000000000000000000000000000000000000000000111111000011010100
100111101010001011010100110101100000000000000000000000000000000000000000000000000100101001010101
100111101010001011010100110101100000000000000000000000000000000000000000000000010011100010001011
100111101010001011010100110101100000000000000000000000000000000000000000000000011110100110010011
100111101010001011010100110101100000000000000000000000000000000000000000000000000110100001110010
100111101010001011010100110101100000000000000000000000000000000000000000000000101101000000111000
100111101010001011010100110101100000000000000000000000000000000000000000000000011011011100110011
100111101010001011010100110101100000000000000000000000000000000000000000000001000110000010000000
100111101010001011010100110101100000000000000000000000000000000000000000000000000001100100110011
100111101010001011010100110101100000000000000000000000000000000000000000000000101100011011110110
100111101010001011010100110101100000000000000000000000000000000000000000000000001001010000101111
100111101010001011010100110101100000000000000000000000000000000000000000000000010010100001100011
100111101010001011010100110101100000000000000000000000000000000000000000000000100111001101000000
100111101010001011010100110101100000000000000000000000000000000000000000000000111000011101100110
100111101010001011010100110101100000000000000000000000000000000000000000000000100101000000000011
100111101010001011010100110101100000000000000000000000000000000000000000000000111010111000000110
100111101010001011010100110101100000000000000000000000000000000000000000000000100000100100000011
100111101010001011010100110101100000000000000000000000000000000000000000000000100110101000110111
100111101010001011010100110101100000000000000000000000000000000000000000000000101111001100001101
100111101010001011010100110101100000000000000000000000000000000000000000000000000101110101110101
100111101010001011010100110101100000000000000000000000000000000000000000000000100100000100100100
100111101010001011010100110101100000000000000000000000000000000000000000000000010110011100101101
100111101010001011010100110101100000000000000000000000000000000000000000000000101110001011100111
100111101010001011010100110101100000000000000000000000000000000000000000000000010101001001010001
100111101010001011010100110101100000000000000000000000000000000000000000000000010100010101001000
100111101010001011010100110101100000000000000000000000000000000000000000000000001011110011000001
100111101010001011010100110101100000000000000000000000000000000000000000000001000011100111010000
100111101010001011010100110101100000000000000000000000000000000000000000000000101111100001100001
100111101010001011010100110101100000000000000000000000000000000000000000000000001111110000011001
100111101010001011010100110101100000000000000000000000000000000000000000000000110110000100110101
100111101010001011010100110101100000000000000000000000000000000000000000000000111101001101100101
100111101010001011010100110101100000000000000000000000000000000000000000000000100010000111010110
100111101010001011010100110101100000000000000000000000000000000000000000000000010001001000101101
100111101010001011010100110101100000000000000000000000000000000000000000000000001010010111011111
100111101010001011010100110101100000000000000000000000000000000000000000000000000110100100110100
100111101010001011010100110101100000000000000000000000000000000000000000000000101011011101100110
100111101010001011010100110101100000000000000000000000000000000000000000000000001001011000001110
100111101010001011010100110101100000000000000000000000000000000000000000000000000011010010010011
100111101010001011010100110101100000000000000000000000000000000000000000000000100010001011011100
100111101010001011010100110101100000000000000000000000000000000000000000000000111000100101001111
100111101010001011010100110101100000000000000000000000000000000000000000000000011101110001110000
100111101010001011010100110101100000000000000000000000000000000000000000000000111001101101101111
100111101010001011010100110101100000000000000000000000000000000000000000000000011111011011001011
100111101010001011010100110101100000000000000000000000000000000000000000000000011010000110101111
100111101010001011010100110101100000000000000000000000000000000000000000000000000100100010101001
100111101010001011010100110101100000000000000000000000000000000000000000000000001011000011000010
100111101010001011010100110101100000000000000000000000000000000000000000000000011110100111010100
100111101010001011010100110101100000000000000000000000000000000000000000000000100111000101111101
100111101010001011010100110101100000000000000000000000000000000000000000000000111101100111110001
100111101010001011010100110101100000000000000000000000000000000000000000000000110101101010100110
100111101010001011010100110101100000000000000000000000000000000000000000000000110000100111000001
100111101010001011010100110101100000000000000000000000000000000000000000000001000110110100010011
100111101010001011010100110101100000000000000000000000000000000000000000000000011000011101101110
100111101010001011010100110101100000000000000000000000000000000000000000000000011010011101011000
100111101010001011010100110101100000000000000000000000000000000000000000000000011111101001000000
100111101010001011010100110101100000000000000000000000000000000000000000000000111110111011101010
100111101010001011010100110101100000000000000000000000000000000000000000000000111110100011011111
100111101010001011010100110101100000000000000000000000000000000000000000000000100000101111000001
100111101010001011010100110101100000000000000000000000000000000000000000000000011011100000011001
100111101010001011010100110101100000000000000000000000000000000000000000000000001000101001110100
100111101010001011010100110101100000000000000000000000000000000000000000000000110111100000101111
100111101010001011010100110101100000000000000000000000000000000000000000000000101100010100001111
100111101010001011010100110101100000000000000000000000000000000000000000000000101101011000111000
100111101010001011010100110101100000000000000000000000000000000000000000000000110000011000111001
100111101010001011010100110101100000000000000000000000000000000000000000000000111100011110001001
100111101010001011010100110101100000000000000000000000000000000000000000000000110011000100101011
100111101010001011010100110101100000000000000000000000000000000000000000000000100001001011001101
100111101010001011010100110101100000000000000000000000000000000000000000000000010101001101101000
100111101010001011010100110101100000000000000000000000000000000000000000000000010110100010010011
100111101010001011010100110101100000000000000000000000000000000000000000000000110101111101001000
100111101010001011010100110101100000000000000000000000000000000000000000000001000111111110010000
100111101010001011010100110101100000000000000000000000000000000000000000000000011100000001000110
100111101010001011010100110101100000000000000000000000000000000000000000000000000110110111010000
100111101010001011010100110101100000000000000000000000000000000000000000000000011110001101100101
100111101010001011010100110101100000000000000000000000000000000000000000000001000010001101101001
100111101010001011010100110101100000000000000000000000000000000000000000000000100100000101001011
100111101010001011010100110101100000000000000000000000000000000000000000000000011000000010111010
100111101010001011010100110101100000000000000000000000000000000000000000000000001110010100111000
100111101010001011010100110101100000000000000000000000000000000000000000000000111000111111100101
100111101010001011010100110101100000000000000000000000000000000000000000000000011110001111110001
100111101010001011010100110101100000000000000000000000000000000000000000000000001110110100010000
100111101010001011010100110101100000000000000000000000000000000000000000000001001000101011110000
100111101010001011010100110101100000000000000000000000000000000000000000000000010011111001001010
100111101010001011010100110101100000000000000000000000000000000000000000000000000111001100110101
100111101010001011010100110101100000000000000000000000000000000000000000000000010000111101000110
100111101010001011010100110101100000000000000000000000000000000000000000000000100110001010000110
100111101010001011010100110101100000000000000000000000000000000000000000000000001110011101001000
100111101010001011010100110101100000000000000000000000000000000000000000000000110000010110110000
100111101010001011010100110101100000000000000000000000000000000000000000000001000101111010000001
100111101010001011010100110101100000000000000000000000000000000000000000000000111110100101000000
100111101010001011010100110101100000000000000000000000000000000000000000000000000010110010101101
100111101010001011010100110101100000000000000000000000000000000000000000000000000101001011100110
100111101010001011010100110101100000000000000000000000000000000000000000000000010101111001010110
100111101010001011010100110101100000000000000000000000000000000000000000000001000100111101111011
100111101010001011010100110101100000000000000000000000000000000000000000000000100110100011001100
100111101010001011010100110101100000000000000000000000000000000000000000000000011110110101110010
100111101010001011010100110101100000000000000000000000000000000000000000000000001110011000011111
100111101010001011010100110101100000000000000000000000000000000000000000000000000011000100011100
100111101010001011010100110101100000000000000000000000000000000000000000000000101101011000101111
100111101010001011010100110101100000000000000000000000000000000000000000000000011111100011100101
100111101010001011010100110101100000000000000000000000000000000000000000000000100000101111101110
100111101010001011010100110101100000000000000000000000000000000000000000000000101011101110100000
100111101010001011010100110101100000000000000000000000000000000000000000000000011110100100011001
100111101010001011010100110101100000000000000000000000000000000000000000000000111011011101010101
100111101010001011010100110101100000000000000000000000000000000000000000000000100000001010111001
100111101010001011010100110101100000000000000000000000000000000000000000000000101111001000111101
100111101010001011010100110101100000000000000000000000000000000000000000000000101010010010110111
100111101010001011010100110101100000000000000000000000000000000000000000000000110011101011101110
100111101010001011010100110101100000000000000000000000000000000000000000000000000101111001000111
100111101010001011010100110101100000000000000000000000000000000000000000000001000111000100110011
100111101010001011010100110101100000000000000000000000000000000000000000000000001110000001010110
100111101010001011010100110101100000000000000000000000000000000000000000000000100110011110100111
100111101010001011010100110101100000000000000000000000000000000000000000000001000011111111011100
100111101010001011010100110101100000000000000000000000000000000000000000000000110001111110110000
100111101010001011010100110101100000000000000000000000000000000000000000000000000000111100010010
100111101010001011010100110101100000000000000000000000000000000000000000000001000101001111000111
100111101010001011010100110101100000000000000000000000000000000000000000000000111000001110110001
100111101010001011010100110101100000000000000000000000000000000000000000000001001000111111110110
100111101010001011010100110101100000000000000000000000000000000000000000000000110001001001011010
100111101010001011010100110101100000000000000000000000000000000000000000000000110000110101110001
100111101010001011010100110101100000000000000000000000000000000000000000000000001010110110101010
100111101010001011010100110101100000000000000000000000000000000000000000000000110101101110001110
100111101010001011010100110101100000000000000000000000000000000000000000000000110000110101101111
100111101010001011010100110101100000000000000000000000000000000000000000000001000111010111011100
100111101010001011010100110101100000000000000000000000000000000000000000000000110001001011100001
100111101010001011010100110101100000000000000000000000000000000000000000000000100001100011100101
100111101010001011010100110101100000000000000000000000000000000000000000000000101001011110100001
100111101010001011010100110101100000000000000000000000000000000000000000000000010100101010111010
100111101010001011010100110101100000000000000000000000000000000000000000000000110101110101010101
100111101010001011010100110101100000000000000000000000000000000000000000000000111010110110100011
100111101010001011010100110101100000000000000000000000000000000000000000000000110001110101011011
100111101010001011010100110101100000000000000000000000000000000000000000000000101111000000000110
100111101010001011010100110101100000000000000000000000000000000000000000000000011010010101001000
100111101010001011010100110101100000000000000000000000000000000000000000000000010011001101101011
100111101010001011010100110101100000000000000000000000000000000000000000000001000000111100011001
100111101010001011010100110101100000000000000000000000000000000000000000000001000011011100101001
100111101010001011010100110101100000000000000000000000000000000000000000000000010010010000100010
100111101010001011010100110101100000000000000000000000000000000000000000000000000101100000101001
100111101010001011010100110101100000000000000000000000000000000000000000000000001101110000111010
100111101010001011010100110101100000000000000000000000000000000000000000000000010000010101110011
100111101010001011010100110101100000000000000000000000000000000000000000000000101101010001011101
100111101010001011010100110101100000000000000000000000000000000000000000000000100100001101110010
100111101010001011010100110101100000000000000000000000000000000000000000000000111101000110110011
100111101010001011010100110101100000000000000000000000000000000000000000000000011110101101000000
100111101010001011010100110101100000000000000000000000000000000000000000000000111000000010001010
100111101010001011010100110101100000000000000000000000000000000000000000000001000011011011010000
100111101010001011010100110101100000000000000000000000000000000000000000000000101000001000111111
100111101010001011010100110101100000000000000000000000000000000000000000000000001100011111111101
100111101010001011010100110101100000000000000000000000000000000000000000000000001100010111011111
100111101010001011010100110101100000000000000000000000000000000000000000000000001101100101101011
100111101010001011010100110101100000000000000000000000000000000000000000000000001010010010011100
100111101010001011010100110101100000000000000000000000000000000000000000000000000100001000110000
100111101010001011010100110101100000000000000000000000000000000000000000000000111000101101100111
100111101010001011010100110101100000000000000000000000000000000000000000000000000100111000110011
100111101010001011010100110101100000000000000000000000000000000000000000000000011011110111011100
100111101010001011010100110101100000000000000000000000000000000000000000000000000001101111100100
100111101010001011010100110101100000000000000000000000000000000000000000000000011100100011111011
100111101010001011010100110101100000000000000000000000000000000000000000000001000001100011100011
100111101010001011010100110101100000000000000000000000000000000000000000000000110000111010110110
100111101010001011010100110101100000000000000000000000000000000000000000000001000101101011001010
100111101010001011010100110101100000000000000000000000000000000000000000000000100001101010010010
100111101010001011010100110101100000000000000000000000000000000000000000000000110100010011110001
100111101010001011010100110101100000000000000000000000000000000000000000000000011111011001110010
100111101010001011010100110101100000000000000000000000000000000000000000000000100100001110000100
100111101010001011010100110101100000000000000000000000000000000000000000000000000101111010001001
100111101010001011010100110101100000000000000000000000000000000000000000000000011101100100010110
100111101010001011010100110101100000000000000000000000000000000000000000000000101111010101101100
100111101010001011010100110101100000000000000000000000000000000000000000000000001010101100000100
100111101010001011010100110101100000000000000000000000000000000000000000000000010111110000010110
100111101010001011010100110101100000000000000000000000000000000000000000000000111011000110011001
100111101010001011010100110101100000000000000000000000000000000000000000000000111000100101110110
100111101010001011010100110101100000000000000000000000000000000000000000000000111011001000111011
100111101010001011010100110101100000000000000000000000000000000000000000000000101001011111001000
100111101010001011010100110101100000000000000000000000000000000000000000000001001000000011110010
100111101010001011010100110101100000000000000000000000000000000000000000000001000000100011011010
100111101010001011010100110101100000000000000000000000000000000000000000000000101101010111010011
100111101010001011010100110101100000000000000000000000000000000000000000000000101111010011100110
100111101010001011010100110101100000000000000000000000000000000000000000000000001001101111011101
100111101010001011010100110101100000000000000000000000000000000000000000000000011000101001111001
100111101010001011010100110101100000000000000000000000000000000000000000000000000101110100101010
100111101010001011010100110101100000000000000000000000000000000000000000000000010010011111101000
100111101010001011010100110101100000000000000000000000000000000000000000000000010010000111010100
100111101010001011010100110101100000000000000000000000000000000000000000000000111011010100111101
100111101010001011010100110101100000000000000000000000000000000000000000000000011010100101111100
100111101010001011010100110101100000000000000000000000000000000000000000000000111100100000010001
100111101010001011010100110101100000000000000000000000000000000000000000000000000000111110111100
100111101010001011010100110101100000000000000000000000000000000000000000000000000011000111111010
100111101010001011010100110101100000000000000000000000000000000000000000000000011111000011100101
100111101010001011010100110101100000000000000000000000000000000000000000000000001010001100100111
100111101010001011010100110101100000000000000000000000000000000000000000000000111110111010001010
100111101010001011010100110101100000000000000000000000000000000000000000000000001110110010110111
100111101010001011010100110101100000000000000000000000000000000000000000000000011000101001101010
100111101010001011010100110101100000000000000000000000000000000000000000000000111011100011011011
100111101010001011010100110101100000000000000000000000000000000000000000000000010011101110010111
100111101010001011010100110101100000000000000000000000000000000000000000000000001001110011100100
100111101010001011010100110101100000000000000000000000000000000000000000000000010110011110101100
100111101010001011010100110101100000000000000000000000000000000000000000000000000100000010001110
100111101010001011010100110101100000000000000000000000000000000000000000000000111101111011000010
100111101010001011010100110101100000000000000000000000000000000000000000000000100100111101101110
100111101010001011010100110101100000000000000000000000000000000000000000000000100110110100101101
100111101010001011010100110101100000000000000000000000000000000000000000000000100010111001110101
100111101010001011010100110101100000000000000000000000000000000000000000000000110110101001100100
100111101010001011010100110101100000000000000000000000000000000000000000000000010111000110011101
100111101010001011010100110101100000000000000000000000000000000000000000000001000001010111000010
100111101010001011010100110101100000000000000000000000000000000000000000000000100100011011011010
100111101010001011010100110101100000000000000000000000000000000000000000000000101100111011110111
100111101010001011010100110101100000000000000000000000000000000000000000000000010100101010101011
100111101010001011010100110101100000000000000000000000000000000000000000000000100000001000001000
100111101010001011010100110101100000000000000000000000000000000000000000000001000111110001111110
100111101010001011010100110101100000000000000000000000000000000000000000000000001010111110010011
100111101010001011010100110101100000000000000000000000000000000000000000000000100011000000101100
100111101010001011010100110101100000000000000000000000000000000000000000000000000000101101000110
100111101010001011010100110101100000000000000000000000000000000000000000000000101010101000111100
100111101010001011010100110101100000000000000000000000000000000000000000000001000011111000110111
100111101010001011010100110101100000000000000000000000000000000000000000000000111011111011000101
100111101010001011010100110101100000000000000000000000000000000000000000000000010101010011110011
100111101010001011010100110101100000000000000000000000000000000000000000000000000111001101000011
100111101010001011010100110101100000000000000000000000000000000000000000000000001000011010000101
100111101010001011010100110101100000000000000000000000000000000000000000000001000101110010101011
100111101010001011010100110101100000000000000000000000000000000000000000000001000000010110100011
100111101010001011010100110101100000000000000000000000000000000000000000000001000010101100000110
100111101010001011010100110101100000000000000000000000000000000000000000000000001010001101010111
100111101010001011010100110101100000000000000000000000000000000000000000000000101001011110100100
100111101010001011010100110101100000000000000000000000000000000000000000000000000000010001001100
100111101010001011010100110101100000000000000000000000000000000000000000000000000100100010110111
100111101010001011010100110101100000000000000000000000000000000000000000000000011000011000001000
100111101010001011010100110101100000000000000000000000000000000000000000000000010001000110110111
100111101010001011010100110101100000000000000000000000000000000000000000000000000011101110001010
100111101010001011010100110101100000000000000000000000000000000000000000000000100110100101000001
100111101010001011010100110101100000000000000000000000000000000000000000000000110011001100111101
100111101010001011010100110101100000000000000000000000000000000000000000000000111111100110001011
100111101010001011010100110101100000000000000000000000000000000000000000000000010110000001111001
100111101010001011010100110101100000000000000000000000000000000000000000000000011110011101111101
100111101010001011010100110101100000000000000000000000000000000000000000000000100100011000001100
100111101010001011010100110101100000000000000000000000000000000000000000000000001001000000011111
100111101010001011010100110101100000000000000000000000000000000000000000000000111000100001111011
100111101010001011010100110101100000000000000000000000000000000000000000000000110110111110111000
100111101010001011010100110101100000000000000000000000000000000000000000000000001010110111001110
100111101010001011010100110101100000000000000000000000000000000000000000000000111001000100101111
100111101010001011010100110101100000000000000000000000000000000000000000000000001000110101000100
100111101010001011010100110101100000000000000000000000000000000000000000000000101010001101000001
100111101010001011010100110101100000000000000000000000000000000000000000000000111100000000010111
100111101010001011010100110101100000000000000000000000000000000000000000000001000010110100101110
100111101010001011010100110101100000000000000000000000000000000000000000000000101101101001110001
100111101010001011010100110101100000000000000000000000000000000000000000000000011111100001011011
100111101010001011010100110101100000000000000000000000000000000000000000000000011110110011011100
100111101010001011010100110101100000000000000000000000000000000000000000000000010101100110101001
100111101010001011010100110101100000000000000000000000000000000000000000000000001011011101000101
100111101010001011010100110101100000000000000000000000000000000000000000000000110110101000011111
100111101010001011010100110101100000000000000000000000000000000000000000000000001111001010011100
100111101010001011010100110101100000000000000000000000000000000000000000000000000010101001001000
100111101010001011010100110101100000000000000000000000000000000000000000000000111111111111011110
100111101010001011010100110101100000000000000000000000000000000000000000000000001001110111010000
100111101010001011010100110101100000000000000000000000000000000000000000000000011011010011001111
100111101010001011010100110101100000000000000000000000000000000000000000000000011000110000110010
100111101010001011010100110101100000000000000000000000000000000000000000000000000000101001110111
100111101010001011010100110101100000000000000000000000000000000000000000000000010101100101101110
100111101010001011010100110101100000000000000000000000000000000000000000000000111110110011010101
100111101010001011010100110101100000000000000000000000000000000000000000000000001000001111110100
100111101010001011010100110101100000000000000000000000000000000000000000000000111011001101001001
100111101010001011010100110101100000000000000000000000000000000000000000000001000111101111001110
100111101010001011010100110101100000000000000000000000000000000000000000000000101101001101101100
100111101010001011010100110101100000000000000000000000000000000000000000000000110011111110101000
100111101010001011010100110101100000000000000000000000000000000000000000000001000110011100100010
100111101010001011010100110101100000000000000000000000000000000000000000000000101111100010111010
100111101010001011010100110101100000000000000000000000000000000000000000000001000101000100000011
100111101010001011010100110101100000000000000000000000000000000000000000000001000001100000111000
100111101010001011010100110101100000000000000000000000000000000000000000000000011110000010111110
100111101010001011010100110101100000000000000000000000000000000000000000000000010000111101100010
100111101010001011010100110101100000000000000000000000000000000000000000000000110001011111001101
100111101010001011010100110101100000000000000000000000000000000000000000000000100001100010011100
100111101010001011010100110101100000000000000000000000000000000000000000000000010100010001110000
100111101010001011010100110101100000000000000000000000000000000000000000000000011011000111010111
100111101010001011010100110101100000000000000000000000000000000000000000000000100011100110000011
100111101010001011010100110101100000000000000000000000000000000000000000000000001000000000001100
100111101010001011010100110101100000000000000000000000000000000000000000000000000010111000101111
100111101010001011010100110101100000000000000000000000000000000000000000000000101111110000110100
100111101010001011010100110101100000000000000000000000000000000000000000000000010111111110100100
100111101010001011010100110101100000000000000000000000000000000000000000000000110001101110101001
100111101010001011010100110101100000000000000000000000000000000000000000000000111101010010010011
100111101010001011010100110101100000000000000000000000000000000000000000000001001000000010010000
100111101010001011010100110101100000000000000000000000000000000000000000000000001101101001111010
100111101010001011010100110101100000000000000000000000000000000000000000000000101001001001000110
100111101010001011010100110101100000000000000000000000000000000000000000000001000011101001110101
100111101010001011010100110101100000000000000000000000000000000000000000000001001000111011010101
100111101010001011010100110101100000000000000000000000000000000000000000000000010110001100111110
100111101010001011010100110101100000000000000000000000000000000000000000000000111010000010111011
100111101010001011010100110101100000000000000000000000000000000000000000000000101101100101011111
100111101010001011010100110101100000000000000000000000000000000000000000000000011110101111111001
100111101010001011010100110101100000000000000000000000000000000000000000000000110110010000101100
100111101010001011010100110101100000000000000000000000000000000000000000000000101110100110010110
100111101010001011010100110101100000000000000000000000000000000000000000000000111001010111010010
100111101010001011010100110101100000000000000000000000000000000000000000000000100010110011001110
100111101010001011010100110101100000000000000000000000000000000000000000000000011111111100110100
100111101010001011010100110101100000000000000000000000000000000000000000000000011111110111011001
100111101010001011010100110101100000000000000000000000000000000000000000000000110100101000001111
100111101010001011010100110101100000000000000000000000000000000000000000000000001011100011100111
100111101010001011010100110101100000000000000000000000000000000000000000000000010101000010011011
100111101010001011010100110101100000000000000000000000000000000000000000000000101111010010110100
100111101010001011010100110101100000000000000000000000000000000000000000000001000110111011100111
100111101010001011010100110101100000000000000000000000000000000000000000000000011010010100001001
100111101010001011010100110101100000000000000000000000000000000000000000000000100110000011101110
100111101010001011010100110101100000000000000000000000000000000000000000000000001011101011001100
100111101010001011010100110101100000000000000000000000000000000000000000000000110100111010111100
100111101010001011010100110101100000000000000000000000000000000000000000000000000111111100111011
100111101010001011010100110101100000000000000000000000000000000000000000000000001101100000000001
100111101010001011010100110101100000000000000000000000000000000000000000000000000101001001100101
100111101010001011010100110101100000000000000000000000000000000000000000000000001011110101010001
100111101010001011010100110101100000000000000000000000000000000000000000000000001001000110111011
100111101010001011010100110101100000000000000000000000000000000000000000000000011101001110000101
100111101010001011010100110101100000000000000000000000000000000000000000000000011110010001110010
100111101010001011010100110101100000000000000000000000000000000000000000000001000101111000000011
100111101010001011010100110101100000000000000000000000000000000000000000000000001100101111011100
100111101010001011010100110101100000000000000000000000000000000000000000000000101110111100111011
100111101010001011010100110101100000000000000000000000000000000000000000000000000011000110100111
100111101010001011010100110101100000000000000000000000000000000000000000000000001011101010010100
100111101010001011010100110101100000000000000000000000000000000000000000000000000011010101110011
100111101010001011010100110101100000000000000000000000000000000000000000000000101010110000010111
100111101010001011010100110101100000000000000000000000000000000000000000000000110000000000001110
100111101010001011010100110101100000000000000000000000000000000000000000000001000111010001011111
100111101010001011010100110101100000000000000000000000000000000000000000000000011110011011010001
100111101010001011010100110101100000000000000000000000000000000000000000000000100011111010011000
100111101010001011010100110101100000000000000000000000000000000000000000000000100010010010101101
100111101010001011010100110101100000000000000000000000000000000000000000000000001110001101101111
100111101010001011010100110101100000000000000000000000000000000000000000000000100000110011100000
100111101010001011010100110101100000000000000000000000000000000000000000000000001110011010011011
100111101010001011010100110101100000000000000000000000000000000000000000000000010101000010101010
100111101010001011010100110101100000000000000000000000000000000000000000000001000111011100110010
100111101010001011010100110101100000000000000000000000000000000000000000000000001001001010000101
100111101010001011010100110101100000000000000000000000000000000000000000000000111000101100011011
100111101010001011010100110101100000000000000000000000000000000000000000000000001111101000110110
100111101010001011010100110101100000000000000000000000000000000000000000000000100100111000111111
100111101010001011010100110101100000000000000000000000000000000000000000000000001100011101001101
100111101010001011010100110101100000000000000000000000000000000000000000000000110100000011011111
100111101010001011010100110101100000000000000000000000000000000000000000000000011010111010000001
100111101010001011010100110101100000000000000000000000000000000000000000000000111000100000110000
100111101010001011010100110101100000000000000000000000000000000000000000000001000001001101101100
100111101010001011010100110101100000000000000000000000000000000000000000000000000100100110100000
100111101010001011010100110101100000000000000000000000000000000000000000000001000011011110000001
100111101010001011010100110101100000000000000000000000000000000000000000000000111111101100110110
100111101010001011010100110101100000000000000000000000000000000000000000000001000100100011010001
100111101010001011010100110101100000000000000000000000000000000000000000000000110110111011010111
100111101010001011010100110101100000000000000000000000000000000000000000000001000100111001000110
100111101010001011010100110101100000000000000000000000000000000000000000000000011011101000000000
100111101010001011010100110101100000000000000000000000000000000000000000000000110110111010001100
100111101010001011010100110101100000000000000000000000000000000000000000000000010000101000101111
100111101010001011010100110101100000000000000000000000000000000000000000000000001010011101101111
100111101010001011010100110101100000000000000000000000000000000000000000000001000011111000110011
100111101010001011010100110101100000000000000000000000000000000000000000000000101001000001101110
100111101010001011010100110101100000000000000000000000000000000000000000000001000111111011110111
100111101010001011010100110101100000000000000000000000000000000000000000000000100011100011110100
100111101010001011010100110101100000000000000000000000000000000000000000000000110011110011011111
100111101010001011010100110101100000000000000000000000000000000000000000000000110010100110110110
100111101010001011010100110101100000000000000000000000000000000000000000000000101000001101011010
100111101010001011010100110101100000000000000000000000000000000000000000000000001010101111110100
100111101010001011010100110101100000000000000000000000000000000000000000000000111001110010001100
100111101010001011010100110101100000000000000000000000000000000000000000000000001111111011000100
100111101010001011010100110101100000000000000000000000000000000000000000000000011101110101001000
100111101010001011010100110101100000000000000000000000000000000000000000000000001111101111111101
100111101010001011010100110101100000000000000000000000000000000000000000000000110010101111111110
100111101010001011010100110101100000000000000000000000000000000000000000000000100101110000010000
100111101010001011010100110101100000000000000000000000000000000000000000000000101101111100101101
100111101010001011010100110101100000000000000000000000000000000000000000000000101110111000000100
100111101010001011010100110101100000000000000000000000000000000000000000000000001010000001111010
100111101010001011010100110101100000000000000000000000000000000000000000000000001101010001110000
100111101010001011010100110101100000000000000000000000000000000000000000000000110111000001011001
100111101010001011010100110101100000000000000000000000000000000000000000000000101111010001111000
100111101010001011010100110101100000000000000000000000000000000000000000000000100001010101011011
100111101010001011010100110101100000000000000000000000000000000000000000000001000110010001100010
100111101010001011010100110101100000000000000000000000000000000000000000000000011111001000000010
100111101010001011010100110101100000000000000000000000000000000000000000000000101001000110111110
100111101010001011010100110101100000000000000000000000000000000000000000000000001100000101000011
100111101010001011010100110101100000000000000000000000000000000000000000000000100101011111100001
100111101010001011010100110101100000000000000000000000000000000000000000000000111101101101000000
100111101010001011010100110101100000000000000000000000000000000000000000000000110101000010000001
100111101010001011010100110101100000000000000000000000000000000000000000000000011100111011100100
100111101010001011010100110101100000000000000000000000000000000000000000000001001000011001100011
100111101010001011010100110101100000000000000000000000000000000000000000000000111001011111001010
100111101010001011010100110101100000000000000000000000000000000000000000000000111010001001110001
100111101010001011010100110101100000000000000000000000000000000000000000000000100010000101110010
100111101010001011010100110101100000000000000000000000000000000000000000000000100010011011110101
100111101010001011010100110101100000000000000000000000000000000000000000000000000011101000100101
100111101010001011010100110101100000000000000000000000000000000000000000000000000011000001101100
100111101010001011010100110101100000000000000000000000000000000000000000000000000101111110011100
100111101010001011010100110101100000000000000000000000000000000000000000000001000000100011100000
100111101010001011010100110101100000000000000000000000000000000000000000000000010100111101111000
100111101010001011010100110101100000000000000000000000000000000000000000000000011110010111111010
100111101010001011010100110101100000000000000000000000000000000000000000000000001110000001000011
100111101010001011010100110101100000000000000000000000000000000000000000000000100010001100100101
100111101010001011010100110101100000000000000000000000000000000000000000000000100110000010100010
100111101010001011010100110101100000000000000000000000000000000000000000000000100100101101110111
100111101010001011010100110101100000000000000000000000000000000000000000000000010001001010000110
100111101010001011010100110101100000000000000000000000000000000000000000000000010011111110001001
100111101010001011010100110101100000000000000000000000000000000000000000000000010001011110100100
100111101010001011010100110101100000000000000000000000000000000000000000000000101110101100110010
100111101010001011010100110101100000000000000000000000000000000000000000000000110010001011101110
100111101010001011010100110101100000000000000000000000000000000000000000000000101000101001100111
100111101010001011010100110101100000000000000000000000000000000000000000000000001000011111000011
100111101010001011010100110101100000000000000000000000000000000000000000000000111100100111111011
100111101010001011010100110101100000000000000000000000000000000000000000000000110011000110100011
100111101010001011010100110101100000000000000000000000000000000000000000000000000011010000111100
100111101010001011010100110101100000000000000000000000000000000000000000000000011101101111010000
100111101010001011010100110101100000000000000000000000000000000000000000000001001001001011101000
100111101010001011010100110101100000000000000000000000000000000000000000000000110100110011110100
100111101010001011010100110101100000000000000000000000000000000000000000000000011000101001010011
100111101010001011010100110101100000000000000000000000000000000000000000000000110000010001001101
100111101010001011010100110101100000000000000000000000000000000000000000000000110111010011111001
100111101010001011010100110101100000000000000000000000000000000000000000000000001111110011111001
100111101010001011010100110101100000000000000000000000000000000000000000000000011110011111111010
100111101010001011010100110101100000000000000000000000000000000000000000000000011001101011001110
100111101010001011010100110101100000000000000000000000000000000000000000000000110110110101111101
100111101010001011010100110101100000000000000000000000000000000000000000000000001100011001010110
100111101010001011010100110101100000000000000000000000000000000000000000000000011011001101101001
100111101010001011010100110101100000000000000000000000000000000000000000000000001011000111110010
100111101010001011010100110101100000000000000000000000000000000000000000000000011011100100111000
100111101010001011010100110101100000000000000000000000000000000000000000000000111010101010011101
100111101010001011010100110101100000000000000000000000000000000000000000000001000000011001100001
100111101010001011010100110101100000000000000000000000000000000000000000000000111010101010101100
100111101010001011010100110101100000000000000000000000000000000000000000000001000110111001110000
100111101010001011010100110101100000000000000000000000000000000000000000000000010000111000110110
100111101010001011010100110101100000000000000000000000000000000000000000000000110100010110010101
100111101010001011010100110101100000000000000000000000000000000000000000000000101011001101100001
100111101010001011010100110101100000000000000000000000000000000000000000000001001000001111111000
100111101010001011010100110101100000000000000000000000000000000000000000000000011000001001110010
100111101010001011010100110101100000000000000000000000000000000000000000000000000100101110011011
100111101010001011010100110101100000000000000000000000000000000000000000000000000100001111100011
100111101010001011010100110101100000000000000000000000000000000000000000000000000111010011001010
100111101010001011010100110101100000000000000000000000000000000000000000000000000100011101100010
100111101010001011010100110101100000000000000000000000000000000000000000000000110100111110010011
100111101010001011010100110101100000000000000000000000000000000000000000000000111001110010100101
100111101010001011010100110101100000000000000000000000000000000000000000000000010110101010010110
100111101010001011010100110101100000000000000000000000000000000000000000000000111011011001001001
100111101010001011010100110101100000000000000000000000000000000000000000000000100111110010110100
100111101010001011010100110101100000000000000000000000000000000000000000000000010001111100100101
100111101010001011010100110101100000000000000000000000000000000000000000000000100010010101100000
100111101010001011010100110101100000000000000000000000000000000000000000000000111100110110011000
100111101010001011010100110101100000000000000000000000000000000000000000000000011100101010100001
100111101010001011010100110101100000000000000000000000000000000000000000000000111111100111000010
100111101010001011010100110101100000000000000000000000000000000000000000000000100010100010000000
