100111101010001011010100110101100000000000000000000000000000000000000000000000101100110110001000
100111101010001011010100110101100000000000000000000000000000000000000000000000001010110101000000
100111101010001011010100110101100000000000000000000000000000000000000000000000000010111111011001
100111101010001011010100110101100000000000000000000000000000000000000000000001000100010001111111
100111101010001011010100110101100000000000000000000000000000000000000000000000110001000100110110
100111101010001011010100110101100000000000000000000000000000000000000000000000010111101100100110
100111101010001011010100110101100000000000000000000000000000000000000000000000010011100001111011
100111101010001011010100110101100000000000000000000000000000000000000000000000101000100110000000
100111101010001011010100110101100000000000000000000000000000000000000000000000001100010011000000
100111101010001011010100110101100000000000000000000000000000000000000000000000000001001000000111
100111101010001011010100110101100000000000000000000000000000000000000000000000011110000011100011
100111101010001011010100110101100000000000000000000000000000000000000000000000110101000101011111
100111101010001011010100110101100000000000000000000000000000000000000000000001000000111111111101
100111101010001011010100110101100000000000000000000000000000000000000000000000100010100100101011
100111101010001011010100110101100000000000000000000000000000000000000000000000001010001100010100
100111101010001011010100110101100000000000000000000000000000000000000000000000010011000100100101
100111101010001011010100110101100000000000000000000000000000000000000000000001000011010101101000
100111101010001011010100110101100000000000000000000000000000000000000000000000101111001011010111
100111101010001011010100110101100000000000000000000000000000000000000000000000100100101011111001
100111101010001011010100110101100000000000000000000000000000000000000000000000001101101110000110
100111101010001011010100110101100000000000000000000000000000000000000000000000010111101000000101
100111101010001011010100110101100000000000000000000000000000000000000000000000000001101011110000
100111101010001011010100110101100000000000000000000000000000000000000000000000011000110011101001
100111101010001011010100110101100000000000000000000000000000000000000000000000011000000110011000
100111101010001011010100110101100000000000000000000000000000000000000000000000101010000011011110
100111101010001011010100110101100000000000000000000000000000000000000000000000000011101001000111
100111101010001011010100110101100000000000000000000000000000000000000000000000110111001110000000
100111101010001011010100110101100000000000000000000000000000000000000000000000000000011001110011
100111101010001011010100110101100000000000000000000000000000000000000000000000001101111000011010
100111101010001011010100110101100000000000000000000000000000000000000000000000000100111001001110
100111101010001011010100110101100000000000000000000000000000000000000000000000110011011101100111
100111101010001011010100110101100000000000000000000000000000000000000000000000011011000110011010
100111101010001011010100110101100000000000000000000000000000000000000000000000101100101001010101
100111101010001011010100110101100000000000000000000000000000000000000000000000000111011101000111
100111101010001011010100110101100000000000000000000000000000000000000000000000000111000000001110
100111101010001011010100110101100000000000000000000000000000000000000000000000010111100110111011
100111101010001011010100110101100000000000000000000000000000000000000000000001000111100101100001
100111101010001011010100110101100000000000000000000000000000000000000000000000000111001101000001
100111101010001011010100110101100000000000000000000000000000000000000000000000001001111000110010
100111101010001011010100110101100000000000000000000000000000000000000000000000001010101101000101
100111101010001011010100110101100000000000000000000000000000000000000000000000011000000111111010
100111101010001011010100110101100000000000000000000000000000000000000000000000010011011010111110
100111101010001011010100110101100000000000000000000000000000000000000000000000110100000011100110
100111101010001011010100110101100000000000000000000000000000000000000000000000111101100010100001
100111101010001011010100110101100000000000000000000000000000000000000000000000110100100011001100
100111101010001011010100110101100000000000000000000000000000000000000000000000101000101001110000
100111101010001011010100110101100000000000000000000000000000000000000000000001001000101010111000
100111101010001011010100110101100000000000000000000000000000000000000000000000011101010011010001
100111101010001011010100110101100000000000000000000000000000000000000000000000101101100010101011
100111101010001011010100110101100000000000000000000000000000000000000000000000101100011101010011
100111101010001011010100110101100000000000000000000000000000000000000000000000000101100011101000
100111101010001011010100110101100000000000000000000000000000000000000000000000011101001011000101
100111101010001011010100110101100000000000000000000000000000000000000000000000101111011100000110
100111101010001011010100110101100000000000000000000000000000000000000000000000101110011110110110
100111101010001011010100110101100000000000000000000000000000000000000000000000101100111010100110
100111101010001011010100110101100000000000000000000000000000000000000000000001000001110110011001
100111101010001011010100110101100000000000000000000000000000000000000000000000011011011000000111
100111101010001011010100110101100000000000000000000000000000000000000000000000011001010110111011
100111101010001011010100110101100000000000000000000000000000000000000000000000010010101010100001
100111101010001011010100110101100000000000000000000000000000000000000000000001000001111011101001
100111101010001011010100110101100000000000000000000000000000000000000000000000011110000000000110
100111101010001011010100110101100000000000000000000000000000000000000000000000110101010000100101
100111101010001011010100110101100000000000000000000000000000000000000000000000110011101000011101
100111101010001011010100110101100000000000000000000000000000000000000000000000101101010001000011
100111101010001011010100110101100000000000000000000000000000000000000000000001000010001100000011
100111101010001011010100110101100000000000000000000000000000000000000000000000101111011011100000
100111101010001011010100110101100000000000000000000000000000000000000000000000100110010100110011
100111101010001011010100110101100000000000000000000000000000000000000000000001000100110000010100
100111101010001011010100110101100000000000000000000000000000000000000000000000110111000010100011
100111101010001011010100110101100000000000000000000000000000000000000000000000110110110100010111
100111101010001011010100110101100000000000000000000000000000000000000000000000111000001010001100
100111101010001011010100110101100000000000000000000000000000000000000000000000000110111011010111
100111101010001011010100110101100000000000000000000000000000000000000000000000110101011001010000
100111101010001011010100110101100000000000000000000000000000000000000000000000100101100011111001
100111101010001011010100110101100000000000000000000000000000000000000000000000011101111111111011
100111101010001011010100110101100000000000000000000000000000000000000000000000011011100101111100
100111101010001011010100110101100000000000000000000000000000000000000000000000011000110010110011
100111101010001011010100110101100000000000000000000000000000000000000000000001000010011001111100
100111101010001011010100110101100000000000000000000000000000000000000000000000100100100100001100
100111101010001011010100110101100000000000000000000000000000000000000000000000111110011001011100
100111101010001011010100110101100000000000000000000000000000000000000000000000101110111100010001
100111101010001011010100110101100000000000000000000000000000000000000000000000001010101111000110
100111101010001011010100110101100000000000000000000000000000000000000000000000101001010001100010
100111101010001011010100110101100000000000000000000000000000000000000000000000001101101010110010
100111101010001011010100110101100000000000000000000000000000000000000000000001000010100110100111
100111101010001011010100110101100000000000000000000000000000000000000000000000111100100111101001
100111101010001011010100110101100000000000000000000000000000000000000000000000111101010011000011
100111101010001011010100110101100000000000000000000000000000000000000000000000100001100001101001
100111101010001011010100110101100000000000000000000000000000000000000000000000010110110101101010
100111101010001011010100110101100000000000000000000000000000000000000000000000110100101101111111
100111101010001011010100110101100000000000000000000000000000000000000000000000111100011000100101
100111101010001011010100110101100000000000000000000000000000000000000000000000101111001000000001
100111101010001011010100110101100000000000000000000000000000000000000000000000110100011110100000
100111101010001011010100110101100000000000000000000000000000000000000000000000000110101111001101
100111101010001011010100110101100000000000000000000000000000000000000000000000101100110100011110
100111101010001011010100110101100000000000000000000000000000000000000000000000101101110101101010
100111101010001011010100110101100000000000000000000000000000000000000000000000101010001011111011
100111101010001011010100110101100000000000000000000000000000000000000000000000010100000011001100
100111101010001011010100110101100000000000000000000000000000000000000000000000111000110001100110
100111101010001011010100110101100000000000000000000000000000000000000000000000101011110010101001
100111101010001011010100110101100000000000000000000000000000000000000000000001000100100110111111
100111101010001011010100110101100000000000000000000000000000000000000000000000001101001011110111
100111101010001011010100110101100000000000000000000000000000000000000000000000110101000010010110
100111101010001011010100110101100000000000000000000000000000000000000000000001001000110101000001
100111101010001011010100110101100000000000000000000000000000000000000000000001000011111000110010
100111101010001011010100110101100000000000000000000000000000000000000000000000000101011110010110
100111101010001011010100110101100000000000000000000000000000000000000000000000101000011011100100
100111101010001011010100110101100000000000000000000000000000000000000000000000100101110011101000
100111101010001011010100110101100000000000000000000000000000000000000000000000001110111000100001
100111101010001011010100110101100000000000000000000000000000000000000000000001000000010011011100
100111101010001011010100110101100000000000000000000000000000000000000000000001000001100100110001
100111101010001011010100110101100000000000000000000000000000000000000000000000110000101110110010
100111101010001011010100110101100000000000000000000000000000000000000000000000000011101011111101
100111101010001011010100110101100000000000000000000000000000000000000000000000000010101000010010
100111101010001011010100110101100000000000000000000000000000000000000000000000111000011000010111
100111101010001011010100110101100000000000000000000000000000000000000000000000101101001000110011
100111101010001011010100110101100000000000000000000000000000000000000000000000011010001001100011
100111101010001011010100110101100000000000000000000000000000000000000000000000011001111011101010
100111101010001011010100110101100000000000000000000000000000000000000000000000000011111100010110
100111101010001011010100110101100000000000000000000000000000000000000000000000001010111101010100
100111101010001011010100110101100000000000000000000000000000000000000000000000100101001010100001
100111101010001011010100110101100000000000000000000000000000000000000000000000001010000100110011
100111101010001011010100110101100000000000000000000000000000000000000000000000011001001000000101
100111101010001011010100110101100000000000000000000000000000000000000000000000101000110100010100
100111101010001011010100110101100000000000000000000000000000000000000000000000111111010011011111
100111101010001011010100110101100000000000000000000000000000000000000000000000001000111001001101
100111101010001011010100110101100000000000000000000000000000000000000000000000110100011000100110
100111101010001011010100110101100000000000000000000000000000000000000000000000000010100100010110
100111101010001011010100110101100000000000000000000000000000000000000000000000100010011111011010
100111101010001011010100110101100000000000000000000000000000000000000000000000001010110000011000
100111101010001011010100110101100000000000000000000000000000000000000000000001000000100011100001
100111101010001011010100110101100000000000000000000000000000000000000000000000010000010111001000
100111101010001011010100110101100000000000000000000000000000000000000000000000111110000000000010
100111101010001011010100110101100000000000000000000000000000000000000000000000100011101100000000
100111101010001011010100110101100000000000000000000000000000000000000000000000010111111000100001
100111101010001011010100110101100000000000000000000000000000000000000000000000011101011111110010
100111101010001011010100110101100000000000000000000000000000000000000000000000110100111000001100
100111101010001011010100110101100000000000000000000000000000000000000000000000001000000000110101
100111101010001011010100110101100000000000000000000000000000000000000000000000010100101100100000
100111101010001011010100110101100000000000000000000000000000000000000000000001000011011001110111
100111101010001011010100110101100000000000000000000000000000000000000000000000101110011100011001
100111101010001011010100110101100000000000000000000000000000000000000000000000101100110011100010
100111101010001011010100110101100000000000000000000000000000000000000000000000101111100010111110
100111101010001011010100110101100000000000000000000000000000000000000000000001000110001100011001
100111101010001011010100110101100000000000000000000000000000000000000000000001000011000001010111
100111101010001011010100110101100000000000000000000000000000000000000000000000110011110110000011
100111101010001011010100110101100000000000000000000000000000000000000000000000110100101000100111
100111101010001011010100110101100000000000000000000000000000000000000000000000011010001100101001
100111101010001011010100110101100000000000000000000000000000000000000000000001000000110111011110
100111101010001011010100110101100000000000000000000000000000000000000000000000101010010011100000
100111101010001011010100110101100000000000000000000000000000000000000000000000010001000101100001
100111101010001011010100110101100000000000000000000000000000000000000000000000110001011111101010
100111101010001011010100110101100000000000000000000000000000000000000000000000101101101110011010
100111101010001011010100110101100000000000000000000000000000000000000000000000111111111001100010
100111101010001011010100110101100000000000000000000000000000000000000000000001000011000111001011
100111101010001011010100110101100000000000000000000000000000000000000000000000100100100011011101
100111101010001011010100110101100000000000000000000000000000000000000000000000110010001001011000
100111101010001011010100110101100000000000000000000000000000000000000000000000101100111011100110
100111101010001011010100110101100000000000000000000000000000000000000000000000001101011000011111
100111101010001011010100110101100000000000000000000000000000000000000000000001000000111110101000
100111101010001011010100110101100000000000000000000000000000000000000000000000001100110001010110
100111101010001011010100110101100000000000000000000000000000000000000000000000101010111000000111
100111101010001011010100110101100000000000000000000000000000000000000000000000101101010111011001
100111101010001011010100110101100000000000000000000000000000000000000000000001000111100011110101
100111101010001011010100110101100000000000000000000000000000000000000000000000011001101011000110
100111101010001011010100110101100000000000000000000000000000000000000000000000110110000100111101
100111101010001011010100110101100000000000000000000000000000000000000000000000110111001010101001
100111101010001011010100110101100000000000000000000000000000000000000000000000010111101001001010
100111101010001011010100110101100000000000000000000000000000000000000000000000101100101000101101
100111101010001011010100110101100000000000000000000000000000000000000000000000011101100010000000
100111101010001011010100110101100000000000000000000000000000000000000000000000111100110101011110
100111101010001011010100110101100000000000000000000000000000000000000000000000110111011010000111
100111101010001011010100110101100000000000000000000000000000000000000000000000101100111101011000
100111101010001011010100110101100000000000000000000000000000000000000000000000101110111101110111
100111101010001011010100110101100000000000000000000000000000000000000000000001000001110100010101
100111101010001011010100110101100000000000000000000000000000000000000000000000000100001111111000
100111101010001011010100110101100000000000000000000000000000000000000000000000110100010010000110
100111101010001011010100110101100000000000000000000000000000000000000000000000000010111101111000
100111101010001011010100110101100000000000000000000000000000000000000000000001001001001001011111
100111101010001011010100110101100000000000000000000000000000000000000000000000100110111111010010
100111101010001011010100110101100000000000000000000000000000000000000000000000000010100010111101
100111101010001011010100110101100000000000000000000000000000000000000000000000001000010110011001
100111101010001011010100110101100000000000000000000000000000000000000000000000011111100110101110
100111101010001011010100110101100000000000000000000000000000000000000000000001000111110000111100
100111101010001011010100110101100000000000000000000000000000000000000000000000000111010011111000
100111101010001011010100110101100000000000000000000000000000000000000000000000101010001101000010
100111101010001011010100110101100000000000000000000000000000000000000000000000110101100010101111
100111101010001011010100110101100000000000000000000000000000000000000000000000000000000101111001
100111101010001011010100110101100000000000000000000000000000000000000000000000111011110010101100
100111101010001011010100110101100000000000000000000000000000000000000000000001000000000101000010
100111101010001011010100110101100000000000000000000000000000000000000000000001000001100010000011
100111101010001011010100110101100000000000000000000000000000000000000000000000100010100100111001
100111101010001011010100110101100000000000000000000000000000000000000000000000001010011100010010
100111101010001011010100110101100000000000000000000000000000000000000000000000011111100000101110
100111101010001011010100110101100000000000000000000000000000000000000000000000011101110110100111
100111101010001011010100110101100000000000000000000000000000000000000000000000101011100001010001
100111101010001011010100110101100000000000000000000000000000000000000000000000011100100111011111
100111101010001011010100110101100000000000000000000000000000000000000000000000101100001111000110
100111101010001011010100110101100000000000000000000000000000000000000000000000000110000011110110
100111101010001011010100110101100000000000000000000000000000000000000000000000110101001010000100
100111101010001011010100110101100000000000000000000000000000000000000000000000111100111111110010
100111101010001011010100110101100000000000000000000000000000000000000000000000001000010011001111
100111101010001011010100110101100000000000000000000000000000000000000000000001001000010011100111
100111101010001011010100110101100000000000000000000000000000000000000000000000101000100100000010
100111101010001011010100110101100000000000000000000000000000000000000000000000111100111011010000
100111101010001011010100110101100000000000000000000000000000000000000000000000001010100010001100
100111101010001011010100110101100000000000000000000000000000000000000000000000001110110000100100
100111101010001011010100110101100000000000000000000000000000000000000000000001000111101011001001
100111101010001011010100110101100000000000000000000000000000000000000000000000101100010000111001
100111101010001011010100110101100000000000000000000000000000000000000000000001000011111011001011
100111101010001011010100110101100000000000000000000000000000000000000000000000011100101011010000
100111101010001011010100110101100000000000000000000000000000000000000000000001000000001010011001
100111101010001011010100110101100000000000000000000000000000000000000000000000000111111110100100
100111101010001011010100110101100000000000000000000000000000000000000000000001000110010100000101
100111101010001011010100110101100000000000000000000000000000000000000000000000111111101011010011
100111101010001011010100110101100000000000000000000000000000000000000000000000000100011100101000
100111101010001011010100110101100000000000000000000000000000000000000000000000110001011000111111
100111101010001011010100110101100000000000000000000000000000000000000000000000101001001100110110
100111101010001011010100110101100000000000000000000000000000000000000000000000100011101000001011
100111101010001011010100110101100000000000000000000000000000000000000000000000010011101010011011
100111101010001011010100110101100000000000000000000000000000000000000000000000011100000011101100
100111101010001011010100110101100000000000000000000000000000000000000000000000100011100101000001
100111101010001011010100110101100000000000000000000000000000000000000000000000111010100100000001
100111101010001011010100110101100000000000000000000000000000000000000000000000101111000101011110
100111101010001011010100110101100000000000000000000000000000000000000000000000001010110011011110
100111101010001011010100110101100000000000000000000000000000000000000000000000110111011110001110
100111101010001011010100110101100000000000000000000000000000000000000000000000000010010000000110
100111101010001011010100110101100000000000000000000000000000000000000000000001000001100110111111
100111101010001011010100110101100000000000000000000000000000000000000000000000111101100001110111
100111101010001011010100110101100000000000000000000000000000000000000000000000101001001111101101
100111101010001011010100110101100000000000000000000000000000000000000000000000000001000010111100
100111101010001011010100110101100000000000000000000000000000000000000000000001000100111111010100
100111101010001011010100110101100000000000000000000000000000000000000000000001000001110001110100
100111101010001011010100110101100000000000000000000000000000000000000000000000100111001011010001
100111101010001011010100110101100000000000000000000000000000000000000000000000100010000100110100
100111101010001011010100110101100000000000000000000000000000000000000000000000011100110100010001
100111101010001011010100110101100000000000000000000000000000000000000000000000111110000000100010
100111101010001011010100110101100000000000000000000000000000000000000000000000011101111010110100
100111101010001011010100110101100000000000000000000000000000000000000000000000010000000000010110
100111101010001011010100110101100000000000000000000000000000000000000000000000101000001101110001
100111101010001011010100110101100000000000000000000000000000000000000000000000000100001101000000
100111101010001011010100110101100000000000000000000000000000000000000000000000011010100110101011
100111101010001011010100110101100000000000000000000000000000000000000000000000001100001001001000
100111101010001011010100110101100000000000000000000000000000000000000000000000110010110000000101
100111101010001011010100110101100000000000000000000000000000000000000000000000111110011101000110
100111101010001011010100110101100000000000000000000000000000000000000000000000101100110100101010
100111101010001011010100110101100000000000000000000000000000000000000000000000101011010111110100
100111101010001011010100110101100000000000000000000000000000000000000000000000010011010011111010
100111101010001011010100110101100000000000000000000000000000000000000000000000001011001000111011
100111101010001011010100110101100000000000000000000000000000000000000000000000010000100000101110
100111101010001011010100110101100000000000000000000000000000000000000000000001000011110110110011
100111101010001011010100110101100000000000000000000000000000000000000000000001000011010011001101
100111101010001011010100110101100000000000000000000000000000000000000000000000000010111100101000
100111101010001011010100110101100000000000000000000000000000000000000000000000101011000101100101
100111101010001011010100110101100000000000000000000000000000000000000000000001001000110100000110
100111101010001011010100110101100000000000000000000000000000000000000000000000001010001101011111
100111101010001011010100110101100000000000000000000000000000000000000000000000000010101000001110
100111101010001011010100110101100000000000000000000000000000000000000000000000011000111001001110
100111101010001011010100110101100000000000000000000000000000000000000000000000010000111101011111
100111101010001011010100110101100000000000000000000000000000000000000000000000000010001001101010
100111101010001011010100110101100000000000000000000000000000000000000000000000000011100010010110
100111101010001011010100110101100000000000000000000000000000000000000000000000100000100001110011
100111101010001011010100110101100000000000000000000000000000000000000000000000110100010011001110
100111101010001011010100110101100000000000000000000000000000000000000000000000010110000001111110
100111101010001011010100110101100000000000000000000000000000000000000000000000100010011011001011
100111101010001011010100110101100000000000000000000000000000000000000000000000111110100111110011
100111101010001011010100110101100000000000000000000000000000000000000000000000000101000010001011
100111101010001011010100110101100000000000000000000000000000000000000000000000011011111110110001
100111101010001011010100110101100000000000000000000000000000000000000000000000100110101001000010
100111101010001011010100110101100000000000000000000000000000000000000000000000000011011010101000
100111101010001011010100110101100000000000000000000000000000000000000000000000100000101110101001
100111101010001011010100110101100000000000000000000000000000000000000000000000111001010000001001
100111101010001011010100110101100000000000000000000000000000000000000000000000101101101110111110
100111101010001011010100110101100000000000000000000000000000000000000000000000100000100001010111
100111101010001011010100110101100000000000000000000000000000000000000000000000000111110001000110
100111101010001011010100110101100000000000000000000000000000000000000000000000110000001001111110
100111101010001011010100110101100000000000000000000000000000000000000000000000010011111010110001
100111101010001011010100110101100000000000000000000000000000000000000000000000110100010111010111
100111101010001011010100110101100000000000000000000000000000000000000000000000001111010001000000
100111101010001011010100110101100000000000000000000000000000000000000000000000001110001110111111
100111101010001011010100110101100000000000000000000000000000000000000000000000000001010001111001
100111101010001011010100110101100000000000000000000000000000000000000000000000111101111111100010
100111101010001011010100110101100000000000000000000000000000000000000000000000010110101101010001
100111101010001011010100110101100000000000000000000000000000000000000000000000110100101000111111
100111101010001011010100110101100000000000000000000000000000000000000000000000001001011001001011
100111101010001011010100110101100000000000000000000000000000000000000000000000000100100100111101
100111101010001011010100110101100000000000000000000000000000000000000000000000101001011010111110
100111101010001011010100110101100000000000000000000000000000000000000000000000011000000011101111
100111101010001011010100110101100000000000000000000000000000000000000000000000101010001011111110
100111101010001011010100110101100000000000000000000000000000000000000000000000001001110101001101
100111101010001011010100110101100000000000000000000000000000000000000000000000101110111111001101
100111101010001011010100110101100000000000000000000000000000000000000000000000100010110001111010
100111101010001011010100110101100000000000000000000000000000000000000000000000101000100010010011
100111101010001011010100110101100000000000000000000000000000000000000000000001000101110001111101
100111101010001011010100110101100000000000000000000000000000000000000000000000111101010010100001
100111101010001011010100110101100000000000000000000000000000000000000000000000100010110110011111
100111101010001011010100110101100000000000000000000000000000000000000000000000011111001001000111
100111101010001011010100110101100000000000000000000000000000000000000000000001000001000011110011
100111101010001011010100110101100000000000000000000000000000000000000000000000101111001110110101
100111101010001011010100110101100000000000000000000000000000000000000000000000000111110010111111
100111101010001011010100110101100000000000000000000000000000000000000000000000011010110010100010
100111101010001011010100110101100000000000000000000000000000000000000000000000000011000111111011
100111101010001011010100110101100000000000000000000000000000000000000000000000000101011000110011
100111101010001011010100110101100000000000000000000000000000000000000000000000111011000100111101
100111101010001011010100110101100000000000000000000000000000000000000000000000011110111111101000
100111101010001011010100110101100000000000000000000000000000000000000000000000100000010110010010
100111101010001011010100110101100000000000000000000000000000000000000000000000010111111101110111
100111101010001011010100110101100000000000000000000000000000000000000000000000011010001100010001
100111101010001011010100110101100000000000000000000000000000000000000000000000000001101100010001
100111101010001011010100110101100000000000000000000000000000000000000000000000111001101101001101
100111101010001011010100110101100000000000000000000000000000000000000000000000010011101101100010
100111101010001011010100110101100000000000000000000000000000000000000000000000110110111111110001
100111101010001011010100110101100000000000000000000000000000000000000000000000001110110001001001
100111101010001011010100110101100000000000000000000000000000000000000000000000111000101110010001
100111101010001011010100110101100000000000000000000000000000000000000000000000101110110001000110
100111101010001011010100110101100000000000000000000000000000000000000000000000101001100101100101
100111101010001011010100110101100000000000000000000000000000000000000000000000010111111010101110
100111101010001011010100110101100000000000000000000000000000000000000000000000111010011111110001
100111101010001011010100110101100000000000000000000000000000000000000000000000011010011010101000
100111101010001011010100110101100000000000000000000000000000000000000000000001000100100010010001
100111101010001011010100110101100000000000000000000000000000000000000000000000101110101011011101
100111101010001011010100110101100000000000000000000000000000000000000000000000111010011000110111
100111101010001011010100110101100000000000000000000000000000000000000000000000101011101010111101
100111101010001011010100110101100000000000000000000000000000000000000000000000001011100111001011
100111101010001011010100110101100000000000000000000000000000000000000000000001000010011110010101
100111101010001011010100110101100000000000000000000000000000000000000000000000100101100111111001
100111101010001011010100110101100000000000000000000000000000000000000000000000101001011110000010
100111101010001011010100110101100000000000000000000000000000000000000000000001000010011011110111
100111101010001011010100110101100000000000000000000000000000000000000000000000000100100111100010
100111101010001011010100110101100000000000000000000000000000000000000000000000111101101000100110
100111101010001011010100110101100000000000000000000000000000000000000000000001000100010011001010
100111101010001011010100110101100000000000000000000000000000000000000000000000000010001001110100
100111101010001011010100110101100000000000000000000000000000000000000000000000101011010111000010
100111101010001011010100110101100000000000000000000000000000000000000000000001001000000100111110
100111101010001011010100110101100000000000000000000000000000000000000000000000001001000101000101
100111101010001011010100110101100000000000000000000000000000000000000000000000101011111000011100
100111101010001011010100110101100000000000000000000000000000000000000000000000100111101111111010
100111101010001011010100110101100000000000000000000000000000000000000000000001001000110110111011
100111101010001011010100110101100000000000000000000000000000000000000000000000100010111000010000
100111101010001011010100110101100000000000000000000000000000000000000000000001000011100001100000
100111101010001011010100110101100000000000000000000000000000000000000000000001000100010110001001
100111101010001011010100110101100000000000000000000000000000000000000000000000010011110010101111
100111101010001011010100110101100000000000000000000000000000000000000000000000100100001101111101
100111101010001011010100110101100000000000000000000000000000000000000000000000100000111001101010
100111101010001011010100110101100000000000000000000000000000000000000000000000010011110011000000
100111101010001011010100110101100000000000000000000000000000000000000000000000011111010010110000
100111101010001011010100110101100000000000000000000000000000000000000000000000010111100100011001
100111101010001011010100110101100000000000000000000000000000000000000000000001000111000101001101
100111101010001011010100110101100000000000000000000000000000000000000000000001000000101001110001
100111101010001011010100110101100000000000000000000000000000000000000000000000110111110011101000
100111101010001011010100110101100000000000000000000000000000000000000000000000011011110111100101
100111101010001011010100110101100000000000000000000000000000000000000000000000001110011100101101
100111101010001011010100110101100000000000000000000000000000000000000000000000111001101011101011
100111101010001011010100110101100000000000000000000000000000000000000000000000100000110111010011
100111101010001011010100110101100000000000000000000000000000000000000000000000101110110110110010
100111101010001011010100110101100000000000000000000000000000000000000000000001000111000001011110
100111101010001011010100110101100000000000000000000000000000000000000000000000110000010110101011
100111101010001011010100110101100000000000000000000000000000000000000000000000010011010100101101
100111101010001011010100110101100000000000000000000000000000000000000000000001000011111100110101
100111101010001011010100110101100000000000000000000000000000000000000000000001000101110000010100
100111101010001011010100110101100000000000000000000000000000000000000000000000100111100000001000
100111101010001011010100110101100000000000000000000000000000000000000000000000101111000100101110
100111101010001011010100110101100000000000000000000000000000000000000000000000001000001110110101
100111101010001011010100110101100000000000000000000000000000000000000000000001000011011001110110
100111101010001011010100110101100000000000000000000000000000000000000000000000101101110110001001
100111101010001011010100110101100000000000000000000000000000000000000000000000010101010000100100
100111101010001011010100110101100000000000000000000000000000000000000000000001000001101000100111
100111101010001011010100110101100000000000000000000000000000000000000000000000100100011110000000
100111101010001011010100110101100000000000000000000000000000000000000000000000000100111111100101
100111101010001011010100110101100000000000000000000000000000000000000000000000100101000110111000
100111101010001011010100110101100000000000000000000000000000000000000000000000010101100011000001
100111101010001011010100110101100000000000000000000000000000000000000000000000100001111011000001
100111101010001011010100110101100000000000000000000000000000000000000000000000101100010000110001
100111101010001011010100110101100000000000000000000000000000000000000000000000100100111010111101
100111101010001011010100110101100000000000000000000000000000000000000000000000100100100001010010
100111101010001011010100110101100000000000000000000000000000000000000000000000011100000000101111
100111101010001011010100110101100000000000000000000000000000000000000000000000101001100010101100
100111101010001011010100110101100000000000000000000000000000000000000000000000011100100010111100
100111101010001011010100110101100000000000000000000000000000000000000000000000111000111010010101
100111101010001011010100110101100000000000000000000000000000000000000000000000011001001011110111
100111101010001011010100110101100000000000000000000000000000000000000000000000001111110110101011
100111101010001011010100110101100000000000000000000000000000000000000000000000110000100110001111
100111101010001011010100110101100000000000000000000000000000000000000000000000011111000111011111
100111101010001011010100110101100000000000000000000000000000000000000000000000001100110010000100
100111101010001011010100110101100000000000000000000000000000000000000000000000110011101000100100
100111101010001011010100110101100000000000000000000000000000000000000000000000011100010000001000
100111101010001011010100110101100000000000000000000000000000000000000000000000001111110100001100
100111101010001011010100110101100000000000000000000000000000000000000000000000111101110100100101
100111101010001011010100110101100000000000000000000000000000000000000000000000000010100010110110
100111101010001011010100110101100000000000000000000000000000000000000000000001000111010010110101
100111101010001011010100110101100000000000000000000000000000000000000000000000110010010010111010
100111101010001011010100110101100000000000000000000000000000000000000000000000011001110111111000
100111101010001011010100110101100000000000000000000000000000000000000000000000000000011011011110
100111101010001011010100110101100000000000000000000000000000000000000000000000010101110001011101
100111101010001011010100110101100000000000000000000000000000000000000000000001000011001101100111
100111101010001011010100110101100000000000000000000000000000000000000000000000000001100000111100
100111101010001011010100110101100000000000000000000000000000000000000000000000000001100000111101
100111101010001011010100110101100000000000000000000000000000000000000000000000111011101110000011
100111101010001011010100110101100000000000000000000000000000000000000000000000001101000101100000
100111101010001011010100110101100000000000000000000000000000000000000000000000110110100000100100
100111101010001011010100110101100000000000000000000000000000000000000000000001000110001100111001
100111101010001011010100110101100000000000000000000000000000000000000000000001001000001001011010
100111101010001011010100110101100000000000000000000000000000000000000000000001000011101000010110
100111101010001011010100110101100000000000000000000000000000000000000000000000101010011010001010
100111101010001011010100110101100000000000000000000000000000000000000000000001001000101010000010
100111101010001011010100110101100000000000000000000000000000000000000000000000111101100000001101
100111101010001011010100110101100000000000000000000000000000000000000000000001000110000010110111
100111101010001011010100110101100000000000000000000000000000000000000000000000010111111010111001
100111101010001011010100110101100000000000000000000000000000000000000000000000010101011100000010
100111101010001011010100110101100000000000000000000000000000000000000000000001000001101100000001
100111101010001011010100110101100000000000000000000000000000000000000000000000111000001000111111
100111101010001011010100110101100000000000000000000000000000000000000000000000011000111010001001
100111101010001011010100110101100000000000000000000000000000000000000000000000010010100111111110
100111101010001011010100110101100000000000000000000000000000000000000000000000010001000101100010
100111101010001011010100110101100000000000000000000000000000000000000000000000111011011010010100
100111101010001011010100110101100000000000000000000000000000000000000000000001000110011111001010
100111101010001011010100110101100000000000000000000000000000000000000000000000010100000010100010
100111101010001011010100110101100000000000000000000000000000000000000000000000101111100001011010
100111101010001011010100110101100000000000000000000000000000000000000000000000010001010011111110
100111101010001011010100110101100000000000000000000000000000000000000000000000101111101001100110
100111101010001011010100110101100000000000000000000000000000000000000000000000011111010001110110
100111101010001011010100110101100000000000000000000000000000000000000000000000010001111011111010
100111101010001011010100110101100000000000000000000000000000000000000000000000011011010000000010
100111101010001011010100110101100000000000000000000000000000000000000000000000011100000101101111
100111101010001011010100110101100000000000000000000000000000000000000000000000000101001101011010
100111101010001011010100110101100000000000000000000000000000000000000000000000001010100001000000
100111101010001011010100110101100000000000000000000000000000000000000000000000011110100001110101
100111101010001011010100110101100000000000000000000000000000000000000000000000011111111100001111
100111101010001011010100110101100000000000000000000000000000000000000000000001000001001010010101
100111101010001011010100110101100000000000000000000000000000000000000000000000110000010101010111
100111101010001011010100110101100000000000000000000000000000000000000000000000110111000100001011
100111101010001011010100110101100000000000000000000000000000000000000000000000010011110110011010
100111101010001011010100110101100000000000000000000000000000000000000000000000101110011000000011
100111101010001011010100110101100000000000000000000000000000000000000000000000110110010000011010
100111101010001011010100110101100000000000000000000000000000000000000000000000100101001011111101
100111101010001011010100110101100000000000000000000000000000000000000000000000101110100101001001
100111101010001011010100110101100000000000000000000000000000000000000000000000110000010101101110
100111101010001011010100110101100000000000000000000000000000000000000000000000000110111010001011
100111101010001011010100110101100000000000000000000000000000000000000000000001000101001100100100
100111101010001011010100110101100000000000000000000000000000000000000000000000000111111011110011
100111101010001011010100110101100000000000000000000000000000000000000000000001001001001001101100
100111101010001011010100110101100000000000000000000000000000000000000000000000101011011100010000
100111101010001011010100110101100000000000000000000000000000000000000000000000111010000111111001
100111101010001011010100110101100000000000000000000000000000000000000000000001000010001011101110
100111101010001011010100110101100000000000000000000000000000000000000000000000111110010110010101
100111101010001011010100110101100000000000000000000000000000000000000000000000001011110110101100
100111101010001011010100110101100000000000000000000000000000000000000000000000001001010111110101
100111101010001011010100110101100000000000000000000000000000000000000000000000000100110110011110
100111101010001011010100110101100000000000000000000000000000000000000000000000100101001100010001
100111101010001011010100110101100000000000000000000000000000000000000000000000101111101111011100
100111101010001011010100110101100000000000000000000000000000000000000000000000011001111001110011
100111101010001011010100110101100000000000000000000000000000000000000000000000011000001100000110
100111101010001011010100110101100000000000000000000000000000000000000000000000110001100111101000
100111101010001011010100110101100000000000000000000000000000000000000000000000100101100100101011
100111101010001011010100110101100000000000000000000000000000000000000000000000110111100001100010
100111101010001011010100110101100000000000000000000000000000000000000000000000000101010110001110
100111101010001011010100110101100000000000000000000000000000000000000000000000011101011111101100
100111101010001011010100110101100000000000000000000000000000000000000000000000011011001001010001
100111101010001011010100110101100000000000000000000000000000000000000000000001000101000111010001
100111101010001011010100110101100000000000000000000000000000000000000000000000101111010001000110
100111101010001011010100110101100000000000000000000000000000000000000000000000010001100101000010
100111101010001011010100110101100000000000000000000000000000000000000000000000101101001100000100
100111101010001011010100110101100000000000000000000000000000000000000000000000111000110100111101
100111101010001011010100110101100000000000000000000000000000000000000000000001000110110100010100
100111101010001011010100110101100000000000000000000000000000000000000000000000010101001110000110
100111101010001011010100110101100000000000000000000000000000000000000000000000011110110110101100
100111101010001011010100110101100000000000000000000000000000000000000000000000011010111010111000
100111101010001011010100110101100000000000000000000000000000000000000000000000001001011011000110
100111101010001011010100110101100000000000000000000000000000000000000000000000001101000110110101
100111101010001011010100110101100000000000000000000000000000000000000000000000100011011011001101
100111101010001011010100110101100000000000000000000000000000000000000000000000011000010100001110
100111101010001011010100110101100000000000000000000000000000000000000000000000010111110000010110
100111101010001011010100110101100000000000000000000000000000000000000000000000010100101001011001
100111101010001011010100110101100000000000000000000000000000000000000000000000000001100001011000
100111101010001011010100110101100000000000000000000000000000000000000000000001000110100101000111
100111101010001011010100110101100000000000000000000000000000000000000000000000000111100101110110
100111101010001011010100110101100000000000000000000000000000000000000000000000100110110001010111
100111101010001011010100110101100000000000000000000000000000000000000000000000111111001111101011
100111101010001011010100110101100000000000000000000000000000000000000000000000111110101011001000
100111101010001011010100110101100000000000000000000000000000000000000000000000011111100010111100
100111101010001011010100110101100000000000000000000000000000000000000000000000010001010100001110
100111101010001011010100110101100000000000000000000000000000000000000000000001001000111101110010
100111101010001011010100110101100000000000000000000000000000000000000000000000010000111110110011
100111101010001011010100110101100000000000000000000000000000000000000000000000011011110000011010
100111101010001011010100110101100000000000000000000000000000000000000000000000111110100111111110
100111101010001011010100110101100000000000000000000000000000000000000000000000011110011011111100
100111101010001011010100110101100000000000000000000000000000000000000000000000000111001010011001
100111101010001011010100110101100000000000000000000000000000000000000000000000111111010011010101
100111101010001011010100110101100000000000000000000000000000000000000000000000010110100100011101
100111101010001011010100110101100000000000000000000000000000000000000000000000100011010000011100
100111101010001011010100110101100000000000000000000000000000000000000000000000000101100001101111
100111101010001011010100110101100000000000000000000000000000000000000000000000110100000100110101
100111101010001011010100110101100000000000000000000000000000000000000000000000110101011010001000
100111101010001011010100110101100000000000000000000000000000000000000000000000011001010100001010
100111101010001011010100110101100000000000000000000000000000000000000000000000100110001010010001
100111101010001011010100110101100000000000000000000000000000000000000000000000101111000011100010
100111101010001011010100110101100000000000000000000000000000000000000000000001000010010110000110
100111101010001011010100110101100000000000000000000000000000000000000000000000000010001000001011
100111101010001011010100110101100000000000000000000000000000000000000000000001001000000110000011
100111101010001011010100110101100000000000000000000000000000000000000000000000011011110101011011
100111101010001011010100110101100000000000000000000000000000000000000000000000001110101001111101
100111101010001011010100110101100000000000000000000000000000000000000000000000110000111001101001
100111101010001011010100110101100000000000000000000000000000000000000000000001001000011111110101
100111101010001011010100110101100000000000000000000000000000000000000000000000101001100101111010
100111101010001011010100110101100000000000000000000000000000000000000000000000111110000111110100
100111101010001011010100110101100000000000000000000000000000000000000000000000000101110000111100
100111101010001011010100110101100000000000000000000000000000000000000000000000100010000011100111
100111101010001011010100110101100000000000000000000000000000000000000000000000101000110100010101
100111101010001011010100110101100000000000000000000000000000000000000000000000000111101000110011
100111101010001011010100110101100000000000000000000000000000000000000000000000011111011011110110
100111101010001011010100110101100000000000000000000000000000000000000000000000010011101010101101
100111101010001011010100110101100000000000000000000000000000000000000000000000011001001101001100
100111101010001011010100110101100000000000000000000000000000000000000000000000010010101110101110
100111101010001011010100110101100000000000000000000000000000000000000000000000100001101100001001
100111101010001011010100110101100000000000000000000000000000000000000000000000010010000000101010
100111101010001011010100110101100000000000000000000000000000000000000000000000000100001001011101
100111101010001011010100110101100000000000000000000000000000000000000000000000100111110101110011
100111101010001011010100110101100000000000000000000000000000000000000000000000100011001101010111
100111101010001011010100110101100000000000000000000000000000000000000000000000011001110011100110
100111101010001011010100110101100000000000000000000000000000000000000000000000000110011000110011
100111101010001011010100110101100000000000000000000000000000000000000000000000000110010011111000
100111101010001011010100110101100000000000000000000000000000000000000000000000010101001100110101
100111101010001011010100110101100000000000000000000000000000000000000000000000010110100010011001
100111101010001011010100110101100000000000000000000000000000000000000000000001000001100010010111
100111101010001011010100110101100000000000000000000000000000000000000000000000010100001111000011
100111101010001011010100110101100000000000000000000000000000000000000000000000001001111100110011
100111101010001011010100110101100000000000000000000000000000000000000000000000011011101111010011
100111101010001011010100110101100000000000000000000000000000000000000000000000111000000111011011
100111101010001011010100110101100000000000000000000000000000000000000000000000101101100110001101
100111101010001011010100110101100000000000000000000000000000000000000000000000010000000000111100
100111101010001011010100110101100000000000000000000000000000000000000000000000111011010100101010
100111101010001011010100110101100000000000000000000000000000000000000000000000001000011110001110
100111101010001011010100110101100000000000000000000000000000000000000000000000101101100000110000
100111101010001011010100110101100000000000000000000000000000000000000000000000011110011100001001
100111101010001011010100110101100000000000000000000000000000000000000000000000010101010111010000
100111101010001011010100110101100000000000000000000000000000000000000000000000101001001100011000
100111101010001011010100110101100000000000000000000000000000000000000000000001000011111101000001
100111101010001011010100110101100000000000000000000000000000000000000000000000000100110011001010
100111101010001011010100110101100000000000000000000000000000000000000000000000001101101111110010
100111101010001011010100110101100000000000000000000000000000000000000000000000101000110101110100
100111101010001011010100110101100000000000000000000000000000000000000000000000001101001101110110
100111101010001011010100110101100000000000000000000000000000000000000000000000101110101100011010
100111101010001011010100110101100000000000000000000000000000000000000000000000101100101010000111
100111101010001011010100110101100000000000000000000000000000000000000000000000101110100101100111
100111101010001011010100110101100000000000000000000000000000000000000000000000101011000110110000
100111101010001011010100110101100000000000000000000000000000000000000000000000110001110100001010
100111101010001011010100110101100000000000000000000000000000000000000000000001000000100010000101
100111101010001011010100110101100000000000000000000000000000000000000000000000101000101101011101
100111101010001011010100110101100000000000000000000000000000000000000000000001000100000011111100
100111101010001011010100110101100000000000000000000000000000000000000000000000110110001101010001
100111101010001011010100110101100000000000000000000000000000000000000000000000111111000100100001
100111101010001011010100110101100000000000000000000000000000000000000000000000100011011011111110
100111101010001011010100110101100000000000000000000000000000000000000000000000001100000110110000
100111101010001011010100110101100000000000000000000000000000000000000000000000110001100100001111
100111101010001011010100110101100000000000000000000000000000000000000000000000001111101011101010
100111101010001011010100110101100000000000000000000000000000000000000000000000110001100100001011
100111101010001011010100110101100000000000000000000000000000000000000000000000010011100010100100
100111101010001011010100110101100000000000000000000000000000000000000000000000100111001010000100
100111101010001011010100110101100000000000000000000000000000000000000000000000111110001101100100
100111101010001011010100110101100000000000000000000000000000000000000000000000000010010101001000
100111101010001011010100110101100000000000000000000000000000000000000000000000010001101100110001
100111101010001011010100110101100000000000000000000000000000000000000000000000010110011100111111
100111101010001011010100110101100000000000000000000000000000000000000000000000000111110001110111
100111101010001011010100110101100000000000000000000000000000000000000000000000001010000111010101
100111101010001011010100110101100000000000000000000000000000000000000000000000011011101011110001
100111101010001011010100110101100000000000000000000000000000000000000000000000100010100001000111
100111101010001011010100110101100000000000000000000000000000000000000000000000110111101001110000
100111101010001011010100110101100000000000000000000000000000000000000000000000110010011001101011
100111101010001011010100110101100000000000000000000000000000000000000000000000111110001111011110
100111101010001011010100110101100000000000000000000000000000000000000000000000101100001010110111
100111101010001011010100110101100000000000000000000000000000000000000000000000001001101001111001
100111101010001011010100110101100000000000000000000000000000000000000000000000000011000010101101
100111101010001011010100110101100000000000000000000000000000000000000000000000111101001000010111
100111101010001011010100110101100000000000000000000000000000000000000000000001000111011010110100
100111101010001011010100110101100000000000000000000000000000000000000000000000100100100110101111
100111101010001011010100110101100000000000000000000000000000000000000000000000101101001101101011
100111101010001011010100110101100000000000000000000000000000000000000000000000011100110010101101
100111101010001011010100110101100000000000000000000000000000000000000000000000000101101111101010
100111101010001011010100110101100000000000000000000000000000000000000000000000101010010111111100
100111101010001011010100110101100000000000000000000000000000000000000000000000000111000100010010
100111101010001011010100110101100000000000000000000000000000000000000000000000001011010011110100
100111101010001011010100110101100000000000000000000000000000000000000000000000001010101001001001
100111101010001011010100110101100000000000000000000000000000000000000000000000100100010011001100
100111101010001011010100110101100000000000000000000000000000000000000000000000001111101111011001
100111101010001011010100110101100000000000000000000000000000000000000000000000100101100110010010
100111101010001011010100110101100000000000000000000000000000000000000000000000001110000101111011
100111101010001011010100110101100000000000000000000000000000000000000000000000100000001111100110
100111101010001011010100110101100000000000000000000000000000000000000000000000010100000101110111
100111101010001011010100110101100000000000000000000000000000000000000000000001000110011010010101
100111101010001011010100110101100000000000000000000000000000000000000000000000010100110011001001
100111101010001011010100110101100000000000000000000000000000000000000000000001000000100011000100
100111101010001011010100110101100000000000000000000000000000000000000000000000101100011111011101
100111101010001011010100110101100000000000000000000000000000000000000000000000101010111111110100
100111101010001011010100110101100000000000000000000000000000000000000000000000100001001110101000
100111101010001011010100110101100000000000000000000000000000000000000000000000001111101100101010
100111101010001011010100110101100000000000000000000000000000000000000000000000000111100111011000
100111101010001011010100110101100000000000000000000000000000000000000000000000101100011010111100
100111101010001011010100110101100000000000000000000000000000000000000000000001000000101000100000
100111101010001011010100110101100000000000000000000000000000000000000000000000001011100000011100
100111101010001011010100110101100000000000000000000000000000000000000000000000001100110100001100
100111101010001011010100110101100000000000000000000000000000000000000000000000101101101001101000
100111101010001011010100110101100000000000000000000000000000000000000000000000011101110100010000
100111101010001011010100110101100000000000000000000000000000000000000000000000001011010010110111
100111101010001011010100110101100000000000000000000000000000000000000000000000010111011101110111
100111101010001011010100110101100000000000000000000000000000000000000000000000100101111001000010
100111101010001011010100110101100000000000000000000000000000000000000000000000100101101010001010
100111101010001011010100110101100000000000000000000000000000000000000000000000011010000010101010
100111101010001011010100110101100000000000000000000000000000000000000000000000011010100111001010
100111101010001011010100110101100000000000000000000000000000000000000000000000100111100001011100
100111101010001011010100110101100000000000000000000000000000000000000000000000111000000010011011
100111101010001011010100110101100000000000000000000000000000000000000000000000001010100000010101
100111101010001011010100110101100000000000000000000000000000000000000000000000110000011001110001
100111101010001011010100110101100000000000000000000000000000000000000000000000100100011000111101
100111101010001011010100110101100000000000000000000000000000000000000000000000011010000111101011
100111101010001011010100110101100000000000000000000000000000000000000000000000011010001000001111
100111101010001011010100110101100000000000000000000000000000000000000000000000110101110010001111
100111101010001011010100110101100000000000000000000000000000000000000000000001000010011011101111
100111101010001011010100110101100000000000000000000000000000000000000000000000110110011100110011
100111101010001011010100110101100000000000000000000000000000000000000000000000110111010001001100
100111101010001011010100110101100000000000000000000000000000000000000000000000101000001100101010
100111101010001011010100110101100000000000000000000000000000000000000000000000100001110110101110
100111101010001011010100110101100000000000000000000000000000000000000000000000000011110101110100
100111101010001011010100110101100000000000000000000000000000000000000000000000101001010001001100
100111101010001011010100110101100000000000000000000000000000000000000000000000001010001001010001
100111101010001011010100110101100000000000000000000000000000000000000000000000000101010101010110
100111101010001011010100110101100000000000000000000000000000000000000000000000000100101101111011
100111101010001011010100110101100000000000000000000000000000000000000000000000111010010111111110
100111101010001011010100110101100000000000000000000000000000000000000000000000000011000111110111
100111101010001011010100110101100000000000000000000000000000000000000000000000011101010010111110
100111101010001011010100110101100000000000000000000000000000000000000000000001000001011100111110
100111101010001011010100110101100000000000000000000000000000000000000000000000110100000100111111
100111101010001011010100110101100000000000000000000000000000000000000000000000000001000110110110
100111101010001011010100110101100000000000000000000000000000000000000000000000101011000001011000
100111101010001011010100110101100000000000000000000000000000000000000000000000011100110101000001
100111101010001011010100110101100000000000000000000000000000000000000000000000011010001000010011
100111101010001011010100110101100000000000000000000000000000000000000000000000000101010111111101
100111101010001011010100110101100000000000000000000000000000000000000000000001000011111100100111
100111101010001011010100110101100000000000000000000000000000000000000000000000110111011100010001
100111101010001011010100110101100000000000000000000000000000000000000000000000101101010110101111
100111101010001011010100110101100000000000000000000000000000000000000000000000000111011101111001
100111101010001011010100110101100000000000000000000000000000000000000000000000101011111111011110
100111101010001011010100110101100000000000000000000000000000000000000000000000111101011100010000
100111101010001011010100110101100000000000000000000000000000000000000000000000101011100111100000
100111101010001011010100110101100000000000000000000000000000000000000000000000000011100011011000
100111101010001011010100110101100000000000000000000000000000000000000000000000011010110110111101
100111101010001011010100110101100000000000000000000000000000000000000000000000100000100010111010
100111101010001011010100110101100000000000000000000000000000000000000000000000101000011001000010
100111101010001011010100110101100000000000000000000000000000000000000000000000001101000110011101
100111101010001011010100110101100000000000000000000000000000000000000000000000110101111101111011
100111101010001011010100110101100000000000000000000000000000000000000000000000110011010000011000
100111101010001011010100110101100000000000000000000000000000000000000000000000011011111110111110
100111101010001011010100110101100000000000000000000000000000000000000000000000001000001010101111
100111101010001011010100110101100000000000000000000000000000000000000000000000110000000101101111
100111101010001011010100110101100000000000000000000000000000000000000000000000101101010001100110
100111101010001011010100110101100000000000000000000000000000000000000000000000110011110000001011
100111101010001011010100110101100000000000000000000000000000000000000000000001000001001010100000
100111101010001011010100110101100000000000000000000000000000000000000000000000101011010010011101
100111101010001011010100110101100000000000000000000000000000000000000000000000110010000110001100
100111101010001011010100110101100000000000000000000000000000000000000000000000000000110001011010
100111101010001011010100110101100000000000000000000000000000000000000000000000100011001011111010
100111101010001011010100110101100000000000000000000000000000000000000000000000010110110010010111
100111101010001011010100110101100000000000000000000000000000000000000000000000101101101000101101
100111101010001011010100110101100000000000000000000000000000000000000000000000100011010110100011
100111101010001011010100110101100000000000000000000000000000000000000000000001000011000000011100
100111101010001011010100110101100000000000000000000000000000000000000000000001000010111100111001
100111101010001011010100110101100000000000000000000000000000000000000000000000110100000110101100
100111101010001011010100110101100000000000000000000000000000000000000000000000010101110111000111
100111101010001011010100110101100000000000000000000000000000000000000000000000101010010100001111
100111101010001011010100110101100000000000000000000000000000000000000000000000011110111001111100
100111101010001011010100110101100000000000000000000000000000000000000000000000001001010001101000
100111101010001011010100110101100000000000000000000000000000000000000000000000111100111101110000
100111101010001011010100110101100000000000000000000000000000000000000000000000001011000010101111
100111101010001011010100110101100000000000000000000000000000000000000000000000000100101001010001
100111101010001011010100110101100000000000000000000000000000000000000000000000010101101110101110
100111101010001011010100110101100000000000000000000000000000000000000000000000010100111010111101
100111101010001011010100110101100000000000000000000000000000000000000000000001000110011111100111
100111101010001011010100110101100000000000000000000000000000000000000000000000011000001011010011
100111101010001011010100110101100000000000000000000000000000000000000000000001000011100100000000
100111101010001011010100110101100000000000000000000000000000000000000000000000001111111111101111
100111101010001011010100110101100000000000000000000000000000000000000000000000101001110100010100
100111101010001011010100110101100000000000000000000000000000000000000000000000111110100100100111
100111101010001011010100110101100000000000000000000000000000000000000000000000010111001000010110
100111101010001011010100110101100000000000000000000000000000000000000000000000111110101111110010
100111101010001011010100110101100000000000000000000000000000000000000000000000010001001111110010
100111101010001011010100110101100000000000000000000000000000000000000000000000111100111000011111
100111101010001011010100110101100000000000000000000000000000000000000000000000101101101101010100
100111101010001011010100110101100000000000000000000000000000000000000000000000101110101011110000
100111101010001011010100110101100000000000000000000000000000000000000000000000101001110101101000
100111101010001011010100110101100000000000000000000000000000000000000000000000010001000110110100
100111101010001011010100110101100000000000000000000000000000000000000000000000000011100101101010
100111101010001011010100110101100000000000000000000000000000000000000000000000000100101100000100
100111101010001011010100110101100000000000000000000000000000000000000000000000011000101100000010
100111101010001011010100110101100000000000000000000000000000000000000000000001000101001110010111
100111101010001011010100110101100000000000000000000000000000000000000000000000111011101101110101
100111101010001011010100110101100000000000000000000000000000000000000000000000100111000000011001
100111101010001011010100110101100000000000000000000000000000000000000000000000011010110010100110
100111101010001011010100110101100000000000000000000000000000000000000000000001001001000111110100
100111101010001011010100110101100000000000000000000000000000000000000000000000011110011001011010
100111101010001011010100110101100000000000000000000000000000000000000000000001000111001001011101
100111101010001011010100110101100000000000000000000000000000000000000000000000001111111001000001
100111101010001011010100110101100000000000000000000000000000000000000000000000000000110001001111
100111101010001011010100110101100000000000000000000000000000000000000000000000110000010101011100
100111101010001011010100110101100000000000000000000000000000000000000000000000111010010001111010
100111101010001011010100110101100000000000000000000000000000000000000000000000010110010100010110
100111101010001011010100110101100000000000000000000000000000000000000000000000110101110011100000
100111101010001011010100110101100000000000000000000000000000000000000000000000101010101001000100
100111101010001011010100110101100000000000000000000000000000000000000000000000010001101000011000
100111101010001011010100110101100000000000000000000000000000000000000000000000111010100011010000
100111101010001011010100110101100000000000000000000000000000000000000000000001000111001110001010
100111101010001011010100110101100000000000000000000000000000000000000000000001000000000011011010
100111101010001011010100110101100000000000000000000000000000000000000000000000001001000110010001
100111101010001011010100110101100000000000000000000000000000000000000000000000110010110101011111
100111101010001011010100110101100000000000000000000000000000000000000000000000010101001110111000
100111101010001011010100110101100000000000000000000000000000000000000000000000111100011011110111
100111101010001011010100110101100000000000000000000000000000000000000000000000001100100111111001
100111101010001011010100110101100000000000000000000000000000000000000000000000111101110101011011
100111101010001011010100110101100000000000000000000000000000000000000000000000010111110100100101
100111101010001011010100110101100000000000000000000000000000000000000000000000111011111100011001
100111101010001011010100110101100000000000000000000000000000000000000000000000110111011000000000
100111101010001011010100110101100000000000000000000000000000000000000000000000101011111111000110
100111101010001011010100110101100000000000000000000000000000000000000000000000101000011011011110
100111101010001011010100110101100000000000000000000000000000000000000000000000000111011110010010
100111101010001011010100110101100000000000000000000000000000000000000000000000011000110011001101
100111101010001011010100110101100000000000000000000000000000000000000000000000111000011111001000
100111101010001011010100110101100000000000000000000000000000000000000000000000011010000101111110
100111101010001011010100110101100000000000000000000000000000000000000000000001000101000100110111
100111101010001011010100110101100000000000000000000000000000000000000000000000011110101101011111
100111101010001011010100110101100000000000000000000000000000000000000000000000000011010001010100
100111101010001011010100110101100000000000000000000000000000000000000000000000001000001010011101
100111101010001011010100110101100000000000000000000000000000000000000000000000011001100011100111
100111101010001011010100110101100000000000000000000000000000000000000000000000001000110001100001
100111101010001011010100110101100000000000000000000000000000000000000000000000100100110010110001
100111101010001011010100110101100000000000000000000000000000000000000000000000001010111100000000
100111101010001011010100110101100000000000000000000000000000000000000000000000010011011110000011
100111101010001011010100110101100000000000000000000000000000000000000000000000101101010011111101
100111101010001011010100110101100000000000000000000000000000000000000000000000011100010011010101
100111101010001011010100110101100000000000000000000000000000000000000000000000100000000110000010
100111101010001011010100110101100000000000000000000000000000000000000000000000001010110000110001
100111101010001011010100110101100000000000000000000000000000000000000000000000110101111000000011
100111101010001011010100110101100000000000000000000000000000000000000000000001000101111011110110
100111101010001011010100110101100000000000000000000000000000000000000000000000011001101100111101
100111101010001011010100110101100000000000000000000000000000000000000000000000011001000101101011
100111101010001011010100110101100000000000000000000000000000000000000000000000100110111000000011
100111101010001011010100110101100000000000000000000000000000000000000000000000101000011100101111
100111101010001011010100110101100000000000000000000000000000000000000000000000011101000111110010
100111101010001011010100110101100000000000000000000000000000000000000000000000110110101011010101
100111101010001011010100110101100000000000000000000000000000000000000000000000001011011101001011
100111101010001011010100110101100000000000000000000000000000000000000000000001000000111101010000
100111101010001011010100110101100000000000000000000000000000000000000000000000111110111011101100
100111101010001011010100110101100000000000000000000000000000000000000000000000100110111100100101
100111101010001011010100110101100000000000000000000000000000000000000000000000110001000001111111
100111101010001011010100110101100000000000000000000000000000000000000000000000100000100100011000
100111101010001011010100110101100000000000000000000000000000000000000000000001000000000011000001
100111101010001011010100110101100000000000000000000000000000000000000000000000000001100100001100
100111101010001011010100110101100000000000000000000000000000000000000000000000001110000100100101
100111101010001011010100110101100000000000000000000000000000000000000000000000000100011101010111
100111101010001011010100110101100000000000000000000000000000000000000000000000110111100000011101
100111101010001011010100110101100000000000000000000000000000000000000000000000110111001010001010
100111101010001011010100110101100000000000000000000000000000000000000000000000100110000010101100
100111101010001011010100110101100000000000000000000000000000000000000000000000011110011100100110
100111101010001011010100110101100000000000000000000000000000000000000000000001000110011011110110
100111101010001011010100110101100000000000000000000000000000000000000000000000010111110100010010
100111101010001011010100110101100000000000000000000000000000000000000000000000011011100111000111
100111101010001011010100110101100000000000000000000000000000000000000000000001000000001000010011
100111101010001011010100110101100000000000000000000000000000000000000000000001001000101110000001
100111101010001011010100110101100000000000000000000000000000000000000000000000001000001001111110
100111101010001011010100110101100000000000000000000000000000000000000000000001001000100010111111
100111101010001011010100110101100000000000000000000000000000000000000000000000101100110111111000
100111101010001011010100110101100000000000000000000000000000000000000000000000001001010100011101
100111101010001011010100110101100000000000000000000000000000000000000000000000010001101101100011
100111101010001011010100110101100000000000000000000000000000000000000000000000010001111110100001
100111101010001011010100110101100000000000000000000000000000000000000000000000011010100110110000
100111101010001011010100110101100000000000000000000000000000000000000000000000100100101010000010
100111101010001011010100110101100000000000000000000000000000000000000000000000110111010010010001
100111101010001011010100110101100000000000000000000000000000000000000000000000100010101110001011
100111101010001011010100110101100000000000000000000000000000000000000000000000100011000010100110
100111101010001011010100110101100000000000000000000000000000000000000000000000100011011111101110
100111101010001011010100110101100000000000000000000000000000000000000000000000110101111101010111
100111101010001011010100110101100000000000000000000000000000000000000000000000100000001100111011
100111101010001011010100110101100000000000000000000000000000000000000000000000101010110001001001
100111101010001011010100110101100000000000000000000000000000000000000000000000101011010111001000
100111101010001011010100110101100000000000000000000000000000000000000000000001000100011011110110
100111101010001011010100110101100000000000000000000000000000000000000000000000110001110010101000
100111101010001011010100110101100000000000000000000000000000000000000000000001000100001010100111
100111101010001011010100110101100000000000000000000000000000000000000000000000110010010110011111
100111101010001011010100110101100000000000000000000000000000000000000000000000001011101100110011
100111101010001011010100110101100000000000000000000000000000000000000000000000001111011011101101
100111101010001011010100110101100000000000000000000000000000000000000000000001000101001000101100
100111101010001011010100110101100000000000000000000000000000000000000000000000011001111000001010
100111101010001011010100110101100000000000000000000000000000000000000000000000010010001001000101
100111101010001011010100110101100000000000000000000000000000000000000000000000001100011001101111
100111101010001011010100110101100000000000000000000000000000000000000000000000100010010111011100
100111101010001011010100110101100000000000000000000000000000000000000000000000001010100111000111
100111101010001011010100110101100000000000000000000000000000000000000000000000000011010100010111
100111101010001011010100110101100000000000000000000000000000000000000000000000100110001111110010
100111101010001011010100110101100000000000000000000000000000000000000000000000001001111000011000
100111101010001011010100110101100000000000000000000000000000000000000000000000011101011011111001
100111101010001011010100110101100000000000000000000000000000000000000000000000010001010100111101
100111101010001011010100110101100000000000000000000000000000000000000000000000001111111110011010
100111101010001011010100110101100000000000000000000000000000000000000000000000100110100001110000
