100000011001111111010111001000011111101010010010110001011010100110000101100011111010100100010101
000011000100111001101010110100110110011100000010111000000101000010110010101111111101101101110101
110110110011001001010111000000001000101001001100011111000010101111110011001000000010110000100110
001101011010101011011100000101110111101110011100110011111101111011100100110100111011100011111010
000110110100000111000100010110101011110111000100111011011001101110011111111011011000001100100001
000011011000101101111011101011100011111010001111110011011011110100000111010000001110011000000010
000000001101000111001001001110101010111101111011111010111000111001111101111011110000011001101110
001100000111000010000111100100110111010000011000000101010111110110111010111100100011011111100110
011101101000010001110000001010111110110000111000001001100011111101010100001001000100010001100110
000101001010011101001111011110001100100001001110111110111010000010000011000110110110001001011010
111000001111100110100001011101111001011011101000110011011011101001011110000010010001011010001110
001001110011101100001101110101011011110001101110101100010001100001100100001001111110001111100100
101000000001001101000110101101110100000110110111000110111111001111110100001011111001010111011111
010000110010010001100111010100110110010100111110010010111000100100101100111111101000100111000001
111001010110010001001111011101111101101110111111000001011001000010000110111011001011000000101010
101010000111001001011010000010000000001100000111110101010001010110111011001000111110000110010010
010110000011001001111001010000001110011111001111001001000011010110010110011111110110001010011111
100100011111100101000101000001101100111110110011110010100100100000000000000101011110010101011101
100101010000101100000100001101000101001000111111101000010000010101001011011011011000011011011110
011000111100000110111010001111100101101001111110001011111111100110100101011000001000111000111011
101011111110101100010111001010010011001010001001000110001000001010011000001001010111100100001100
101101000000110110001000001101101001000011001101110011100011101001100100011010101011110010000101
011001101100000011110101110111111110111110010000000000011100010111101000111000000011101110110000
101110010001010011100101010100111110100011000011010100001000010110111100101111001110000000011011
101011011001111001101110110111110110011100111001000110001110110110000010010110100100011010001110
110010101100000010010111010101111110011100110011111100011101001010011000101111101100101111001101
100011001101010111100011111000001111011100011011011001010111101001001101111111100110101001101010
101001001111001011000011001001100000010010011010011001110111001001010010001110010001100001000100
000010011000101110101101101101001000000000010101111010010010110111001010000100011101010000000101
000010111001100111111100110101001100011011100001100010000000110011100100110011010110001111111000
000100110011011101001000011111100110101010010111100101111100001010111101010011100101111100100000
001100111100100010011010001001011101011101011011011111000000101001010011010001011011100110111010
111110011000000001000010001001001100010111101001001111100010001010100101010011001111001100110101
111111111001011111000000011111001101000000111001001100111111101000101100000111101100111101101111
101100110011111001011101110111010001001100001100111010011100001110011101001000100101010010100000
000011100010000010101010101110010010100111010010011100000101111110100000010110101010001010111100
100101010010001110000011110000101100100111111001010011001010010010100100110110101010111001101101
100111101101101110111111111001001010000000111100011110000010001010011111011101010000100101110110
000001100001100011001010100001110101100111101110001010101101001001101110111010100001001011111010
001100011000101000000010011011001001000011000110001000001000110101011111001101101011000100011011
010100011010111010001101111000111101011101011101000100011100010000101011000001101010111101010001
100100011100001100100010110100011100100010010001000001000110010000100110111111110011100111111101
111100110101011111001100000000011011111011011110101111100010100110000011000101110000101100101101
000001001111100100000001100000101000010000111111100000110101101111011101110101010000101010001100
101010000010111101010001100001101111000100000111010011100101111100011101011011111110001000101101
010111111000100110010010111100111111010011111011101011000110011100101001010010100111001100100101
001011100101101011000001001011000000000011101110111101110001000110100001000110101000110111111100
110010001100011101110001000001111101000101001100011000001100110001001101101110110110110000001011
010000101000100111100101001110100101011010011100000101011101010000000101111011111101110110001001
010010001111111010100110010111000000110001010100101111110110100011111100011011100110010111110101
110000001010001110110001100111000001011010010111011001110011011001110100000101011110110110010011
101101111010011001111000001010110001110101110111101110001001110001101110100001010011111110101111
100000000010110000010010111100001100100011000101010000101110110010111111001111010011011110111001
110101110001110111100011011100010001100011111010111010111010111101001000110010111101100001000000
010001101110110100100000010111001000010001100010001100000011110000001101111101011000101010000000
110011111010000100000110101001110010000101000011101100100100110001111001000011111111011110011011
101111000111011010001110110010011110101101011000011111000001010111110001001000001010110110110101
011011110101011100111010110000101100111101001000011100000000101000111101010010011001101111111100
001100110011110011110111000011001000101111001010111011101101010111111100000011011001011111111010
101000010000100010000010100001110100101100001011101011101111111001001000000000001010011100001000
100110100000111100010010110010110011011101000001100100000010001111100100110001001011011110111111
110111000001100101010010100011001101001111011111001101110100000101001001110101110111011011110111
010000101100000011011101101100111010010101110110011010000001010100110111110110001100010110111000
111100001000111010010001111111111001000001100100001011100011110111110110011001101101111111011111
000101000110000011000011010111011111111010010111111110011101111100000011111001011001111101110100
111100000110011000011101010101001100011010001100111001110010100000110000111110011011110000011010
110010111001000111010010111101111111101101111101011111111001111010000010110100101111010010101010
001001111011101110011110000010110100010101011001000011001010001111001111101111001111110001001010
000110000010100011110111101001011110000100101110110111101110110001010010100001011000101000111100
100000101000101101000101100110111010011011100100110011101101010100000001011100101011101111010101
010111101000010000000110100111011010011010100100111101010101011101110000111011101111100100011010
000000001101100010110111110001000010010000001001011100111000010011001100110111100001100011010100
001100010000110011000001100011110110001100001101100010010111001001010010110101010011001001110111
100001110110010000001111000110011011001001100100101111011001100011100001001011100101101111100000
001111100101111011010011110110101001110011111010111010000111111000110101101100110011011000001110
001111100101011001000100111100110101100101010100010110111011000111101111011000010110110011101111
000110001000010101000101100010010111101010111110110010111111100101100110101011111010100100001000
001110001011001101001010111111111011011111011000100000011010101000110100011110011010100000110001
100110110111111000001111000000001110111011100011111100101110010011100010001110111011100010110111
000001000110101110110111100011101011000100110110011011010110110100000101010001010010111101010111
010110001111001111101100001011111001101011001101111010100010111000010111000111010010011111000101
111000111110010001001010111001000111010100010101111110100110100001101111010101000001001010001001
000110111000000101001001100111000111001100001110110101010001000111000001000011110000100101010011
110101111110110001100010000101001100110010101110101010110010010001011100010001000011101011100010
010010011001110101100010101010000101000010110110010101101010111101011011011111101011111110010100
001111010110100011010111000101011100111011101111001110010011011100100101111010010110000111110010
111101011000010111100110110111000000010111111000000101001010111100011001000110101110010100001000
101100101000101111100110000000001001110001100010001000111110111100010110101101000110011111101100
011100101011000011011010111100010001110011010011001111101111001001101100011010011000100110010001
101000111000110001001000100101101100000000000100101110110001111010010110000011111011000101011100
111000010100011001011011011011100101011100010101010110011101001101001000000011000110010101110010
101011110110100100000000010011111001111001000000110001000000110110110001001000101110101101001100
100101100001111001011000100100001100010001110001011000001110000101101111011000010010011000000001
001001001100000011100011100001110001000010111001010111110110011100110001000001011011111000101101
011010110000110100010000001001011011011111000000110010110001100101101110000001001000110001111100
011101011001001011100110100111010011100010111111110111010101110101000001001111111111000111111011
110011011011011000110100000011110010010100110101110111011010100100010011110100100000110011111001
010101001001110100001010100000000001000110010011010101101001110111111110010111001111000010111111
111101001101000000011101110110101001011111100011110011101011110111110000010010010011100111010100
010010011010111011011010011011000001011011000101101011110101110101000111100110100001111100010001
