100111101010001011010100110101100000000000000000000000000000000000000000000000010000101001100000
100111101010001011010100110101100000000000000000000000000000000000000000000001000011011111010100
100111101010001011010100110101100000000000000000000000000000000000000000000000001100111010101010
100111101010001011010100110101100000000000000000000000000000000000000000000000000110000001000011
100111101010001011010100110101100000000000000000000000000000000000000000000000101110010100100010
100111101010001011010100110101100000000000000000000000000000000000000000000000000111000100101011
100111101010001011010100110101100000000000000000000000000000000000000000000001001000110001101011
100111101010001011010100110101100000000000000000000000000000000000000000000000110100011001110110
100111101010001011010100110101100000000000000000000000000000000000000000000000001001001011100011
100111101010001011010100110101100000000000000000000000000000000000000000000000001010001010001001
100111101010001011010100110101100000000000000000000000000000000000000000000000000111011011111010
100111101010001011010100110101100000000000000000000000000000000000000000000000011000001001010100
100111101010001011010100110101100000000000000000000000000000000000000000000000010110011101110010
100111101010001011010100110101100000000000000000000000000000000000000000000000111010000111101000
100111101010001011010100110101100000000000000000000000000000000000000000000000010000000011110011
100111101010001011010100110101100000000000000000000000000000000000000000000000011101000100011010
100111101010001011010100110101100000000000000000000000000000000000000000000000101110001100110100
100111101010001011010100110101100000000000000000000000000000000000000000000000001101111100000000
100111101010001011010100110101100000000000000000000000000000000000000000000000000110000000100101
100111101010001011010100110101100000000000000000000000000000000000000000000000000001110010100110
100111101010001011010100110101100000000000000000000000000000000000000000000000111011110101100010
100111101010001011010100110101100000000000000000000000000000000000000000000000101110001111110110
100111101010001011010100110101100000000000000000000000000000000000000000000000011111111010001101
100111101010001011010100110101100000000000000000000000000000000000000000000001000100010001111001
100111101010001011010100110101100000000000000000000000000000000000000000000000101000101101100111
100111101010001011010100110101100000000000000000000000000000000000000000000000011110011011110010
100111101010001011010100110101100000000000000000000000000000000000000000000000000101000111000000
100111101010001011010100110101100000000000000000000000000000000000000000000001000111001101001110
100111101010001011010100110101100000000000000000000000000000000000000000000000011011100101010111
100111101010001011010100110101100000000000000000000000000000000000000000000000001010000010111101
100111101010001011010100110101100000000000000000000000000000000000000000000000000000000010110010
100111101010001011010100110101100000000000000000000000000000000000000000000000110110011101000110
100111101010001011010100110101100000000000000000000000000000000000000000000000000110010011000010
100111101010001011010100110101100000000000000000000000000000000000000000000000000000010101111010
100111101010001011010100110101100000000000000000000000000000000000000000000000100110100000101100
100111101010001011010100110101100000000000000000000000000000000000000000000000011011101111101011
100111101010001011010100110101100000000000000000000000000000000000000000000000111110111011001000
100111101010001011010100110101100000000000000000000000000000000000000000000000111110100000110101
100111101010001011010100110101100000000000000000000000000000000000000000000000001001011110000011
100111101010001011010100110101100000000000000000000000000000000000000000000000100001001100101000
100111101010001011010100110101100000000000000000000000000000000000000000000000001001011011001111
100111101010001011010100110101100000000000000000000000000000000000000000000000010010011100010100
100111101010001011010100110101100000000000000000000000000000000000000000000000001110010001011100
100111101010001011010100110101100000000000000000000000000000000000000000000000100010010010000110
100111101010001011010100110101100000000000000000000000000000000000000000000000111000001010101111
100111101010001011010100110101100000000000000000000000000000000000000000000000000011001111011110
100111101010001011010100110101100000000000000000000000000000000000000000000000111010100000110010
100111101010001011010100110101100000000000000000000000000000000000000000000000000001000111011010
100111101010001011010100110101100000000000000000000000000000000000000000000000001011000111011100
100111101010001011010100110101100000000000000000000000000000000000000000000000110111110110001000
100111101010001011010100110101100000000000000000000000000000000000000000000000101101110110000111
100111101010001011010100110101100000000000000000000000000000000000000000000000111110101101110011
100111101010001011010100110101100000000000000000000000000000000000000000000000111100000000111110
100111101010001011010100110101100000000000000000000000000000000000000000000000000010000011111001
100111101010001011010100110101100000000000000000000000000000000000000000000000001100000111111110
100111101010001011010100110101100000000000000000000000000000000000000000000000101111100000111011
100111101010001011010100110101100000000000000000000000000000000000000000000001000010001011100101
100111101010001011010100110101100000000000000000000000000000000000000000000000001011101100100011
100111101010001011010100110101100000000000000000000000000000000000000000000000100111010000110110
100111101010001011010100110101100000000000000000000000000000000000000000000000100100001111111101
100111101010001011010100110101100000000000000000000000000000000000000000000000010111100010101100
100111101010001011010100110101100000000000000000000000000000000000000000000000110111101111111001
100111101010001011010100110101100000000000000000000000000000000000000000000000111010010001001001
100111101010001011010100110101100000000000000000000000000000000000000000000000010100001011001000
100111101010001011010100110101100000000000000000000000000000000000000000000000110010111110110100
100111101010001011010100110101100000000000000000000000000000000000000000000000001100110101100100
100111101010001011010100110101100000000000000000000000000000000000000000000000101001110101011100
100111101010001011010100110101100000000000000000000000000000000000000000000000000011101100101010
100111101010001011010100110101100000000000000000000000000000000000000000000001000101000011010001
100111101010001011010100110101100000000000000000000000000000000000000000000000001011000100001111
100111101010001011010100110101100000000000000000000000000000000000000000000000011101110110011000
100111101010001011010100110101100000000000000000000000000000000000000000000000111010000011101011
100111101010001011010100110101100000000000000000000000000000000000000000000000011000100010100111
100111101010001011010100110101100000000000000000000000000000000000000000000000011011111100011010
100111101010001011010100110101100000000000000000000000000000000000000000000000011010110111100101
100111101010001011010100110101100000000000000000000000000000000000000000000000010111101000010110
100111101010001011010100110101100000000000000000000000000000000000000000000000101010011001000110
100111101010001011010100110101100000000000000000000000000000000000000000000000111000010000000100
100111101010001011010100110101100000000000000000000000000000000000000000000000101011100001111110
100111101010001011010100110101100000000000000000000000000000000000000000000000101011000101010001
100111101010001011010100110101100000000000000000000000000000000000000000000000100010110101001010
100111101010001011010100110101100000000000000000000000000000000000000000000000011100110000011011
100111101010001011010100110101100000000000000000000000000000000000000000000000100100001001010011
100111101010001011010100110101100000000000000000000000000000000000000000000000010111010100100111
100111101010001011010100110101100000000000000000000000000000000000000000000000101110001110001101
100111101010001011010100110101100000000000000000000000000000000000000000000001000100110110001100
100111101010001011010100110101100000000000000000000000000000000000000000000000001110000001000111
100111101010001011010100110101100000000000000000000000000000000000000000000000000000000001100010
100111101010001011010100110101100000000000000000000000000000000000000000000000000001010101111111
100111101010001011010100110101100000000000000000000000000000000000000000000000000101110100110101
100111101010001011010100110101100000000000000000000000000000000000000000000001000100100101101000
100111101010001011010100110101100000000000000000000000000000000000000000000000101100000010011101
100111101010001011010100110101100000000000000000000000000000000000000000000000101110010010000111
100111101010001011010100110101100000000000000000000000000000000000000000000000010010001110010000
100111101010001011010100110101100000000000000000000000000000000000000000000000100101100101110000
100111101010001011010100110101100000000000000000000000000000000000000000000000100101010000010101
100111101010001011010100110101100000000000000000000000000000000000000000000000011000001101001001
100111101010001011010100110101100000000000000000000000000000000000000000000000110110000000001110
100111101010001011010100110101100000000000000000000000000000000000000000000001000100011000001101
100111101010001011010100110101100000000000000000000000000000000000000000000000100100011001001110
100111101010001011010100110101100000000000000000000000000000000000000000000000011011011010100010
100111101010001011010100110101100000000000000000000000000000000000000000000000001100100011011000
100111101010001011010100110101100000000000000000000000000000000000000000000000101111011001011100
100111101010001011010100110101100000000000000000000000000000000000000000000000100110100000100000
100111101010001011010100110101100000000000000000000000000000000000000000000001000110010111111111
100111101010001011010100110101100000000000000000000000000000000000000000000001000000000011011110
100111101010001011010100110101100000000000000000000000000000000000000000000000100110010100000010
100111101010001011010100110101100000000000000000000000000000000000000000000001000001110010111110
100111101010001011010100110101100000000000000000000000000000000000000000000000011001101011111111
100111101010001011010100110101100000000000000000000000000000000000000000000000010001100010010000
100111101010001011010100110101100000000000000000000000000000000000000000000001000110000100100010
100111101010001011010100110101100000000000000000000000000000000000000000000001000000011100111010
100111101010001011010100110101100000000000000000000000000000000000000000000000110000010001010010
100111101010001011010100110101100000000000000000000000000000000000000000000000111001011100111110
100111101010001011010100110101100000000000000000000000000000000000000000000000111001110101110101
100111101010001011010100110101100000000000000000000000000000000000000000000000111001110100011111
100111101010001011010100110101100000000000000000000000000000000000000000000000011010001001110000
100111101010001011010100110101100000000000000000000000000000000000000000000001000011000010010010
100111101010001011010100110101100000000000000000000000000000000000000000000000101011011001110010
100111101010001011010100110101100000000000000000000000000000000000000000000000001001101100110000
100111101010001011010100110101100000000000000000000000000000000000000000000000011110010101111111
100111101010001011010100110101100000000000000000000000000000000000000000000000001111000111110111
100111101010001011010100110101100000000000000000000000000000000000000000000000111100101111101101
100111101010001011010100110101100000000000000000000000000000000000000000000000011010001111000100
100111101010001011010100110101100000000000000000000000000000000000000000000001000100110110001101
100111101010001011010100110101100000000000000000000000000000000000000000000001000011111110100110
100111101010001011010100110101100000000000000000000000000000000000000000000000111111010000100101
100111101010001011010100110101100000000000000000000000000000000000000000000000100111010100000000
100111101010001011010100110101100000000000000000000000000000000000000000000000001000100101000000
100111101010001011010100110101100000000000000000000000000000000000000000000000001110111001111110
100111101010001011010100110101100000000000000000000000000000000000000000000000010000100011001100
100111101010001011010100110101100000000000000000000000000000000000000000000000000101000100110110
100111101010001011010100110101100000000000000000000000000000000000000000000000101110111000000111
100111101010001011010100110101100000000000000000000000000000000000000000000000010101010100110101
100111101010001011010100110101100000000000000000000000000000000000000000000000110000111000011100
100111101010001011010100110101100000000000000000000000000000000000000000000000000110010100100110
100111101010001011010100110101100000000000000000000000000000000000000000000000001101000010011010
100111101010001011010100110101100000000000000000000000000000000000000000000001000100101011101100
100111101010001011010100110101100000000000000000000000000000000000000000000000010111111001110110
100111101010001011010100110101100000000000000000000000000000000000000000000000111010100101000101
100111101010001011010100110101100000000000000000000000000000000000000000000000111010001000101011
100111101010001011010100110101100000000000000000000000000000000000000000000000000001100001111110
100111101010001011010100110101100000000000000000000000000000000000000000000001001000010011001011
100111101010001011010100110101100000000000000000000000000000000000000000000000001001111000100101
100111101010001011010100110101100000000000000000000000000000000000000000000000001101010111011111
100111101010001011010100110101100000000000000000000000000000000000000000000000001010000001011110
100111101010001011010100110101100000000000000000000000000000000000000000000000100100111100000000
100111101010001011010100110101100000000000000000000000000000000000000000000001000001101101000110
100111101010001011010100110101100000000000000000000000000000000000000000000000101101110111001000
100111101010001011010100110101100000000000000000000000000000000000000000000000111100010001111001
100111101010001011010100110101100000000000000000000000000000000000000000000000011000011111111001
100111101010001011010100110101100000000000000000000000000000000000000000000001000011111101111001
100111101010001011010100110101100000000000000000000000000000000000000000000000010010001010010100
100111101010001011010100110101100000000000000000000000000000000000000000000000001000011000100101
100111101010001011010100110101100000000000000000000000000000000000000000000000000101011010011001
100111101010001011010100110101100000000000000000000000000000000000000000000000010111110100100100
100111101010001011010100110101100000000000000000000000000000000000000000000000010000101110110010
100111101010001011010100110101100000000000000000000000000000000000000000000000010011001100111100
100111101010001011010100110101100000000000000000000000000000000000000000000000011011100011000010
100111101010001011010100110101100000000000000000000000000000000000000000000000100011101110011001
100111101010001011010100110101100000000000000000000000000000000000000000000000011001001000011000
100111101010001011010100110101100000000000000000000000000000000000000000000001000111110010000010
100111101010001011010100110101100000000000000000000000000000000000000000000000100110110110101100
100111101010001011010100110101100000000000000000000000000000000000000000000000110110011010100001
100111101010001011010100110101100000000000000000000000000000000000000000000000011110110100100011
100111101010001011010100110101100000000000000000000000000000000000000000000000111000001000001101
100111101010001011010100110101100000000000000000000000000000000000000000000000010000011110101000
100111101010001011010100110101100000000000000000000000000000000000000000000000101111111001101001
100111101010001011010100110101100000000000000000000000000000000000000000000000011100100100010000
100111101010001011010100110101100000000000000000000000000000000000000000000000111010000001011110
100111101010001011010100110101100000000000000000000000000000000000000000000000001000010110011000
100111101010001011010100110101100000000000000000000000000000000000000000000000110000101111011100
100111101010001011010100110101100000000000000000000000000000000000000000000001001000001011001001
100111101010001011010100110101100000000000000000000000000000000000000000000000100110011101011110
100111101010001011010100110101100000000000000000000000000000000000000000000000001000101101001011
100111101010001011010100110101100000000000000000000000000000000000000000000000000101111000011101
100111101010001011010100110101100000000000000000000000000000000000000000000000000000110001010101
100111101010001011010100110101100000000000000000000000000000000000000000000000110011011011011110
100111101010001011010100110101100000000000000000000000000000000000000000000000001010101100111101
100111101010001011010100110101100000000000000000000000000000000000000000000000000110111101000111
100111101010001011010100110101100000000000000000000000000000000000000000000000001110111001111001
100111101010001011010100110101100000000000000000000000000000000000000000000001000101000111001000
100111101010001011010100110101100000000000000000000000000000000000000000000000011001111101110000
100111101010001011010100110101100000000000000000000000000000000000000000000000101101010100010000
100111101010001011010100110101100000000000000000000000000000000000000000000000001000101100010001
100111101010001011010100110101100000000000000000000000000000000000000000000000111110001101000100
100111101010001011010100110101100000000000000000000000000000000000000000000000011010110001111101
100111101010001011010100110101100000000000000000000000000000000000000000000000000101001000010110
100111101010001011010100110101100000000000000000000000000000000000000000000000110010110100011010
100111101010001011010100110101100000000000000000000000000000000000000000000000001000111111010101
100111101010001011010100110101100000000000000000000000000000000000000000000000100001000001111000
100111101010001011010100110101100000000000000000000000000000000000000000000000110101101001000100
100111101010001011010100110101100000000000000000000000000000000000000000000000011110000001011000
100111101010001011010100110101100000000000000000000000000000000000000000000000001101110000000111
100111101010001011010100110101100000000000000000000000000000000000000000000001000111001011010101
100111101010001011010100110101100000000000000000000000000000000000000000000000000101101000000010
100111101010001011010100110101100000000000000000000000000000000000000000000000100010110011111001
100111101010001011010100110101100000000000000000000000000000000000000000000000110011111011000110
100111101010001011010100110101100000000000000000000000000000000000000000000000101101000000111001
100111101010001011010100110101100000000000000000000000000000000000000000000000100100100011110011
100111101010001011010100110101100000000000000000000000000000000000000000000000101000010000001100
100111101010001011010100110101100000000000000000000000000000000000000000000000010101110110101010
100111101010001011010100110101100000000000000000000000000000000000000000000000110010010010110111
100111101010001011010100110101100000000000000000000000000000000000000000000000101000010110111011
100111101010001011010100110101100000000000000000000000000000000000000000000000001010000011000100
100111101010001011010100110101100000000000000000000000000000000000000000000001000011011001111000
100111101010001011010100110101100000000000000000000000000000000000000000000000010111000001101101
100111101010001011010100110101100000000000000000000000000000000000000000000000001000100110010000
100111101010001011010100110101100000000000000000000000000000000000000000000000010110011101101101
100111101010001011010100110101100000000000000000000000000000000000000000000000110110001011010100
100111101010001011010100110101100000000000000000000000000000000000000000000000101010000101100011
100111101010001011010100110101100000000000000000000000000000000000000000000000001111110011100011
100111101010001011010100110101100000000000000000000000000000000000000000000001000011100000110001
100111101010001011010100110101100000000000000000000000000000000000000000000000110010101100111101
100111101010001011010100110101100000000000000000000000000000000000000000000000000111001111001101
100111101010001011010100110101100000000000000000000000000000000000000000000000111101001100001011
100111101010001011010100110101100000000000000000000000000000000000000000000000100001000111110010
100111101010001011010100110101100000000000000000000000000000000000000000000001000010111000101011
100111101010001011010100110101100000000000000000000000000000000000000000000000001111000101000101
100111101010001011010100110101100000000000000000000000000000000000000000000000100001100110000011
100111101010001011010100110101100000000000000000000000000000000000000000000000000100101000011001
100111101010001011010100110101100000000000000000000000000000000000000000000000101111011000100110
100111101010001011010100110101100000000000000000000000000000000000000000000001000011101010011001
100111101010001011010100110101100000000000000000000000000000000000000000000000000001001001100111
100111101010001011010100110101100000000000000000000000000000000000000000000001000100000111010001
100111101010001011010100110101100000000000000000000000000000000000000000000000110100100000010101
100111101010001011010100110101100000000000000000000000000000000000000000000000101011111011001110
100111101010001011010100110101100000000000000000000000000000000000000000000000111001011110001000
100111101010001011010100110101100000000000000000000000000000000000000000000000100110001000011100
100111101010001011010100110101100000000000000000000000000000000000000000000000100000111101010011
100111101010001011010100110101100000000000000000000000000000000000000000000000010000000101100011
100111101010001011010100110101100000000000000000000000000000000000000000000000111101011011110001
100111101010001011010100110101100000000000000000000000000000000000000000000000000111101110010011
100111101010001011010100110101100000000000000000000000000000000000000000000000110111111110111111
100111101010001011010100110101100000000000000000000000000000000000000000000000011010011011001110
100111101010001011010100110101100000000000000000000000000000000000000000000000110100000010010101
100111101010001011010100110101100000000000000000000000000000000000000000000000100001010100101011
100111101010001011010100110101100000000000000000000000000000000000000000000000000010001000111001
100111101010001011010100110101100000000000000000000000000000000000000000000000110101000111100101
100111101010001011010100110101100000000000000000000000000000000000000000000000111101111110111110
100111101010001011010100110101100000000000000000000000000000000000000000000000000010110110001000
100111101010001011010100110101100000000000000000000000000000000000000000000000000111100111001010
100111101010001011010100110101100000000000000000000000000000000000000000000000100100101010011101
100111101010001011010100110101100000000000000000000000000000000000000000000000011110110110100101
100111101010001011010100110101100000000000000000000000000000000000000000000000000001110000000100
100111101010001011010100110101100000000000000000000000000000000000000000000000011001100100101000
100111101010001011010100110101100000000000000000000000000000000000000000000000001110100111010100
100111101010001011010100110101100000000000000000000000000000000000000000000000111000111011111000
100111101010001011010100110101100000000000000000000000000000000000000000000000101110111011101010
100111101010001011010100110101100000000000000000000000000000000000000000000000010100011101111101
100111101010001011010100110101100000000000000000000000000000000000000000000000001100111001000100
100111101010001011010100110101100000000000000000000000000000000000000000000000000011010101001000
100111101010001011010100110101100000000000000000000000000000000000000000000000110110001101001001
100111101010001011010100110101100000000000000000000000000000000000000000000001000011000111001010
100111101010001011010100110101100000000000000000000000000000000000000000000000000010101001110100
100111101010001011010100110101100000000000000000000000000000000000000000000001000100110011111001
100111101010001011010100110101100000000000000000000000000000000000000000000000001000011100010000
100111101010001011010100110101100000000000000000000000000000000000000000000000110001111000101101
100111101010001011010100110101100000000000000000000000000000000000000000000000000111100101100011
100111101010001011010100110101100000000000000000000000000000000000000000000001000000001110101001
100111101010001011010100110101100000000000000000000000000000000000000000000000010011011101000000
100111101010001011010100110101100000000000000000000000000000000000000000000000010011100011110001
100111101010001011010100110101100000000000000000000000000000000000000000000001000010000001000001
100111101010001011010100110101100000000000000000000000000000000000000000000000111110001110000010
100111101010001011010100110101100000000000000000000000000000000000000000000001000000110011100000
100111101010001011010100110101100000000000000000000000000000000000000000000000010010011010101110
100111101010001011010100110101100000000000000000000000000000000000000000000000011010011001011101
100111101010001011010100110101100000000000000000000000000000000000000000000000011110111000001010
100111101010001011010100110101100000000000000000000000000000000000000000000000010100101010000101
100111101010001011010100110101100000000000000000000000000000000000000000000000011000001011101111
100111101010001011010100110101100000000000000000000000000000000000000000000000111110010000010100
100111101010001011010100110101100000000000000000000000000000000000000000000000101000100110100000
100111101010001011010100110101100000000000000000000000000000000000000000000000001001000011100111
100111101010001011010100110101100000000000000000000000000000000000000000000000010111101000111111
100111101010001011010100110101100000000000000000000000000000000000000000000000110001101111010001
100111101010001011010100110101100000000000000000000000000000000000000000000000110111010001010110
100111101010001011010100110101100000000000000000000000000000000000000000000000100101010010100000
100111101010001011010100110101100000000000000000000000000000000000000000000000011001010010111100
100111101010001011010100110101100000000000000000000000000000000000000000000000110011001111110000
100111101010001011010100110101100000000000000000000000000000000000000000000000001110001011001011
100111101010001011010100110101100000000000000000000000000000000000000000000000110010011011000100
100111101010001011010100110101100000000000000000000000000000000000000000000000000010100101011010
100111101010001011010100110101100000000000000000000000000000000000000000000000011101101110100001
100111101010001011010100110101100000000000000000000000000000000000000000000000010100111011100011
100111101010001011010100110101100000000000000000000000000000000000000000000000101101010101001001
100111101010001011010100110101100000000000000000000000000000000000000000000000011110000000001101
100111101010001011010100110101100000000000000000000000000000000000000000000000010000110011001010
100111101010001011010100110101100000000000000000000000000000000000000000000000010101111010010110
100111101010001011010100110101100000000000000000000000000000000000000000000000101110100010111101
100111101010001011010100110101100000000000000000000000000000000000000000000000111110010001101001
100111101010001011010100110101100000000000000000000000000000000000000000000000101011110010110001
100111101010001011010100110101100000000000000000000000000000000000000000000000001000011110010110
100111101010001011010100110101100000000000000000000000000000000000000000000000101001110001110001
100111101010001011010100110101100000000000000000000000000000000000000000000000010100111110101100
100111101010001011010100110101100000000000000000000000000000000000000000000000111011101110000001
100111101010001011010100110101100000000000000000000000000000000000000000000000110111011111011110
100111101010001011010100110101100000000000000000000000000000000000000000000000100000110010011000
100111101010001011010100110101100000000000000000000000000000000000000000000000001000001011010100
100111101010001011010100110101100000000000000000000000000000000000000000000000010111110001001010
100111101010001011010100110101100000000000000000000000000000000000000000000000101011010110110000
100111101010001011010100110101100000000000000000000000000000000000000000000000110100101101111110
100111101010001011010100110101100000000000000000000000000000000000000000000000010100000101101011
100111101010001011010100110101100000000000000000000000000000000000000000000000111100101100101001
100111101010001011010100110101100000000000000000000000000000000000000000000000100001011001111000
100111101010001011010100110101100000000000000000000000000000000000000000000000100000010101010111
100111101010001011010100110101100000000000000000000000000000000000000000000000001000111011110000
100111101010001011010100110101100000000000000000000000000000000000000000000000011100000010010000
100111101010001011010100110101100000000000000000000000000000000000000000000000101110100110011101
100111101010001011010100110101100000000000000000000000000000000000000000000000100111010011001111
100111101010001011010100110101100000000000000000000000000000000000000000000000110100010011100101
100111101010001011010100110101100000000000000000000000000000000000000000000000000010101101001111
100111101010001011010100110101100000000000000000000000000000000000000000000000101100000110000011
100111101010001011010100110101100000000000000000000000000000000000000000000000001011011000001110
100111101010001011010100110101100000000000000000000000000000000000000000000000101000010100110010
100111101010001011010100110101100000000000000000000000000000000000000000000000011011001011111011
100111101010001011010100110101100000000000000000000000000000000000000000000000010001011011000111
100111101010001011010100110101100000000000000000000000000000000000000000000000010001000110101001
100111101010001011010100110101100000000000000000000000000000000000000000000000011001000101111110
100111101010001011010100110101100000000000000000000000000000000000000000000000110111101001000011
100111101010001011010100110101100000000000000000000000000000000000000000000000111101011010011011
100111101010001011010100110101100000000000000000000000000000000000000000000000110101101100001111
100111101010001011010100110101100000000000000000000000000000000000000000000001001001001000010001
100111101010001011010100110101100000000000000000000000000000000000000000000000100000001100101101
100111101010001011010100110101100000000000000000000000000000000000000000000000100101000001111000
100111101010001011010100110101100000000000000000000000000000000000000000000000011100111000011100
100111101010001011010100110101100000000000000000000000000000000000000000000001000011011011111111
100111101010001011010100110101100000000000000000000000000000000000000000000001000010101101011001
100111101010001011010100110101100000000000000000000000000000000000000000000000001010001000010110
100111101010001011010100110101100000000000000000000000000000000000000000000000110111111001101000
100111101010001011010100110101100000000000000000000000000000000000000000000000001101110000101011
100111101010001011010100110101100000000000000000000000000000000000000000000000100000100110111010
100111101010001011010100110101100000000000000000000000000000000000000000000000011011010010101000
100111101010001011010100110101100000000000000000000000000000000000000000000000001010011110110000
100111101010001011010100110101100000000000000000000000000000000000000000000000111110010000001011
100111101010001011010100110101100000000000000000000000000000000000000000000000000000100001010011
100111101010001011010100110101100000000000000000000000000000000000000000000000110101001111001110
100111101010001011010100110101100000000000000000000000000000000000000000000000010011100101010011
100111101010001011010100110101100000000000000000000000000000000000000000000001000111001101101000
100111101010001011010100110101100000000000000000000000000000000000000000000000010001101110110100
100111101010001011010100110101100000000000000000000000000000000000000000000001000111100111010101
100111101010001011010100110101100000000000000000000000000000000000000000000000010111000000100100
100111101010001011010100110101100000000000000000000000000000000000000000000000001001101010100110
100111101010001011010100110101100000000000000000000000000000000000000000000000111100010100110001
100111101010001011010100110101100000000000000000000000000000000000000000000000101000110101111111
100111101010001011010100110101100000000000000000000000000000000000000000000000100100000011101100
100111101010001011010100110101100000000000000000000000000000000000000000000001000010101000010000
100111101010001011010100110101100000000000000000000000000000000000000000000000100111001110000001
100111101010001011010100110101100000000000000000000000000000000000000000000001001000000111000110
100111101010001011010100110101100000000000000000000000000000000000000000000000101000000111010111
100111101010001011010100110101100000000000000000000000000000000000000000000001000001101010110101
100111101010001011010100110101100000000000000000000000000000000000000000000000001001000010111100
100111101010001011010100110101100000000000000000000000000000000000000000000000110101100001101001
100111101010001011010100110101100000000000000000000000000000000000000000000001000101001100000010
100111101010001011010100110101100000000000000000000000000000000000000000000000001101011101000111
100111101010001011010100110101100000000000000000000000000000000000000000000000001101010111110011
100111101010001011010100110101100000000000000000000000000000000000000000000000001101111011001101
100111101010001011010100110101100000000000000000000000000000000000000000000001000001010010011110
100111101010001011010100110101100000000000000000000000000000000000000000000000100010101010010011
100111101010001011010100110101100000000000000000000000000000000000000000000000101111110111011010
100111101010001011010100110101100000000000000000000000000000000000000000000001000101001000010010
100111101010001011010100110101100000000000000000000000000000000000000000000000110001010011101000
100111101010001011010100110101100000000000000000000000000000000000000000000000100000111000000010
100111101010001011010100110101100000000000000000000000000000000000000000000000000100111100011011
100111101010001011010100110101100000000000000000000000000000000000000000000000100111010110100100
100111101010001011010100110101100000000000000000000000000000000000000000000001000100101101010000
100111101010001011010100110101100000000000000000000000000000000000000000000000011110010000011111
100111101010001011010100110101100000000000000000000000000000000000000000000000110011001001011001
100111101010001011010100110101100000000000000000000000000000000000000000000000100111101100101000
100111101010001011010100110101100000000000000000000000000000000000000000000001000100010111111111
100111101010001011010100110101100000000000000000000000000000000000000000000000110100101001101001
100111101010001011010100110101100000000000000000000000000000000000000000000000001100001001100100
100111101010001011010100110101100000000000000000000000000000000000000000000000001000000000010010
100111101010001011010100110101100000000000000000000000000000000000000000000000100001100100011110
100111101010001011010100110101100000000000000000000000000000000000000000000000101111101011000001
100111101010001011010100110101100000000000000000000000000000000000000000000000010011110011110010
100111101010001011010100110101100000000000000000000000000000000000000000000000101111001001111100
100111101010001011010100110101100000000000000000000000000000000000000000000000110011100000100001
100111101010001011010100110101100000000000000000000000000000000000000000000000001001110101001001
100111101010001011010100110101100000000000000000000000000000000000000000000000010010110110001011
100111101010001011010100110101100000000000000000000000000000000000000000000000110011100101010101
100111101010001011010100110101100000000000000000000000000000000000000000000000000001011011010001
100111101010001011010100110101100000000000000000000000000000000000000000000000100110010010010100
100111101010001011010100110101100000000000000000000000000000000000000000000000110110110011011111
100111101010001011010100110101100000000000000000000000000000000000000000000000111101001100111010
100111101010001011010100110101100000000000000000000000000000000000000000000000001010011100010110
100111101010001011010100110101100000000000000000000000000000000000000000000000111110110011110010
100111101010001011010100110101100000000000000000000000000000000000000000000000110111100101000111
100111101010001011010100110101100000000000000000000000000000000000000000000000000001101111110010
100111101010001011010100110101100000000000000000000000000000000000000000000000011001001000100100
100111101010001011010100110101100000000000000000000000000000000000000000000000100010100010000011
100111101010001011010100110101100000000000000000000000000000000000000000000000010000011001011010
100111101010001011010100110101100000000000000000000000000000000000000000000000100101100111100011
100111101010001011010100110101100000000000000000000000000000000000000000000000000000111000011101
100111101010001011010100110101100000000000000000000000000000000000000000000000101100011111011011
100111101010001011010100110101100000000000000000000000000000000000000000000000100111101100100001
100111101010001011010100110101100000000000000000000000000000000000000000000000011001101101101110
100111101010001011010100110101100000000000000000000000000000000000000000000000001000001000111011
100111101010001011010100110101100000000000000000000000000000000000000000000000011011110011001100
100111101010001011010100110101100000000000000000000000000000000000000000000000001110101100001110
100111101010001011010100110101100000000000000000000000000000000000000000000000101110000010001100
100111101010001011010100110101100000000000000000000000000000000000000000000000001110011011000101
100111101010001011010100110101100000000000000000000000000000000000000000000000000001010111110101
100111101010001011010100110101100000000000000000000000000000000000000000000001000100111001001001
100111101010001011010100110101100000000000000000000000000000000000000000000000101010110011110010
100111101010001011010100110101100000000000000000000000000000000000000000000000011110010110000111
100111101010001011010100110101100000000000000000000000000000000000000000000000011010110011101011
100111101010001011010100110101100000000000000000000000000000000000000000000000001101011001000100
100111101010001011010100110101100000000000000000000000000000000000000000000000110010101010110010
100111101010001011010100110101100000000000000000000000000000000000000000000000011001110011001101
100111101010001011010100110101100000000000000000000000000000000000000000000000101001100001101011
100111101010001011010100110101100000000000000000000000000000000000000000000000111000110001111010
100111101010001011010100110101100000000000000000000000000000000000000000000000001101101010100010
100111101010001011010100110101100000000000000000000000000000000000000000000000011010110010110010
100111101010001011010100110101100000000000000000000000000000000000000000000000000011011100000011
100111101010001011010100110101100000000000000000000000000000000000000000000000111101000000101010
100111101010001011010100110101100000000000000000000000000000000000000000000000100010111001011000
100111101010001011010100110101100000000000000000000000000000000000000000000001000110011111000111
100111101010001011010100110101100000000000000000000000000000000000000000000000011011011101011110
100111101010001011010100110101100000000000000000000000000000000000000000000000100010011101011011
100111101010001011010100110101100000000000000000000000000000000000000000000000000111111010110011
100111101010001011010100110101100000000000000000000000000000000000000000000000000100111001111000
100111101010001011010100110101100000000000000000000000000000000000000000000000000101000111100100
100111101010001011010100110101100000000000000000000000000000000000000000000000001101111011011001
100111101010001011010100110101100000000000000000000000000000000000000000000000100011001011110001
100111101010001011010100110101100000000000000000000000000000000000000000000000011101001101010101
100111101010001011010100110101100000000000000000000000000000000000000000000000000010010100010011
100111101010001011010100110101100000000000000000000000000000000000000000000000001000111111011010
100111101010001011010100110101100000000000000000000000000000000000000000000000011110111101100110
100111101010001011010100110101100000000000000000000000000000000000000000000001000000101000011011
100111101010001011010100110101100000000000000000000000000000000000000000000000100000110101000011
100111101010001011010100110101100000000000000000000000000000000000000000000000001001110110101001
100111101010001011010100110101100000000000000000000000000000000000000000000000000110111010111010
100111101010001011010100110101100000000000000000000000000000000000000000000000100000100110010011
100111101010001011010100110101100000000000000000000000000000000000000000000000101100101010000011
100111101010001011010100110101100000000000000000000000000000000000000000000000011001101101111100
100111101010001011010100110101100000000000000000000000000000000000000000000000011010010100010011
100111101010001011010100110101100000000000000000000000000000000000000000000000011011111010010101
100111101010001011010100110101100000000000000000000000000000000000000000000000000011010001110000
100111101010001011010100110101100000000000000000000000000000000000000000000000001110110000101111
100111101010001011010100110101100000000000000000000000000000000000000000000000001110010001101001
100111101010001011010100110101100000000000000000000000000000000000000000000000111100010000010111
100111101010001011010100110101100000000000000000000000000000000000000000000000001101000010010000
100111101010001011010100110101100000000000000000000000000000000000000000000000001000011110010111
100111101010001011010100110101100000000000000000000000000000000000000000000000111110110000011011
100111101010001011010100110101100000000000000000000000000000000000000000000000011001111001010111
100111101010001011010100110101100000000000000000000000000000000000000000000001000010101100100111
100111101010001011010100110101100000000000000000000000000000000000000000000000101101011000001011
100111101010001011010100110101100000000000000000000000000000000000000000000000110111001111001001
100111101010001011010100110101100000000000000000000000000000000000000000000000110111100011001001
100111101010001011010100110101100000000000000000000000000000000000000000000000111011100101010000
100111101010001011010100110101100000000000000000000000000000000000000000000000100111100111010010
100111101010001011010100110101100000000000000000000000000000000000000000000000001110111100011101
100111101010001011010100110101100000000000000000000000000000000000000000000000101010000010111010
100111101010001011010100110101100000000000000000000000000000000000000000000000000100111111010101
100111101010001011010100110101100000000000000000000000000000000000000000000001000011111110100100
100111101010001011010100110101100000000000000000000000000000000000000000000000101000001000001011
100111101010001011010100110101100000000000000000000000000000000000000000000000100101010110010011
100111101010001011010100110101100000000000000000000000000000000000000000000000111000011100011110
100111101010001011010100110101100000000000000000000000000000000000000000000000101011110011011000
100111101010001011010100110101100000000000000000000000000000000000000000000000011010100010101111
100111101010001011010100110101100000000000000000000000000000000000000000000000001010011000010001
100111101010001011010100110101100000000000000000000000000000000000000000000000010100001011011110
100111101010001011010100110101100000000000000000000000000000000000000000000000001011000001110010
100111101010001011010100110101100000000000000000000000000000000000000000000000001100110010000000
100111101010001011010100110101100000000000000000000000000000000000000000000000010000010011011100
100111101010001011010100110101100000000000000000000000000000000000000000000000000100001110101100
100111101010001011010100110101100000000000000000000000000000000000000000000000101011111010111100
100111101010001011010100110101100000000000000000000000000000000000000000000000110011010100110111
100111101010001011010100110101100000000000000000000000000000000000000000000000111010010011010100
100111101010001011010100110101100000000000000000000000000000000000000000000001000101101001100001
100111101010001011010100110101100000000000000000000000000000000000000000000001000000100111110101
100111101010001011010100110101100000000000000000000000000000000000000000000000011000000001111001
100111101010001011010100110101100000000000000000000000000000000000000000000000101111101001100001
100111101010001011010100110101100000000000000000000000000000000000000000000000010010011001111111
100111101010001011010100110101100000000000000000000000000000000000000000000000010110111101111000
100111101010001011010100110101100000000000000000000000000000000000000000000000000100001100000011
100111101010001011010100110101100000000000000000000000000000000000000000000000001000111111100101
100111101010001011010100110101100000000000000000000000000000000000000000000001000101111101100101
100111101010001011010100110101100000000000000000000000000000000000000000000000111000010011000000
100111101010001011010100110101100000000000000000000000000000000000000000000000101010001001111011
100111101010001011010100110101100000000000000000000000000000000000000000000001000100011001101110
100111101010001011010100110101100000000000000000000000000000000000000000000000010100110100111001
100111101010001011010100110101100000000000000000000000000000000000000000000001000110001001000010
100111101010001011010100110101100000000000000000000000000000000000000000000000100001100110010010
100111101010001011010100110101100000000000000000000000000000000000000000000000011011101100100111
100111101010001011010100110101100000000000000000000000000000000000000000000000011101011000101101
100111101010001011010100110101100000000000000000000000000000000000000000000000010100001000010001
100111101010001011010100110101100000000000000000000000000000000000000000000000111110111110000101
100111101010001011010100110101100000000000000000000000000000000000000000000001000100011101011101
100111101010001011010100110101100000000000000000000000000000000000000000000001000100101101100011
100111101010001011010100110101100000000000000000000000000000000000000000000000001101001101001111
100111101010001011010100110101100000000000000000000000000000000000000000000000110000110101000010
100111101010001011010100110101100000000000000000000000000000000000000000000000001001000111111110
100111101010001011010100110101100000000000000000000000000000000000000000000000001000100100001010
100111101010001011010100110101100000000000000000000000000000000000000000000001000100101010010001
100111101010001011010100110101100000000000000000000000000000000000000000000000111010000011011100
100111101010001011010100110101100000000000000000000000000000000000000000000000011111110111000110
100111101010001011010100110101100000000000000000000000000000000000000000000000011110111011001000
100111101010001011010100110101100000000000000000000000000000000000000000000000101101101110100001
100111101010001011010100110101100000000000000000000000000000000000000000000000001000110101100111
100111101010001011010100110101100000000000000000000000000000000000000000000000100011001010101011
100111101010001011010100110101100000000000000000000000000000000000000000000000100001000111010001
100111101010001011010100110101100000000000000000000000000000000000000000000001000110110011101001
100111101010001011010100110101100000000000000000000000000000000000000000000000000010011010011000
100111101010001011010100110101100000000000000000000000000000000000000000000000010101100001010110
100111101010001011010100110101100000000000000000000000000000000000000000000000001001001100010001
100111101010001011010100110101100000000000000000000000000000000000000000000000110111111010000101
100111101010001011010100110101100000000000000000000000000000000000000000000000011011000001100101
100111101010001011010100110101100000000000000000000000000000000000000000000000100111000101110110
100111101010001011010100110101100000000000000000000000000000000000000000000000011110100011110010
100111101010001011010100110101100000000000000000000000000000000000000000000000001101110100110100
100111101010001011010100110101100000000000000000000000000000000000000000000000100000101001001010
100111101010001011010100110101100000000000000000000000000000000000000000000000110111000001110000
100111101010001011010100110101100000000000000000000000000000000000000000000000100010010000101110
100111101010001011010100110101100000000000000000000000000000000000000000000000001111011010001101
100111101010001011010100110101100000000000000000000000000000000000000000000000010111101000011000
100111101010001011010100110101100000000000000000000000000000000000000000000000100111011111101111
100111101010001011010100110101100000000000000000000000000000000000000000000000100000101011001001
100111101010001011010100110101100000000000000000000000000000000000000000000000000101110010000111
100111101010001011010100110101100000000000000000000000000000000000000000000000000110001100010111
100111101010001011010100110101100000000000000000000000000000000000000000000000000001110101101101
100111101010001011010100110101100000000000000000000000000000000000000000000001000110001100011001
100111101010001011010100110101100000000000000000000000000000000000000000000000110101011000001110
100111101010001011010100110101100000000000000000000000000000000000000000000000110011011100000110
100111101010001011010100110101100000000000000000000000000000000000000000000000010101010110000100
100111101010001011010100110101100000000000000000000000000000000000000000000001000110111001001010
100111101010001011010100110101100000000000000000000000000000000000000000000000011001110110111001
100111101010001011010100110101100000000000000000000000000000000000000000000000000001101101011100
100111101010001011010100110101100000000000000000000000000000000000000000000001000100100000111111
100111101010001011010100110101100000000000000000000000000000000000000000000000011100110101100011
100111101010001011010100110101100000000000000000000000000000000000000000000000111110011110110101
100111101010001011010100110101100000000000000000000000000000000000000000000000111010010100110000
100111101010001011010100110101100000000000000000000000000000000000000000000000101111100101110111
100111101010001011010100110101100000000000000000000000000000000000000000000000100111101001110100
100111101010001011010100110101100000000000000000000000000000000000000000000000001111010100110111
100111101010001011010100110101100000000000000000000000000000000000000000000001000001110100101111
100111101010001011010100110101100000000000000000000000000000000000000000000000101000000100101111
100111101010001011010100110101100000000000000000000000000000000000000000000001000111110101111010
100111101010001011010100110101100000000000000000000000000000000000000000000000100001000100101001
100111101010001011010100110101100000000000000000000000000000000000000000000000100100100101110010
100111101010001011010100110101100000000000000000000000000000000000000000000000000011001011011001
100111101010001011010100110101100000000000000000000000000000000000000000000000110010001110110000
100111101010001011010100110101100000000000000000000000000000000000000000000000011111100011111111
100111101010001011010100110101100000000000000000000000000000000000000000000000001001000110110101
100111101010001011010100110101100000000000000000000000000000000000000000000000110011000110110111
100111101010001011010100110101100000000000000000000000000000000000000000000000101011110001111111
100111101010001011010100110101100000000000000000000000000000000000000000000000010110010110100010
100111101010001011010100110101100000000000000000000000000000000000000000000001000101010010010111
100111101010001011010100110101100000000000000000000000000000000000000000000000111001101110101111
100111101010001011010100110101100000000000000000000000000000000000000000000001000010000011001010
100111101010001011010100110101100000000000000000000000000000000000000000000000101000001000111011
100111101010001011010100110101100000000000000000000000000000000000000000000000100011011001101101
100111101010001011010100110101100000000000000000000000000000000000000000000001000100100000100011
100111101010001011010100110101100000000000000000000000000000000000000000000000110111111001011111
100111101010001011010100110101100000000000000000000000000000000000000000000000100100111111010001
100111101010001011010100110101100000000000000000000000000000000000000000000000110101010110000101
100111101010001011010100110101100000000000000000000000000000000000000000000000110000000101101101
100111101010001011010100110101100000000000000000000000000000000000000000000000101011011111101010
100111101010001011010100110101100000000000000000000000000000000000000000000000110011011111001111
100111101010001011010100110101100000000000000000000000000000000000000000000000010000101011010110
100111101010001011010100110101100000000000000000000000000000000000000000000000000111100100110110
100111101010001011010100110101100000000000000000000000000000000000000000000000100001111100010111
100111101010001011010100110101100000000000000000000000000000000000000000000000000000010100111001
100111101010001011010100110101100000000000000000000000000000000000000000000000111001000111100100
100111101010001011010100110101100000000000000000000000000000000000000000000000101010111001011100
100111101010001011010100110101100000000000000000000000000000000000000000000000100101011101001010
100111101010001011010100110101100000000000000000000000000000000000000000000000010101001011110111
100111101010001011010100110101100000000000000000000000000000000000000000000000111000110111000101
100111101010001011010100110101100000000000000000000000000000000000000000000000101100111001100100
100111101010001011010100110101100000000000000000000000000000000000000000000000000100101000110010
100111101010001011010100110101100000000000000000000000000000000000000000000001000001110000010110
100111101010001011010100110101100000000000000000000000000000000000000000000000111010011110001111
100111101010001011010100110101100000000000000000000000000000000000000000000000010110001101001110
100111101010001011010100110101100000000000000000000000000000000000000000000000111100100000001010
100111101010001011010100110101100000000000000000000000000000000000000000000000001000101101100101
100111101010001011010100110101100000000000000000000000000000000000000000000000110111100101001000
100111101010001011010100110101100000000000000000000000000000000000000000000000111100000000000110
100111101010001011010100110101100000000000000000000000000000000000000000000001001000111101111101
100111101010001011010100110101100000000000000000000000000000000000000000000000100110010000100101
100111101010001011010100110101100000000000000000000000000000000000000000000000111010110001000010
100111101010001011010100110101100000000000000000000000000000000000000000000001000100010100010001
100111101010001011010100110101100000000000000000000000000000000000000000000000100110000100011011
100111101010001011010100110101100000000000000000000000000000000000000000000000110010111111001101
100111101010001011010100110101100000000000000000000000000000000000000000000000001110100111111011
100111101010001011010100110101100000000000000000000000000000000000000000000000100010110011100001
100111101010001011010100110101100000000000000000000000000000000000000000000000101011010011100101
100111101010001011010100110101100000000000000000000000000000000000000000000000000110101000111100
100111101010001011010100110101100000000000000000000000000000000000000000000000001000110111010011
100111101010001011010100110101100000000000000000000000000000000000000000000000110100110010111010
100111101010001011010100110101100000000000000000000000000000000000000000000000001011010000101011
100111101010001011010100110101100000000000000000000000000000000000000000000000001000111100110100
100111101010001011010100110101100000000000000000000000000000000000000000000000100011000010011010
100111101010001011010100110101100000000000000000000000000000000000000000000000101010100001000011
100111101010001011010100110101100000000000000000000000000000000000000000000000000011011001001001
100111101010001011010100110101100000000000000000000000000000000000000000000001000010101111011111
100111101010001011010100110101100000000000000000000000000000000000000000000000001011101101001000
100111101010001011010100110101100000000000000000000000000000000000000000000000010110001001111100
100111101010001011010100110101100000000000000000000000000000000000000000000001000011100101001001
100111101010001011010100110101100000000000000000000000000000000000000000000001000110000100110101
100111101010001011010100110101100000000000000000000000000000000000000000000000111011100000110001
100111101010001011010100110101100000000000000000000000000000000000000000000000111100011001000101
100111101010001011010100110101100000000000000000000000000000000000000000000000101011101101110110
100111101010001011010100110101100000000000000000000000000000000000000000000000010100011000010001
100111101010001011010100110101100000000000000000000000000000000000000000000000100010000111010010
100111101010001011010100110101100000000000000000000000000000000000000000000000011101001000110001
100111101010001011010100110101100000000000000000000000000000000000000000000000010111101110111111
100111101010001011010100110101100000000000000000000000000000000000000000000000011110101001011100
100111101010001011010100110101100000000000000000000000000000000000000000000000011111010110101011
100111101010001011010100110101100000000000000000000000000000000000000000000000110100101010101011
100111101010001011010100110101100000000000000000000000000000000000000000000001000010011000011110
100111101010001011010100110101100000000000000000000000000000000000000000000000111101100111110010
100111101010001011010100110101100000000000000000000000000000000000000000000000000111111001000110
100111101010001011010100110101100000000000000000000000000000000000000000000000001001110011100000
100111101010001011010100110101100000000000000000000000000000000000000000000000000111111111011010
100111101010001011010100110101100000000000000000000000000000000000000000000000101011011010001101
100111101010001011010100110101100000000000000000000000000000000000000000000000100101000010101011
100111101010001011010100110101100000000000000000000000000000000000000000000000111000010011000111
100111101010001011010100110101100000000000000000000000000000000000000000000000111000101110010000
100111101010001011010100110101100000000000000000000000000000000000000000000000011010111110000100
100111101010001011010100110101100000000000000000000000000000000000000000000000001000010100011001
100111101010001011010100110101100000000000000000000000000000000000000000000000111011010000000101
100111101010001011010100110101100000000000000000000000000000000000000000000000011000101011010000
100111101010001011010100110101100000000000000000000000000000000000000000000000110110001111100111
100111101010001011010100110101100000000000000000000000000000000000000000000000010101111101001101
100111101010001011010100110101100000000000000000000000000000000000000000000000001100000100000100
100111101010001011010100110101100000000000000000000000000000000000000000000001001000101111001001
100111101010001011010100110101100000000000000000000000000000000000000000000000001110010000111010
100111101010001011010100110101100000000000000000000000000000000000000000000000110101101010111011
100111101010001011010100110101100000000000000000000000000000000000000000000000011000111100000001
100111101010001011010100110101100000000000000000000000000000000000000000000000001100100100101001
100111101010001011010100110101100000000000000000000000000000000000000000000000111101100011001111
100111101010001011010100110101100000000000000000000000000000000000000000000000101011001011101110
100111101010001011010100110101100000000000000000000000000000000000000000000000110011111100011111
100111101010001011010100110101100000000000000000000000000000000000000000000000111000000000111100
100111101010001011010100110101100000000000000000000000000000000000000000000000100000011100001111
100111101010001011010100110101100000000000000000000000000000000000000000000000000111111011110101
100111101010001011010100110101100000000000000000000000000000000000000000000000011111110011011000
100111101010001011010100110101100000000000000000000000000000000000000000000000000110101100000110
100111101010001011010100110101100000000000000000000000000000000000000000000000001101001111010001
100111101010001011010100110101100000000000000000000000000000000000000000000000101001101100111011
100111101010001011010100110101100000000000000000000000000000000000000000000000011110011110000011
100111101010001011010100110101100000000000000000000000000000000000000000000000000110100011101101
100111101010001011010100110101100000000000000000000000000000000000000000000001001000110000101011
100111101010001011010100110101100000000000000000000000000000000000000000000000010010101011010111
100111101010001011010100110101100000000000000000000000000000000000000000000000110000000101111010
100111101010001011010100110101100000000000000000000000000000000000000000000000111010110111110101
100111101010001011010100110101100000000000000000000000000000000000000000000000001101000010011110
100111101010001011010100110101100000000000000000000000000000000000000000000000100111011111011110
100111101010001011010100110101100000000000000000000000000000000000000000000000100010001000110010
100111101010001011010100110101100000000000000000000000000000000000000000000000100001011101000010
100111101010001011010100110101100000000000000000000000000000000000000000000000010111111101101011
100111101010001011010100110101100000000000000000000000000000000000000000000000010101110010111100
100111101010001011010100110101100000000000000000000000000000000000000000000000000000000001011010
100111101010001011010100110101100000000000000000000000000000000000000000000000111011001101110111
100111101010001011010100110101100000000000000000000000000000000000000000000000111001001000000111
100111101010001011010100110101100000000000000000000000000000000000000000000000000011101111001000
100111101010001011010100110101100000000000000000000000000000000000000000000000110011101010101011
100111101010001011010100110101100000000000000000000000000000000000000000000000111011110100110001
100111101010001011010100110101100000000000000000000000000000000000000000000000110111100011100100
100111101010001011010100110101100000000000000000000000000000000000000000000000101011010011110000
100111101010001011010100110101100000000000000000000000000000000000000000000001000100001001100110
100111101010001011010100110101100000000000000000000000000000000000000000000000010100101000101110
100111101010001011010100110101100000000000000000000000000000000000000000000001000000000000110101
100111101010001011010100110101100000000000000000000000000000000000000000000000101010101000001110
100111101010001011010100110101100000000000000000000000000000000000000000000000100101110000010010
100111101010001011010100110101100000000000000000000000000000000000000000000000000000011111101100
100111101010001011010100110101100000000000000000000000000000000000000000000000100011011111101011
100111101010001011010100110101100000000000000000000000000000000000000000000000010101101101111010
100111101010001011010100110101100000000000000000000000000000000000000000000000101111000100011011
100111101010001011010100110101100000000000000000000000000000000000000000000000001100001000100110
100111101010001011010100110101100000000000000000000000000000000000000000000000011001111001110111
100111101010001011010100110101100000000000000000000000000000000000000000000000010010010111011110
100111101010001011010100110101100000000000000000000000000000000000000000000000001101100100001110
100111101010001011010100110101100000000000000000000000000000000000000000000001000011011110010001
100111101010001011010100110101100000000000000000000000000000000000000000000000001010010111110010
100111101010001011010100110101100000000000000000000000000000000000000000000000001000101110010111
100111101010001011010100110101100000000000000000000000000000000000000000000000100010010101010010
100111101010001011010100110101100000000000000000000000000000000000000000000000101000010010010010
100111101010001011010100110101100000000000000000000000000000000000000000000001001000111010100010
100111101010001011010100110101100000000000000000000000000000000000000000000000100100101110101111
100111101010001011010100110101100000000000000000000000000000000000000000000000111001100010010000
100111101010001011010100110101100000000000000000000000000000000000000000000001001000111100011111
100111101010001011010100110101100000000000000000000000000000000000000000000000001001110011111101
100111101010001011010100110101100000000000000000000000000000000000000000000000011011111110101110
100111101010001011010100110101100000000000000000000000000000000000000000000000001011101011110001
100111101010001011010100110101100000000000000000000000000000000000000000000001000011100011100100
100111101010001011010100110101100000000000000000000000000000000000000000000000010110011000011001
100111101010001011010100110101100000000000000000000000000000000000000000000000111001011000010100
100111101010001011010100110101100000000000000000000000000000000000000000000000110101011000100001
100111101010001011010100110101100000000000000000000000000000000000000000000000011110000111000100
100111101010001011010100110101100000000000000000000000000000000000000000000000101000011011001100
100111101010001011010100110101100000000000000000000000000000000000000000000000101100001011100111
100111101010001011010100110101100000000000000000000000000000000000000000000000101000000111010001
100111101010001011010100110101100000000000000000000000000000000000000000000000001001000010001110
100111101010001011010100110101100000000000000000000000000000000000000000000000101001101010011000
100111101010001011010100110101100000000000000000000000000000000000000000000001000000101110111000
100111101010001011010100110101100000000000000000000000000000000000000000000001000110110010111110
100111101010001011010100110101100000000000000000000000000000000000000000000000011100011100001111
100111101010001011010100110101100000000000000000000000000000000000000000000000101011100110001101
100111101010001011010100110101100000000000000000000000000000000000000000000000001001100101011110
100111101010001011010100110101100000000000000000000000000000000000000000000001000110100100110111
100111101010001011010100110101100000000000000000000000000000000000000000000000100100100011110001
100111101010001011010100110101100000000000000000000000000000000000000000000001000000011000111100
100111101010001011010100110101100000000000000000000000000000000000000000000000101111001011001101
100111101010001011010100110101100000000000000000000000000000000000000000000000111000011010010110
100111101010001011010100110101100000000000000000000000000000000000000000000000111110001000000101
100111101010001011010100110101100000000000000000000000000000000000000000000000110001011010010011
100111101010001011010100110101100000000000000000000000000000000000000000000000000101010000011111
100111101010001011010100110101100000000000000000000000000000000000000000000000001011001110100111
100111101010001011010100110101100000000000000000000000000000000000000000000001000101111000110001
100111101010001011010100110101100000000000000000000000000000000000000000000000011110011000111010
100111101010001011010100110101100000000000000000000000000000000000000000000000111000001001010011
100111101010001011010100110101100000000000000000000000000000000000000000000000110111100101101011
100111101010001011010100110101100000000000000000000000000000000000000000000000000011101110110000
100111101010001011010100110101100000000000000000000000000000000000000000000001000011111101111101
100111101010001011010100110101100000000000000000000000000000000000000000000000110111001100100011
100111101010001011010100110101100000000000000000000000000000000000000000000000100101101001110101
100111101010001011010100110101100000000000000000000000000000000000000000000001000100111010110000
100111101010001011010100110101100000000000000000000000000000000000000000000000011100111111000010
100111101010001011010100110101100000000000000000000000000000000000000000000000110100011010100001
100111101010001011010100110101100000000000000000000000000000000000000000000000011011011011010000
100111101010001011010100110101100000000000000000000000000000000000000000000000000001100010111111
100111101010001011010100110101100000000000000000000000000000000000000000000000101001010110110010
100111101010001011010100110101100000000000000000000000000000000000000000000000100011100001100000
100111101010001011010100110101100000000000000000000000000000000000000000000000000011001100001100
100111101010001011010100110101100000000000000000000000000000000000000000000000010100101110010010
100111101010001011010100110101100000000000000000000000000000000000000000000000001011111011000000
100111101010001011010100110101100000000000000000000000000000000000000000000000000110010000100000
100111101010001011010100110101100000000000000000000000000000000000000000000000110011100110101011
100111101010001011010100110101100000000000000000000000000000000000000000000000101110011100100101
100111101010001011010100110101100000000000000000000000000000000000000000000000001110101100011110
100111101010001011010100110101100000000000000000000000000000000000000000000000111001001000010011
100111101010001011010100110101100000000000000000000000000000000000000000000000110110110000001000
100111101010001011010100110101100000000000000000000000000000000000000000000001000100110000101001
100111101010001011010100110101100000000000000000000000000000000000000000000000110001111100100100
100111101010001011010100110101100000000000000000000000000000000000000000000000100111000101001001
100111101010001011010100110101100000000000000000000000000000000000000000000000010101111001100110
100111101010001011010100110101100000000000000000000000000000000000000000000000100001100101010011
100111101010001011010100110101100000000000000000000000000000000000000000000000100001001100111101
100111101010001011010100110101100000000000000000000000000000000000000000000000110100101011011111
100111101010001011010100110101100000000000000000000000000000000000000000000000001000110000111100
100111101010001011010100110101100000000000000000000000000000000000000000000000011100110001101101
100111101010001011010100110101100000000000000000000000000000000000000000000000101110000011100001
100111101010001011010100110101100000000000000000000000000000000000000000000000100011011010011011
100111101010001011010100110101100000000000000000000000000000000000000000000000000001110000011110
100111101010001011010100110101100000000000000000000000000000000000000000000000000000011101110000
100111101010001011010100110101100000000000000000000000000000000000000000000000011100011001100011
100111101010001011010100110101100000000000000000000000000000000000000000000000010101111001010100
100111101010001011010100110101100000000000000000000000000000000000000000000000101010000010000101
100111101010001011010100110101100000000000000000000000000000000000000000000000110011010000100011
100111101010001011010100110101100000000000000000000000000000000000000000000000001111000000010110
100111101010001011010100110101100000000000000000000000000000000000000000000001000100000100100110
100111101010001011010100110101100000000000000000000000000000000000000000000000011010100110110111
100111101010001011010100110101100000000000000000000000000000000000000000000000111011100111001111
100111101010001011010100110101100000000000000000000000000000000000000000000000101011001111111001
100111101010001011010100110101100000000000000000000000000000000000000000000000010011010100100111
100111101010001011010100110101100000000000000000000000000000000000000000000000111011110000001101
100111101010001011010100110101100000000000000000000000000000000000000000000000110010000111000010
100111101010001011010100110101100000000000000000000000000000000000000000000000011010100101001000
100111101010001011010100110101100000000000000000000000000000000000000000000000110000000100011111
100111101010001011010100110101100000000000000000000000000000000000000000000000010000010111011101
100111101010001011010100110101100000000000000000000000000000000000000000000000101111000110010111
100111101010001011010100110101100000000000000000000000000000000000000000000000100111101010110100
100111101010001011010100110101100000000000000000000000000000000000000000000000111001000001100110
100111101010001011010100110101100000000000000000000000000000000000000000000000001001101100001001
100111101010001011010100110101100000000000000000000000000000000000000000000000110001001000001100
100111101010001011010100110101100000000000000000000000000000000000000000000001000101011100100111
100111101010001011010100110101100000000000000000000000000000000000000000000000111010000111011000
100111101010001011010100110101100000000000000000000000000000000000000000000000100100000101011101
100111101010001011010100110101100000000000000000000000000000000000000000000000011111110101011000
100111101010001011010100110101100000000000000000000000000000000000000000000001000010010101010101
100111101010001011010100110101100000000000000000000000000000000000000000000000001010100011000010
100111101010001011010100110101100000000000000000000000000000000000000000000000011011010010000110
100111101010001011010100110101100000000000000000000000000000000000000000000000111111111001101001
100111101010001011010100110101100000000000000000000000000000000000000000000000111100000110111111
100111101010001011010100110101100000000000000000000000000000000000000000000000010001010000101011
100111101010001011010100110101100000000000000000000000000000000000000000000000100000110101110101
100111101010001011010100110101100000000000000000000000000000000000000000000000000001000100000010
100111101010001011010100110101100000000000000000000000000000000000000000000000100110010110111110
100111101010001011010100110101100000000000000000000000000000000000000000000000000011111110000011
100111101010001011010100110101100000000000000000000000000000000000000000000000111111111111010100
100111101010001011010100110101100000000000000000000000000000000000000000000000010100010100011010
100111101010001011010100110101100000000000000000000000000000000000000000000000011000111111110010
100111101010001011010100110101100000000000000000000000000000000000000000000000111101100001000000
100111101010001011010100110101100000000000000000000000000000000000000000000000100001000000100001
100111101010001011010100110101100000000000000000000000000000000000000000000000100010100101101010
100111101010001011010100110101100000000000000000000000000000000000000000000000010110011001110111
100111101010001011010100110101100000000000000000000000000000000000000000000001000101010011010110
100111101010001011010100110101100000000000000000000000000000000000000000000001000010111010011101
100111101010001011010100110101100000000000000000000000000000000000000000000000001110000101001111
100111101010001011010100110101100000000000000000000000000000000000000000000001000100001111101001
100111101010001011010100110101100000000000000000000000000000000000000000000000000010111000011011
100111101010001011010100110101100000000000000000000000000000000000000000000000000111110100111110
100111101010001011010100110101100000000000000000000000000000000000000000000000100001110100011100
100111101010001011010100110101100000000000000000000000000000000000000000000000111101010100100111
100111101010001011010100110101100000000000000000000000000000000000000000000000110011100111111100
100111101010001011010100110101100000000000000000000000000000000000000000000000000001101101010111
100111101010001011010100110101100000000000000000000000000000000000000000000000010001100010100010
100111101010001011010100110101100000000000000000000000000000000000000000000000101010101100010010
100111101010001011010100110101100000000000000000000000000000000000000000000000111111100010100110
100111101010001011010100110101100000000000000000000000000000000000000000000000111011000001100101
100111101010001011010100110101100000000000000000000000000000000000000000000000110111110000101000
100111101010001011010100110101100000000000000000000000000000000000000000000000110101010000111001
100111101010001011010100110101100000000000000000000000000000000000000000000000000001100101100110
100111101010001011010100110101100000000000000000000000000000000000000000000000001111111111101110
100111101010001011010100110101100000000000000000000000000000000000000000000000011011100101011101
100111101010001011010100110101100000000000000000000000000000000000000000000000000101111000100001
100111101010001011010100110101100000000000000000000000000000000000000000000000111101001000101000
100111101010001011010100110101100000000000000000000000000000000000000000000000110011100000011000
100111101010001011010100110101100000000000000000000000000000000000000000000000010100110001001100
100111101010001011010100110101100000000000000000000000000000000000000000000000111101010011000000
100111101010001011010100110101100000000000000000000000000000000000000000000000000101101100001001
100111101010001011010100110101100000000000000000000000000000000000000000000000000011011100101000
100111101010001011010100110101100000000000000000000000000000000000000000000000111111100100001001
100111101010001011010100110101100000000000000000000000000000000000000000000000110101001000110001
100111101010001011010100110101100000000000000000000000000000000000000000000000011100100000000010
100111101010001011010100110101100000000000000000000000000000000000000000000000101000111101110101
100111101010001011010100110101100000000000000000000000000000000000000000000000010001000101110010
100111101010001011010100110101100000000000000000000000000000000000000000000000011111101000100011
100111101010001011010100110101100000000000000000000000000000000000000000000001000000111000001000
100111101010001011010100110101100000000000000000000000000000000000000000000000111110111100111011
100111101010001011010100110101100000000000000000000000000000000000000000000001000101100001100111
100111101010001011010100110101100000000000000000000000000000000000000000000000111101101111000101
100111101010001011010100110101100000000000000000000000000000000000000000000001000011010100000000
100111101010001011010100110101100000000000000000000000000000000000000000000000001100111100000110
100111101010001011010100110101100000000000000000000000000000000000000000000000000000000000011110
100111101010001011010100110101100000000000000000000000000000000000000000000000010101100010001011
100111101010001011010100110101100000000000000000000000000000000000000000000000101000001010101101
100111101010001011010100110101100000000000000000000000000000000000000000000001000011011100011001
100111101010001011010100110101100000000000000000000000000000000000000000000000001101000110101011
100111101010001011010100110101100000000000000000000000000000000000000000000000110001111011100010
100111101010001011010100110101100000000000000000000000000000000000000000000000011110000011100000
100111101010001011010100110101100000000000000000000000000000000000000000000000111110111001010011
100111101010001011010100110101100000000000000000000000000000000000000000000000001100111010011010
100111101010001011010100110101100000000000000000000000000000000000000000000000000110001111000011
100111101010001011010100110101100000000000000000000000000000000000000000000000111100101010111100
100111101010001011010100110101100000000000000000000000000000000000000000000000001000000000101010
100111101010001011010100110101100000000000000000000000000000000000000000000000111001000101101000
100111101010001011010100110101100000000000000000000000000000000000000000000000110100000100101101
100111101010001011010100110101100000000000000000000000000000000000000000000000010101100011000100
100111101010001011010100110101100000000000000000000000000000000000000000000001000100011111110000
100111101010001011010100110101100000000000000000000000000000000000000000000000110100011110100010
100111101010001011010100110101100000000000000000000000000000000000000000000000011000011001011011
100111101010001011010100110101100000000000000000000000000000000000000000000000110010111101100111
100111101010001011010100110101100000000000000000000000000000000000000000000000110110001001101000
100111101010001011010100110101100000000000000000000000000000000000000000000000111101000101011011
100111101010001011010100110101100000000000000000000000000000000000000000000000011100000101010100
100111101010001011010100110101100000000000000000000000000000000000000000000000010110111001000100
100111101010001011010100110101100000000000000000000000000000000000000000000000100001001100111110
100111101010001011010100110101100000000000000000000000000000000000000000000000101100010011011100
100111101010001011010100110101100000000000000000000000000000000000000000000001000010101111100000
100111101010001011010100110101100000000000000000000000000000000000000000000000010000011101101000
100111101010001011010100110101100000000000000000000000000000000000000000000001000100000010110100
100111101010001011010100110101100000000000000000000000000000000000000000000001000010011110111111
100111101010001011010100110101100000000000000000000000000000000000000000000000101000101001001011
100111101010001011010100110101100000000000000000000000000000000000000000000000111101010001111011
100111101010001011010100110101100000000000000000000000000000000000000000000001000111011001111011
100111101010001011010100110101100000000000000000000000000000000000000000000000110110111111001100
100111101010001011010100110101100000000000000000000000000000000000000000000000100101110100100100
100111101010001011010100110101100000000000000000000000000000000000000000000000000110011101100001
100111101010001011010100110101100000000000000000000000000000000000000000000001000010100110011001
100111101010001011010100110101100000000000000000000000000000000000000000000000011100010111011111
100111101010001011010100110101100000000000000000000000000000000000000000000000000100001110000101
100111101010001011010100110101100000000000000000000000000000000000000000000000010111101100001001
100111101010001011010100110101100000000000000000000000000000000000000000000000101110011100000111
100111101010001011010100110101100000000000000000000000000000000000000000000000110000101101001001
100111101010001011010100110101100000000000000000000000000000000000000000000000001000111010111111
100111101010001011010100110101100000000000000000000000000000000000000000000000101100100101110100
100111101010001011010100110101100000000000000000000000000000000000000000000001000011101001111001
100111101010001011010100110101100000000000000000000000000000000000000000000000001101010011111000
100111101010001011010100110101100000000000000000000000000000000000000000000000110011111011100110
100111101010001011010100110101100000000000000000000000000000000000000000000000100000000011110000
100111101010001011010100110101100000000000000000000000000000000000000000000000001011110010100100
100111101010001011010100110101100000000000000000000000000000000000000000000001000001101001110101
100111101010001011010100110101100000000000000000000000000000000000000000000000000000110101011010
100111101010001011010100110101100000000000000000000000000000000000000000000000011010101110101111
100111101010001011010100110101100000000000000000000000000000000000000000000000010000010010000100
100111101010001011010100110101100000000000000000000000000000000000000000000000100001010101000101
100111101010001011010100110101100000000000000000000000000000000000000000000000110000001010000011
100111101010001011010100110101100000000000000000000000000000000000000000000000100000110100001101
100111101010001011010100110101100000000000000000000000000000000000000000000000001111111110011001
100111101010001011010100110101100000000000000000000000000000000000000000000000010101000011111001
100111101010001011010100110101100000000000000000000000000000000000000000000000000110100010010001
100111101010001011010100110101100000000000000000000000000000000000000000000000111001100111010100
100111101010001011010100110101100000000000000000000000000000000000000000000001000001111100111110
100111101010001011010100110101100000000000000000000000000000000000000000000000000101100001101011
100111101010001011010100110101100000000000000000000000000000000000000000000000011101011111010110
100111101010001011010100110101100000000000000000000000000000000000000000000000000100101101100010
100111101010001011010100110101100000000000000000000000000000000000000000000000000010100011000000
100111101010001011010100110101100000000000000000000000000000000000000000000000101111010011001110
100111101010001011010100110101100000000000000000000000000000000000000000000001000011001000010010
100111101010001011010100110101100000000000000000000000000000000000000000000000101101101001010110
100111101010001011010100110101100000000000000000000000000000000000000000000000001101100101101110
100111101010001011010100110101100000000000000000000000000000000000000000000000100000110011100101
100111101010001011010100110101100000000000000000000000000000000000000000000000010010111001010000
100111101010001011010100110101100000000000000000000000000000000000000000000000000010110001101110
100111101010001011010100110101100000000000000000000000000000000000000000000000111111110001111110
100111101010001011010100110101100000000000000000000000000000000000000000000000000100011110000000
100111101010001011010100110101100000000000000000000000000000000000000000000001000000101000110000
100111101010001011010100110101100000000000000000000000000000000000000000000000000100111011101101
