001000100011011111101110100101000100000010000101010101011011011110111011011011111010101100000100
111110001011001100111000110100010101000010000101010101011011011110111011011011111010101100000100
010001001100000100000110010100101111000010000101010101011011011110111011011011111010101100000100
011111010011100110101000100110101110000010000101010101011011011110111011011011111010101100000100
011010101001111110010001101011101111000010000101010101011011011110111011011011111010101100000100
101001101001000010101110001000011011000010000101010101011011011110111011011011111010101100000100
111001111011011011010001000010000100000010000101010101011011011110111011011011111010101100000100
010000001010001010001010101101011011000010000101010101011011011110111011011011111010101100000100
000110110001100101100111000001100011000010000101010101011011011110111011011011111010101100000100
001010010110100110101100111100011011000010000101010101011011011110111011011011111010101100000100
000011010011000011010001011000100001000010000101010101011011011110111011011011111010101100000100
000010110011010101110101011111010000000010000101010101011011011110111011011011111010101100000100
010111000000011010010010011100111110000010000101010101011011011110111011011011111010101100000100
100111000101100000010011101100000111000010000101010101011011011110111011011011111010101100000100
110000110111101111011100000111110111000010000101010101011011011110111011011011111010101100000100
100010110101111101111111110001111010000010000101010101011011011110111011011011111010101100000100
101010011000100110110101100101011000000010000101010101011011011110111011011011111010101100000100
110110100001101111010000111101010011000010000101010101011011011110111011011011111010101100000100
101101010100010011101001000011110011000010000101010101011011011110111011011011111010101100000100
101111000010101000111101111001111101000010000101010101011011011110111011011011111010101100000100
001011110100111111000000010010010101000010000101010101011011011110111011011011111010101100000100
110011010000101011011001010111110000000010000101010101011011011110111011011011111010101100000100
001000010110010011110111111001010010000010000101010101011011011110111011011011111010101100000100
001001111000001111110000000011111001000010000101010101011011011110111011011011111010101100000100
011110001000001101111000111110111011000010000101010101011011011110111011011011111010101100000100
100110101011001011010101111101010011000010000101010101011011011110111011011011111010101100000100
110011011011101000001111010111001010000010000101010101011011011110111011011011111010101100000100
110010101111010111011100011111111101000010000101010101011011011110111011011011111010101100000100
111100001111101101000001000000011000000010000101010101011011011110111011011011111010101100000100
000001001010100101011010010110011100000010000101010101011011011110111011011011111010101100000100
001011110100001001001011011000011011000010000101010101011011011110111011011011111010101100000100
111010111110000001111000111110001111000010000101010101011011011110111011011011111010101100000100
101010111000101011001100110111001001000010000101010101011011011110111011011011111010101100000100
111111000000000000010000010100110011000010000101010101011011011110111011011011111010101100000100
101110100010100001101111001000101111000010000101010101011011011110111011011011111010101100000100
100101111101100110101100000011101000000010000101010101011011011110111011011011111010101100000100
001011011010101100011101011111101101000010000101010101011011011110111011011011111010101100000100
101000111100101111001001101001010111000010000101010101011011011110111011011011111010101100000100
010010111111111011011101010111110111000010000101010101011011011110111011011011111010101100000100
101100010110101111000110101011010111000010000101010101011011011110111011011011111010101100000100
001011001001111000100110001001101010000010000101010101011011011110111011011011111010101100000100
111100000100001001100100001010110010000010000101010101011011011110111011011011111010101100000100
111111110111100101100100001111110110000010000101010101011011011110111011011011111010101100000100
011101001000100111011100010100111010000010000101010101011011011110111011011011111010101100000100
100000110010000101011100011000111001000010000101010101011011011110111011011011111010101100000100
100011101101111001111110011001000001000010000101010101011011011110111011011011111010101100000100
100011111000000111110011100011001001000010000101010101011011011110111011011011111010101100000100
101001001100011010111111001010010110000010000101010101011011011110111011011011111010101100000100
100111100101001011111010000111010101000010000101010101011011011110111011011011111010101100000100
100100110000110100100001001000000010000010000101010101011011011110111011011011111010101100000100
110000101100001111001011101011100100000010000101010101011011011110111011011011111010101100000100
000100100000010110110011100010110100000010000101010101011011011110111011011011111010101100000100
100011010111001101011001000000011110000010000101010101011011011110111011011011111010101100000100
001010111010100011000010000101010100000010000101010101011011011110111011011011111010101100000100
000101000000111000110011100011110110000010000101010101011011011110111011011011111010101100000100
000010010001000001110010100100010111000010000101010101011011011110111011011011111010101100000100
000110111100111100011100011001011101000010000101010101011011011110111011011011111010101100000100
110001001100101110011011111101111001000010000101010101011011011110111011011011111010101100000100
110111000100001000111111010101110110000010000101010101011011011110111011011011111010101100000100
100100111000111011010101111111000001000010000101010101011011011110111011011011111010101100000100
011011100000010101111011001001001000000010000101010101011011011110111011011011111010101100000100
110001000111101010000011000101100011000010000101010101011011011110111011011011111010101100000100
010000011111011100011110111111000000000010000101010101011011011110111011011011111010101100000100
101111000100010001100101100010100111000010000101010101011011011110111011011011111010101100000100
101011011100010110110110000101010111000010000101010101011011011110111011011011111010101100000100
100100011001000100101000000111110111000010000101010101011011011110111011011011111010101100000100
000110001111111111100000001000011110000010000101010101011011011110111011011011111010101100000100
001001111000011011000111001011000010000010000101010101011011011110111011011011111010101100000100
111000111000001111001110011010000110000010000101010101011011011110111011011011111010101100000100
010110100110010110001011100000001100000010000101010101011011011110111011011011111010101100000100
111100001101110000010111011110001000000010000101010101011011011110111011011011111010101100000100
011000100011000110100110111011111100000010000101010101011011011110111011011011111010101100000100
110010101100111011011110000011011011000010000101010101011011011110111011011011111010101100000100
100110101011100010011100010000011000000010000101010101011011011110111011011011111010101100000100
000001100110111111001100010011100111000010000101010101011011011110111011011011111010101100000100
011111001000011010001110000111011010000010000101010101011011011110111011011011111010101100000100
011010010110100110001011101000010100000010000101010101011011011110111011011011111010101100000100
010101001110010010011011001100101110000010000101010101011011011110111011011011111010101100000100
011110011000000000100001100101001110000010000101010101011011011110111011011011111010101100000100
001010101101011111000100010101100111000010000101010101011011011110111011011011111010101100000100
011101001111111101000000111001010111000010000101010101011011011110111011011011111010101100000100
011100001100101011101000110010100010000010000101010101011011011110111011011011111010101100000100
001001100010000100101100101101101000000010000101010101011011011110111011011011111010101100000100
111110110001000101000011001001001000000010000101010101011011011110111011011011111010101100000100
010000001010000111011011100100101100000010000101010101011011011110111011011011111010101100000100
110011101100101001100011010100001101000010000101010101011011011110111011011011111010101100000100
100010111011100001001000100000010001000010000101010101011011011110111011011011111010101100000100
111111111100111100100000000000011101000010000101010101011011011110111011011011111010101100000100
110001100000011010110111011111110010000010000101010101011011011110111011011011111010101100000100
011000111000011110011101011011101010000010000101010101011011011110111011011011111010101100000100
111111100100111010011101001000111110000010000101010101011011011110111011011011111010101100000100
101000010001101011001000001000011011000010000101010101011011011110111011011011111010101100000100
100111011010111001010000000101011011000010000101010101011011011110111011011011111010101100000100
110011101010101001101110100101100011000010000101010101011011011110111011011011111010101100000100
010101011011100110001000100111011011000010000101010101011011011110111011011011111010101100000100
011101011110000000101000001010010001000010000101010101011011011110111011011011111010101100000100
110100001011001111111101110001111100000010000101010101011011011110111011011011111010101100000100
111001100001110001001011001010100100000010000101010101011011011110111011011011111010101100000100
101101011010010111100101011100000000000010000101010101011011011110111011011011111010101100000100
000110100010000111101011001101000001000010000101010101011011011110111011011011111010101100000100
011001001111100001010100111100000010000010000101010101011011011110111011011011111010101100000100
111111001011101010100011011010011100000010000101010101011011011110111011011011111010101100000100
000110000001000000111101100000100011000010000101010101011011011110111011011011111010101100000100
101111111110111110100001011011101000000010000101010101011011011110111011011011111010101100000100
000011100111010100000100101010000001000010000101010101011011011110111011011011111010101100000100
101001011010000011111011101111010100000010000101010101011011011110111011011011111010101100000100
001111101111110111100111000010111111000010000101010101011011011110111011011011111010101100000100
100100011011001110100101000000101101000010000101010101011011011110111011011011111010101100000100
001010000111100111110111100010010101000010000101010101011011011110111011011011111010101100000100
100001101001101011111001100001100100000010000101010101011011011110111011011011111010101100000100
101100000110000011110101001111001011000010000101010101011011011110111011011011111010101100000100
100100001101111001000110010101010011000010000101010101011011011110111011011011111010101100000100
001010110001001111100001001100111111000010000101010101011011011110111011011011111010101100000100
111110011101011011010101110101010011000010000101010101011011011110111011011011111010101100000100
001111001010000111000000011110111000000010000101010101011011011110111011011011111010101100000100
010000110000111100000100011111111011000010000101010101011011011110111011011011111010101100000100
101001011010011100111010010000101110000010000101010101011011011110111011011011111010101100000100
001110100101011101010011000001110000000010000101010101011011011110111011011011111010101100000100
111111001100100001101110110111010010000010000101010101011011011110111011011011111010101100000100
011100111110111101110101100101110011000010000101010101011011011110111011011011111010101100000100
101010111010111001110011100010001010000010000101010101011011011110111011011011111010101100000100
011100101011010001101100001011111010000010000101010101011011011110111011011011111010101100000100
101010111111101110101111110101010111000010000101010101011011011110111011011011111010101100000100
100011000100111011010111010001100010000010000101010101011011011110111011011011111010101100000100
100111011111101111001001101110011100000010000101010101011011011110111011011011111010101100000100
100010010010001110001110001100111001000010000101010101011011011110111011011011111010101100000100
011100111111100110011111000001010110000010000101010101011011011110111011011011111010101100000100
000100001111111101000000001011000010000010000101010101011011011110111011011011111010101100000100
110100011010101100111000101110110100000010000101010101011011011110111011011011111010101100000100
000011011010000110000000000101100010000010000101010101011011011110111011011011111010101100000100
100011001101101011001000100101000010000010000101010101011011011110111011011011111010101100000100
011100001110110101010001101010100011000010000101010101011011011110111011011011111010101100000100
111001000110011100000111001101001010000010000101010101011011011110111011011011111010101100000100
110011100101000000110101101110001001000010000101010101011011011110111011011011111010101100000100
101011000001111010001111010100111100000010000101010101011011011110111011011011111010101100000100
100101100011011101011110010000001100000010000101010101011011011110111011011011111010101100000100
010101001110011000100111101101100100000010000101010101011011011110111011011011111010101100000100
000011101100111011110111100100000100000010000101010101011011011110111011011011111010101100000100
110000010110011111101100000101101110000010000101010101011011011110111011011011111010101100000100
100100011111011011000101000011111101000010000101010101011011011110111011011011111010101100000100
101011101101100111011110100101110101000010000101010101011011011110111011011011111010101100000100
111010110111010001000100000100011010000010000101010101011011011110111011011011111010101100000100
110111100011011001001111110111111001000010000101010101011011011110111011011011111010101100000100
111010100100100100011001010110010101000010000101010101011011011110111011011011111010101100000100
111110001001001010100100111001101111000010000101010101011011011110111011011011111010101100000100
011000010111101001010100001001010101000010000101010101011011011110111011011011111010101100000100
111011100110100111000010101111001100000010000101010101011011011110111011011011111010101100000100
110001011111000101001001000100110111000010000101010101011011011110111011011011111010101100000100
100000001101001101111010101001101001000010000101010101011011011110111011011011111010101100000100
111001100010111111000010000000101000000010000101010101011011011110111011011011111010101100000100
001001001110000011101100101001100111000010000101010101011011011110111011011011111010101100000100
111101010101011101011101110110100110000010000101010101011011011110111011011011111010101100000100
010110100110011001010000001111001110000010000101010101011011011110111011011011111010101100000100
010010111100001000110101011110110111000010000101010101011011011110111011011011111010101100000100
111111101101110100001110111100001000000010000101010101011011011110111011011011111010101100000100
010110010100000110000100111101101110000010000101010101011011011110111011011011111010101100000100
111111101010110010100110110100011000000010000101010101011011011110111011011011111010101100000100
000001010010100100111100110001011100000010000101010101011011011110111011011011111010101100000100
110101110100100010111101110010000100000010000101010101011011011110111011011011111010101100000100
010011010000101001111011110110010011000010000101010101011011011110111011011011111010101100000100
000011011111100001100010010010110010000010000101010101011011011110111011011011111010101100000100
001110101110101011110101111110110011000010000101010101011011011110111011011011111010101100000100
101110010111000001110011110001101001000010000101010101011011011110111011011011111010101100000100
011010110010011101010100000100100001000010000101010101011011011110111011011011111010101100000100
111010101100000100000101101110110100000010000101010101011011011110111011011011111010101100000100
101001100000110101010011010001000101000010000101010101011011011110111011011011111010101100000100
010011111111010101110111111010111011000010000101010101011011011110111011011011111010101100000100
001011101100110100010001111100111010000010000101010101011011011110111011011011111010101100000100
000001111000001000000000010011100010000010000101010101011011011110111011011011111010101100000100
110100101101001101011110110001000000000010000101010101011011011110111011011011111010101100000100
011001010011100000101110100111011110000010000101010101011011011110111011011011111010101100000100
101111011010000111101111100100101010000010000101010101011011011110111011011011111010101100000100
001101111111100111001001001111100100000010000101010101011011011110111011011011111010101100000100
111001100101100111010000100101010111000010000101010101011011011110111011011011111010101100000100
110010000100101101100101100111110011000010000101010101011011011110111011011011111010101100000100
001001100010000110000001100011010010000010000101010101011011011110111011011011111010101100000100
000010111010000010110110101000011100000010000101010101011011011110111011011011111010101100000100
100100101011101011111111101100101010000010000101010101011011011110111011011011111010101100000100
001000000000011000101010101101000111000010000101010101011011011110111011011011111010101100000100
101110011110000010110101111100011001000010000101010101011011011110111011011011111010101100000100
010001110101001110011001011101100110000010000101010101011011011110111011011011111010101100000100
001001011000110000110000101100010111000010000101010101011011011110111011011011111010101100000100
110100100110001000100010011010011100000010000101010101011011011110111011011011111010101100000100
100110000001101101101000110100101001000010000101010101011011011110111011011011111010101100000100
101111101010100111001001110111100110000010000101010101011011011110111011011011111010101100000100
111000110001101001000000111101101001000010000101010101011011011110111011011011111010101100000100
001100111101100101111011100100110100000010000101010101011011011110111011011011111010101100000100
000010101100011001001100101000001011000010000101010101011011011110111011011011111010101100000100
011010100001110110011110010011001110000010000101010101011011011110111011011011111010101100000100
110110001011001001110101000001001000000010000101010101011011011110111011011011111010101100000100
010000110101111010110100100111110110000010000101010101011011011110111011011011111010101100000100
001001011111110010111010101010111010000010000101010101011011011110111011011011111010101100000100
010110101100011010100001011101100001000010000101010101011011011110111011011011111010101100000100
010111100101011101011110010111011110000010000101010101011011011110111011011011111010101100000100
100101010001111111011101110001100011000010000101010101011011011110111011011011111010101100000100
011000100101000000101011000000111100000010000101010101011011011110111011011011111010101100000100
010010000111001011010010000001101111000010000101010101011011011110111011011011111010101100000100
100001111111111100111001011101100100000010000101010101011011011110111011011011111010101100000100
100011110111001110101111001111101101000010000101010101011011011110111011011011111010101100000100
011001110111011000111111010110110111000010000101010101011011011110111011011011111010101100000100
101000111000100101001111100111011000000010000101010101011011011110111011011011111010101100000100
110001010011110010111100001001010111000010000101010101011011011110111011011011111010101100000100
101101110100100010010100011010111000000010000101010101011011011110111011011011111010101100000100
100100011011001011100001010110110100000010000101010101011011011110111011011011111010101100000100
111010010100010100110001010111001111000010000101010101011011011110111011011011111010101100000100
011001100100101100100100001000001011000010000101010101011011011110111011011011111010101100000100
000011001000001100001101000001100001000010000101010101011011011110111011011011111010101100000100
000100010101111111111001010111011100000010000101010101011011011110111011011011111010101100000100
100011010011001000011011111010101001000010000101010101011011011110111011011011111010101100000100
101011001101111010110000000011000110000010000101010101011011011110111011011011111010101100000100
111011001010100110110001010110011011000010000101010101011011011110111011011011111010101100000100
111011110010111101000010010101011111000010000101010101011011011110111011011011111010101100000100
101000010101110101001000110011101010000010000101010101011011011110111011011011111010101100000100
010101101110100010101101100111110100000010000101010101011011011110111011011011111010101100000100
100100000000011101000111010000001101000010000101010101011011011110111011011011111010101100000100
100111010000111101110011000000101010000010000101010101011011011110111011011011111010101100000100
000010011110100001001111101001101011000010000101010101011011011110111011011011111010101100000100
001000100111100100001100010010110001000010000101010101011011011110111011011011111010101100000100
011101111101101100111110001011111000000010000101010101011011011110111011011011111010101100000100
001000010001110010101011100111110101000010000101010101011011011110111011011011111010101100000100
000010100010010111000010001110101110000010000101010101011011011110111011011011111010101100000100
110111110010110011110101001000001001000010000101010101011011011110111011011011111010101100000100
110101111110000001000101110000011111000010000101010101011011011110111011011011111010101100000100
100100010000001001001010100101110101000010000101010101011011011110111011011011111010101100000100
010010100101111100111100010101100111000010000101010101011011011110111011011011111010101100000100
011101110000101100000010100101010010000010000101010101011011011110111011011011111010101100000100
100000100010010000100011010111100111000010000101010101011011011110111011011011111010101100000100
100111110011100010110000110101000100000010000101010101011011011110111011011011111010101100000100
010111010011010001010001101001001000000010000101010101011011011110111011011011111010101100000100
010111111001000010101010001110010110000010000101010101011011011110111011011011111010101100000100
111001001000001011010110011111000100000010000101010101011011011110111011011011111010101100000100
101011011000011000010101110100010011000010000101010101011011011110111011011011111010101100000100
100111001000111111001111000100001000000010000101010101011011011110111011011011111010101100000100
110011010101101011101110111100011110000010000101010101011011011110111011011011111010101100000100
110000010000111101001011011011101100000010000101010101011011011110111011011011111010101100000100
011110110001101011011110111000100111000010000101010101011011011110111011011011111010101100000100
110100101011000011001101110101011111000010000101010101011011011110111011011011111010101100000100
110010000001010101010111010001111011000010000101010101011011011110111011011011111010101100000100
110100100100101100111101011000111100000010000101010101011011011110111011011011111010101100000100
100110111000110000110000001001111001000010000101010101011011011110111011011011111010101100000100
000110011000001000010011100010011101000010000101010101011011011110111011011011111010101100000100
000100110001010101011101001001111001000010000101010101011011011110111011011011111010101100000100
010011000011000111001111111000010101000010000101010101011011011110111011011011111010101100000100
011001110111111011100011011100000000000010000101010101011011011110111011011011111010101100000100
101011100101010111001100011010100010000010000101010101011011011110111011011011111010101100000100
100100110111001111110101110010101101000010000101010101011011011110111011011011111010101100000100
000101001100110110000111010001010000000010000101010101011011011110111011011011111010101100000100
010001001100010100011100001110110000000010000101010101011011011110111011011011111010101100000100
001100111110110101000000010000010111000010000101010101011011011110111011011011111010101100000100
001001111010100001110101001110100110000010000101010101011011011110111011011011111010101100000100
010010000101100101001001100100100100000010000101010101011011011110111011011011111010101100000100
001100010010111010010110100101001100000010000101010101011011011110111011011011111010101100000100
111011000110110100100001000111111010000010000101010101011011011110111011011011111010101100000100
101001010100000001110000011111010000000010000101010101011011011110111011011011111010101100000100
001000001111001001000101011100000001000010000101010101011011011110111011011011111010101100000100
110100110001010001001001110010110001000010000101010101011011011110111011011011111010101100000100
011100110110101110101000011010101010000010000101010101011011011110111011011011111010101100000100
000111111010110001100111110110100010000010000101010101011011011110111011011011111010101100000100
110111101000100011100100000101111100000010000101010101011011011110111011011011111010101100000100
011010110011000100010111110111010100000010000101010101011011011110111011011011111010101100000100
000011110101101011111111110000010100000010000101010101011011011110111011011011111010101100000100
100000110001001010110011000000100000000010000101010101011011011110111011011011111010101100000100
011110000001011001000011011101101000000010000101010101011011011110111011011011111010101100000100
110101000000100110001101001011001011000010000101010101011011011110111011011011111010101100000100
111000110101010111011110010111010111000010000101010101011011011110111011011011111010101100000100
111011010011100100001001011100100010000010000101010101011011011110111011011011111010101100000100
100110011111010010101111111000110010000010000101010101011011011110111011011011111010101100000100
011101001001100000100001011111001010000010000101010101011011011110111011011011111010101100000100
001010001001011100001011001010110110000010000101010101011011011110111011011011111010101100000100
111001101110001110010110110111001011000010000101010101011011011110111011011011111010101100000100
000010110000000110111010100011011000000010000101010101011011011110111011011011111010101100000100
011110011001111000111110100010001111000010000101010101011011011110111011011011111010101100000100
000010101001111111000011100110101100000010000101010101011011011110111011011011111010101100000100
000001010100001011010111110001101110000010000101010101011011011110111011011011111010101100000100
000110110101100110111100111101100000000010000101010101011011011110111011011011111010101100000100
001001001100010111000111001011101111000010000101010101011011011110111011011011111010101100000100
100111000011110001110111011110001101000010000101010101011011011110111011011011111010101100000100
110001111111010001100111010000011100000010000101010101011011011110111011011011111010101100000100
111101000000111000111101110010100100000010000101010101011011011110111011011011111010101100000100
110011000000010111011101111110000101000010000101010101011011011110111011011011111010101100000100
101100100010011111011101001011100010000010000101010101011011011110111011011011111010101100000100
100011001101001000001100010011110011000010000101010101011011011110111011011011111010101100000100
100100011001101110101111010000000101000010000101010101011011011110111011011011111010101100000100
100000111011110110111010010111111101000010000101010101011011011110111011011011111010101100000100
100011001000000000100111000010001011000010000101010101011011011110111011011011111010101100000100
100011000100101111011010100000000010000010000101010101011011011110111011011011111010101100000100
111010000101100110111000000000111001000010000101010101011011011110111011011011111010101100000100
111010011010110100110110001001010000000010000101010101011011011110111011011011111010101100000100
101000010000111000010111010111100010000010000101010101011011011110111011011011111010101100000100
101001100001111011000010011011011101000010000101010101011011011110111011011011111010101100000100
110011000000100001001100100111111111000010000101010101011011011110111011011011111010101100000100
001011011000001011111000011001011110000010000101010101011011011110111011011011111010101100000100
100101101100111110010000110111011111000010000101010101011011011110111011011011111010101100000100
110111100100000101001111010010100001000010000101010101011011011110111011011011111010101100000100
101110111101111111000011000011110010000010000101010101011011011110111011011011111010101100000100
011011000001100101011010010101101001000010000101010101011011011110111011011011111010101100000100
101010000001100010111000011000010111000010000101010101011011011110111011011011111010101100000100
100111000101010000111001111101001001000010000101010101011011011110111011011011111010101100000100
000111000011000110110110001100010000000010000101010101011011011110111011011011111010101100000100
111100101011111100001111100101000000000010000101010101011011011110111011011011111010101100000100
100110111000011110111111000100011110000010000101010101011011011110111011011011111010101100000100
111011000101111011000111000100111000000010000101010101011011011110111011011011111010101100000100
001011011010010100000010101011110100000010000101010101011011011110111011011011111010101100000100
100000010100110100011101010110001100000010000101010101011011011110111011011011111010101100000100
011000010111011110100111001101101011000010000101010101011011011110111011011011111010101100000100
111010101010010110001001110111010010000010000101010101011011011110111011011011111010101100000100
100110010010000101001010101011110100000010000101010101011011011110111011011011111010101100000100
011010111000010101000000110100101100000010000101010101011011011110111011011011111010101100000100
011111010101100100101110101011001001000010000101010101011011011110111011011011111010101100000100
010000100111110111101101011001000100000010000101010101011011011110111011011011111010101100000100
101100010111101100110001111100010000000010000101010101011011011110111011011011111010101100000100
100110110100010111000110110001110010000010000101010101011011011110111011011011111010101100000100
101100011011110100111010110100101110000010000101010101011011011110111011011011111010101100000100
100000010100000001000010011010011011000010000101010101011011011110111011011011111010101100000100
100110010011110110110100100010001000000010000101010101011011011110111011011011111010101100000100
010111010101110111001110000111011100000010000101010101011011011110111011011011111010101100000100
011000010011111111000111111100010000000010000101010101011011011110111011011011111010101100000100
010010001100001101001101101001010100000010000101010101011011011110111011011011111010101100000100
111110010010011101101000001101001100000010000101010101011011011110111011011011111010101100000100
010101011011110100111100000110011010000010000101010101011011011110111011011011111010101100000100
110010011101010111000011101001000011000010000101010101011011011110111011011011111010101100000100
010111100001101110000100010111000001000010000101010101011011011110111011011011111010101100000100
101110001110101000110110100011110011000010000101010101011011011110111011011011111010101100000100
111011101111001100000001111010001000000010000101010101011011011110111011011011111010101100000100
100101010111100111011011100111010101000010000101010101011011011110111011011011111010101100000100
010101011001101011010011101000111110000010000101010101011011011110111011011011111010101100000100
001110010010001001011000101010111001000010000101010101011011011110111011011011111010101100000100
000000100111010110111000101101100111000010000101010101011011011110111011011011111010101100000100
101111010111111101110011100001111101000010000101010101011011011110111011011011111010101100000100
100001100000000101000011111110011001000010000101010101011011011110111011011011111010101100000100
011100100011001010001101100011111001000010000101010101011011011110111011011011111010101100000100
100100110000111011010111100111010011000010000101010101011011011110111011011011111010101100000100
101010111100011001100001100001001010000010000101010101011011011110111011011011111010101100000100
110011110101110100110010111101110001000010000101010101011011011110111011011011111010101100000100
001000101101010010100100000011100000000010000101010101011011011110111011011011111010101100000100
010010100100100100000110100010110110000010000101010101011011011110111011011011111010101100000100
001110000101010000110010001000100001000010000101010101011011011110111011011011111010101100000100
101111011011011111111011010100010010000010000101010101011011011110111011011011111010101100000100
101110010111111011100000100000010001000010000101010101011011011110111011011011111010101100000100
010100001111011000110100010100011110000010000101010101011011011110111011011011111010101100000100
001011011001000000101011010000000101000010000101010101011011011110111011011011111010101100000100
011010000001010110010011000010011010000010000101010101011011011110111011011011111010101100000100
110101100000001111011101011111010110000010000101010101011011011110111011011011111010101100000100
011101100111100110111101101011001111000010000101010101011011011110111011011011111010101100000100
101010101110010010100000011010001000000010000101010101011011011110111011011011111010101100000100
110011011111100100001001101110011111000010000101010101011011011110111011011011111010101100000100
000100010101110000010000111010110000000010000101010101011011011110111011011011111010101100000100
011000001110100100110010001110100100000010000101010101011011011110111011011011111010101100000100
110001101011101110111100110001101010000010000101010101011011011110111011011011111010101100000100
110010000010100101000110001110010100000010000101010101011011011110111011011011111010101100000100
111000011111001001100011010111111100000010000101010101011011011110111011011011111010101100000100
011010000010001111011101011001110111000010000101010101011011011110111011011011111010101100000100
000001110001010111010010101001010000000010000101010101011011011110111011011011111010101100000100
011011101101010111100010000001100111000010000101010101011011011110111011011011111010101100000100
000001100111101010001100001101010101000010000101010101011011011110111011011011111010101100000100
110111001100110011011010001100101010000010000101010101011011011110111011011011111010101100000100
000111001101000010001011100101110001000010000101010101011011011110111011011011111010101100000100
100110001101101111000001000000001010000010000101010101011011011110111011011011111010101100000100
100010111000000001000101110011011111000010000101010101011011011110111011011011111010101100000100
001000100000001011111110110100011110000010000101010101011011011110111011011011111010101100000100
110101010100101010111001110000110101000010000101010101011011011110111011011011111010101100000100
011110000011100001101000101111111110000010000101010101011011011110111011011011111010101100000100
011100110111100011110011010100011101000010000101010101011011011110111011011011111010101100000100
000110001111010000011111110111101100000010000101010101011011011110111011011011111010101100000100
101110000000011001010001100011000111000010000101010101011011011110111011011011111010101100000100
011110101010011100111000100111111110000010000101010101011011011110111011011011111010101100000100
100010110001000101101100000111000101000010000101010101011011011110111011011011111010101100000100
010001100101111010110100011010010111000010000101010101011011011110111011011011111010101100000100
001010000000000101000001011011100010000010000101010101011011011110111011011011111010101100000100
110101101000010011101110010110101101000010000101010101011011011110111011011011111010101100000100
100001011100111100100011010110001100000010000101010101011011011110111011011011111010101100000100
101110100110001101111111110110111101000010000101010101011011011110111011011011111010101100000100
000100001001111110001001010110010001000010000101010101011011011110111011011011111010101100000100
000100111101011001100110011110110101000010000101010101011011011110111011011011111010101100000100
010100100011111111100011001010111010000010000101010101011011011110111011011011111010101100000100
010001001001000010010011101100100011000010000101010101011011011110111011011011111010101100000100
010011010000001010101010010101011011000010000101010101011011011110111011011011111010101100000100
101001111110001001011010110010111111000010000101010101011011011110111011011011111010101100000100
001100000001110111000111101110000100000010000101010101011011011110111011011011111010101100000100
111110111100111000011001011111101101000010000101010101011011011110111011011011111010101100000100
010001100101011111000000010111011111000010000101010101011011011110111011011011111010101100000100
100001001110001011100111001101101100000010000101010101011011011110111011011011111010101100000100
111101010010100101000100100010111011000010000101010101011011011110111011011011111010101100000100
011101101000101111011000111001100010000010000101010101011011011110111011011011111010101100000100
001001111100001001100010111110010101000010000101010101011011011110111011011011111010101100000100
010001111101000110100010111001010111000010000101010101011011011110111011011011111010101100000100
001110011001111001101110110101001111000010000101010101011011011110111011011011111010101100000100
100000010011110100100111100101000100000010000101010101011011011110111011011011111010101100000100
001001101000000111100011010001100010000010000101010101011011011110111011011011111010101100000100
101101100101010111101010100011000111000010000101010101011011011110111011011011111010101100000100
000111000110001000100101001000011111000010000101010101011011011110111011011011111010101100000100
101001010001111100100110101001010101000010000101010101011011011110111011011011111010101100000100
011100001110101001001110101010111100000010000101010101011011011110111011011011111010101100000100
110111100011110010100000000110000100000010000101010101011011011110111011011011111010101100000100
110110110110101100110100001000010110000010000101010101011011011110111011011011111010101100000100
100001111110000101100000001010001001000010000101010101011011011110111011011011111010101100000100
110011100101011010101010011001011011000010000101010101011011011110111011011011111010101100000100
011011010111000110101100000100011010000010000101010101011011011110111011011011111010101100000100
001001110001101011011001010000001100000010000101010101011011011110111011011011111010101100000100
010100000010011000001000011110011100000010000101010101011011011110111011011011111010101100000100
110011010000010011011111001010010111000010000101010101011011011110111011011011111010101100000100
100001110001010001111110000101001000000010000101010101011011011110111011011011111010101100000100
000010011000100100001000000110010001000010000101010101011011011110111011011011111010101100000100
011001011100000111001111000100011010000010000101010101011011011110111011011011111010101100000100
110010110010110110101110011110011010000010000101010101011011011110111011011011111010101100000100
000011101100000100000111110101110010000010000101010101011011011110111011011011111010101100000100
011000110000101010110010001110011001000010000101010101011011011110111011011011111010101100000100
001111101100010000010010110010100010000010000101010101011011011110111011011011111010101100000100
110101000110110101110101110111100011000010000101010101011011011110111011011011111010101100000100
011110111100001111100000011000111001000010000101010101011011011110111011011011111010101100000100
000010010010001001110111101000010010000010000101010101011011011110111011011011111010101100000100
001000001001101110101011111111010111000010000101010101011011011110111011011011111010101100000100
111111100011010010011011101101110111000010000101010101011011011110111011011011111010101100000100
111110001000001101100111010010010110000010000101010101011011011110111011011011111010101100000100
010010100000111000011100001000000001000010000101010101011011011110111011011011111010101100000100
000000001100010100000001100010011100000010000101010101011011011110111011011011111010101100000100
111101001111010100010110111111010001000010000101010101011011011110111011011011111010101100000100
010111100100010010000100001010111000000010000101010101011011011110111011011011111010101100000100
100101110100100100111101111011010110000010000101010101011011011110111011011011111010101100000100
000111101000100010111100010001011111000010000101010101011011011110111011011011111010101100000100
011010111011011110100010101111111111000010000101010101011011011110111011011011111010101100000100
011001101000110101101000111100111101000010000101010101011011011110111011011011111010101100000100
000111111010101110101011011101010000000010000101010101011011011110111011011011111010101100000100
101001000011011110101111111011100011000010000101010101011011011110111011011011111010101100000100
000011110110111111001101000101111101000010000101010101011011011110111011011011111010101100000100
101111100111000101100010010001001010000010000101010101011011011110111011011011111010101100000100
011001010110100111101111111010001110000010000101010101011011011110111011011011111010101100000100
010100011010001011100100101010111010000010000101010101011011011110111011011011111010101100000100
011101111010111100111000111000011110000010000101010101011011011110111011011011111010101100000100
011100001110101001001101110010010100000010000101010101011011011110111011011011111010101100000100
110010001100010101000101100101100110000010000101010101011011011110111011011011111010101100000100
111101101111011101110010101010101000000010000101010101011011011110111011011011111010101100000100
010100110110000000100100010111101010000010000101010101011011011110111011011011111010101100000100
110110101100000001001000100100101110000010000101010101011011011110111011011011111010101100000100
110111010100001001101011010100111011000010000101010101011011011110111011011011111010101100000100
111010110001111001010101011110111000000010000101010101011011011110111011011011111010101100000100
000111101000110111111010010001001110000010000101010101011011011110111011011011111010101100000100
111011101100111001111010101111010011000010000101010101011011011110111011011011111010101100000100
100101110110110001111101010000110011000010000101010101011011011110111011011011111010101100000100
001111011101010111110010000011001000000010000101010101011011011110111011011011111010101100000100
100110000010100111001111000100011010000010000101010101011011011110111011011011111010101100000100
101100110011101011101001011000001100000010000101010101011011011110111011011011111010101100000100
111000000000100011100110111011101001000010000101010101011011011110111011011011111010101100000100
100101011000100100001110111101100110000010000101010101011011011110111011011011111010101100000100
001011000101101001100100011101001100000010000101010101011011011110111011011011111010101100000100
001010110000111110111001011110100001000010000101010101011011011110111011011011111010101100000100
111110111111111101110100110101101011000010000101010101011011011110111011011011111010101100000100
110100101000001111101100110100100010000010000101010101011011011110111011011011111010101100000100
100000100111010010110100100001111100000010000101010101011011011110111011011011111010101100000100
010110100010110010101101010101010100000010000101010101011011011110111011011011111010101100000100
111101100100001111001100111001101101000010000101010101011011011110111011011011111010101100000100
110101111110001010000110110100010111000010000101010101011011011110111011011011111010101100000100
101110011100001000100110011111110000000010000101010101011011011110111011011011111010101100000100
111101111010110000110111000101100010000010000101010101011011011110111011011011111010101100000100
000101001101101100100110111100011011000010000101010101011011011110111011011011111010101100000100
100010101011000001101011100100101000000010000101010101011011011110111011011011111010101100000100
011100001011101001111001101101011110000010000101010101011011011110111011011011111010101100000100
010110001010111010110011111101100010000010000101010101011011011110111011011011111010101100000100
111100100100001001100110010000101010000010000101010101011011011110111011011011111010101100000100
110010100010001111111011101001001010000010000101010101011011011110111011011011111010101100000100
000111100000110011111101111111101100000010000101010101011011011110111011011011111010101100000100
010011100001010111100100000010001010000010000101010101011011011110111011011011111010101100000100
110010000111011100010001110110011111000010000101010101011011011110111011011011111010101100000100
001000111000110111100010010100111010000010000101010101011011011110111011011011111010101100000100
110101111100100010000001101100111111000010000101010101011011011110111011011011111010101100000100
111101000011010110111010111010010011000010000101010101011011011110111011011011111010101100000100
000100110001011011100101011100100101000010000101010101011011011110111011011011111010101100000100
100100011000101000011001011101010100000010000101010101011011011110111011011011111010101100000100
001101101010111011101111110111111001000010000101010101011011011110111011011011111010101100000100
010000101110000010000111000001100111000010000101010101011011011110111011011011111010101100000100
110001110010001101011010010001001100000010000101010101011011011110111011011011111010101100000100
101010101101001101110110010111110010000010000101010101011011011110111011011011111010101100000100
001110111101010011101000001111010111000010000101010101011011011110111011011011111010101100000100
010111111110111010110111100100000101000010000101010101011011011110111011011011111010101100000100
011111101000100010101111010001001001000010000101010101011011011110111011011011111010101100000100
011001000111110110110011010100000111000010000101010101011011011110111011011011111010101100000100
111001011010000111001101011010011100000010000101010101011011011110111011011011111010101100000100
100100000011101111010100000111110111000010000101010101011011011110111011011011111010101100000100
101111111111001101100110000010111111000010000101010101011011011110111011011011111010101100000100
110110001100111001000011001001101010000010000101010101011011011110111011011011111010101100000100
110101100000111011111010111010110000000010000101010101011011011110111011011011111010101100000100
111011011010000111100111001010110111000010000101010101011011011110111011011011111010101100000100
100111000110111100011010011010011000000010000101010101011011011110111011011011111010101100000100
001101100010000110111100110001001001000010000101010101011011011110111011011011111010101100000100
110111111011111110111001000110100100000010000101010101011011011110111011011011111010101100000100
000101111111010100010000001000000101000010000101010101011011011110111011011011111010101100000100
010100101000101100010000011111011000000010000101010101011011011110111011011011111010101100000100
101111010110001010011101011010100001000010000101010101011011011110111011011011111010101100000100
110011010110001010001011011101000011000010000101010101011011011110111011011011111010101100000100
100010110110000010111011110000101111000010000101010101011011011110111011011011111010101100000100
101100001011011100000100110001010101000010000101010101011011011110111011011011111010101100000100
101001001011011100100001000010101111000010000101010101011011011110111011011011111010101100000100
001100110010100111101010010110000001000010000101010101011011011110111011011011111010101100000100
011011000011000001011001110001110110000010000101010101011011011110111011011011111010101100000100
000101101101000110001100101000110011000010000101010101011011011110111011011011111010101100000100
000000011011010101111011010000000010000010000101010101011011011110111011011011111010101100000100
000000011110011010101110001000101100000010000101010101011011011110111011011011111010101100000100
001011011000001110001101001101101111000010000101010101011011011110111011011011111010101100000100
011010010011101111010000001001111011000010000101010101011011011110111011011011111010101100000100
111110000110101001100011111110100111000010000101010101011011011110111011011011111010101100000100
000111001001100101101110011100100100000010000101010101011011011110111011011011111010101100000100
110001001110000011110101111101011000000010000101010101011011011110111011011011111010101100000100
011111010110000011001011111010110101000010000101010101011011011110111011011011111010101100000100
110110100011101011100100001011010111000010000101010101011011011110111011011011111010101100000100
011100011010001101110101100010100010000010000101010101011011011110111011011011111010101100000100
111100001001110100001100111010010110000010000101010101011011011110111011011011111010101100000100
111001111111111100110001011000010101000010000101010101011011011110111011011011111010101100000100
010001000010011011100101101100000011000010000101010101011011011110111011011011111010101100000100
011110001000101001111000011110101001000010000101010101011011011110111011011011111010101100000100
100110000000001100011000111110011011000010000101010101011011011110111011011011111010101100000100
111001111111111110110111011000101111000010000101010101011011011110111011011011111010101100000100
100100000111011111010110100110110101000010000101010101011011011110111011011011111010101100000100
011010111101001100100010100000111011000010000101010101011011011110111011011011111010101100000100
001111110000101100110011010011010011000010000101010101011011011110111011011011111010101100000100
100111100010110110111100101111101010000010000101010101011011011110111011011011111010101100000100
111111000010000000111110101100110111000010000101010101011011011110111011011011111010101100000100
111001010110010000010101010001001011000010000101010101011011011110111011011011111010101100000100
100110100000010010100011011000011000000010000101010101011011011110111011011011111010101100000100
000111101011000101010110101111101001000010000101010101011011011110111011011011111010101100000100
011011110010111110000111110000110111000010000101010101011011011110111011011011111010101100000100
000110011101011111110110100101111100000010000101010101011011011110111011011011111010101100000100
110100100011111011101011001000000010000010000101010101011011011110111011011011111010101100000100
100101110000010000000001010110111111000010000101010101011011011110111011011011111010101100000100
111100100011111101111001001111010011000010000101010101011011011110111011011011111010101100000100
100000010001010010110011101000000101000010000101010101011011011110111011011011111010101100000100
011111010010000001101111010101000110000010000101010101011011011110111011011011111010101100000100
000100001111000011110100100011000100000010000101010101011011011110111011011011111010101100000100
111110110011001001110011001010101111000010000101010101011011011110111011011011111010101100000100
001010111111111010110111101101100001000010000101010101011011011110111011011011111010101100000100
111011011110100100000010100100100000000010000101010101011011011110111011011011111010101100000100
010110001001111011011101110111111011000010000101010101011011011110111011011011111010101100000100
011001000111011000100101100011000101000010000101010101011011011110111011011011111010101100000100
100100110000110101100110011110010011000010000101010101011011011110111011011011111010101100000100
100100101111000101010100001010110010000010000101010101011011011110111011011011111010101100000100
111110101000010011100001101101000011000010000101010101011011011110111011011011111010101100000100
111101000010001001101011000011000010000010000101010101011011011110111011011011111010101100000100
111000000101001101101101111100001001000010000101010101011011011110111011011011111010101100000100
000011101011011111101000100110101000000010000101010101011011011110111011011011111010101100000100
101000011010100110001011110011001100000010000101010101011011011110111011011011111010101100000100
010110000111001000101011101100000101000010000101010101011011011110111011011011111010101100000100
011000011111010000000010100000111011000010000101010101011011011110111011011011111010101100000100
110000010101011001110111000000001001000010000101010101011011011110111011011011111010101100000100
100001011101010001101010011110111100000010000101010101011011011110111011011011111010101100000100
000000100011100110011111100101001011000010000101010101011011011110111011011011111010101100000100
010101010100110001100111110000011000000010000101010101011011011110111011011011111010101100000100
000000001111100110000001100001011001000010000101010101011011011110111011011011111010101100000100
011100001011010000001001100101010000000010000101010101011011011110111011011011111010101100000100
110001011010010100111100110111110101000010000101010101011011011110111011011011111010101100000100
111001111101101000010000101101101011000010000101010101011011011110111011011011111010101100000100
011100110011100110101011110111111001000010000101010101011011011110111011011011111010101100000100
100011100000111010001110011001000110000010000101010101011011011110111011011011111010101100000100
010011101001010100110011100011001011000010000101010101011011011110111011011011111010101100000100
011000100010101010100010000110110000000010000101010101011011011110111011011011111010101100000100
100100011111001101000111000001010110000010000101010101011011011110111011011011111010101100000100
101101110110111001100111100011000000000010000101010101011011011110111011011011111010101100000100
011111010111011011111111011111001110000010000101010101011011011110111011011011111010101100000100
100110011110100111100111101101101010000010000101010101011011011110111011011011111010101100000100
100011110000000010000010001000001110000010000101010101011011011110111011011011111010101100000100
010110111010011010111011000111010001000010000101010101011011011110111011011011111010101100000100
001000001101001111100001111001100010000010000101010101011011011110111011011011111010101100000100
010111100101111010011001110111100000000010000101010101011011011110111011011011111010101100000100
001000111010011110000000001011101111000010000101010101011011011110111011011011111010101100000100
100111000001010011001111101001010110000010000101010101011011011110111011011011111010101100000100
101111001010110100111000011011111001000010000101010101011011011110111011011011111010101100000100
000101101010111000110101100110000110000010000101010101011011011110111011011011111010101100000100
000011100101101110110001001101100101000010000101010101011011011110111011011011111010101100000100
111011101100111100011010001010100100000010000101010101011011011110111011011011111010101100000100
101000000101100001101101110101011001000010000101010101011011011110111011011011111010101100000100
011111101101111111100100001100000100000010000101010101011011011110111011011011111010101100000100
110100010000101010101001111100101111000010000101010101011011011110111011011011111010101100000100
011100100110000110111110011101010100000010000101010101011011011110111011011011111010101100000100
101110111101010000110010110001110100000010000101010101011011011110111011011011111010101100000100
111110001100110010011011011111100010000010000101010101011011011110111011011011111010101100000100
111100001111100101010001001111001101000010000101010101011011011110111011011011111010101100000100
011001110001110100101101001100110010000010000101010101011011011110111011011011111010101100000100
001011110100001010000111111000100010000010000101010101011011011110111011011011111010101100000100
001111000111110110100111100111000010000010000101010101011011011110111011011011111010101100000100
011111100000001110000110100011100011000010000101010101011011011110111011011011111010101100000100
011111110001101101100100000101010101000010000101010101011011011110111011011011111010101100000100
000100001101000001101011111001010011000010000101010101011011011110111011011011111010101100000100
001001011010010011011111100101010011000010000101010101011011011110111011011011111010101100000100
001110110001011010001001100001000100000010000101010101011011011110111011011011111010101100000100
000011111010101011000111011110011111000010000101010101011011011110111011011011111010101100000100
010100110100110110000001111110101111000010000101010101011011011110111011011011111010101100000100
000101100100000101011010000010000101000010000101010101011011011110111011011011111010101100000100
001010111010111110001001110110110100000010000101010101011011011110111011011011111010101100000100
001111011101011110111011111000111010000010000101010101011011011110111011011011111010101100000100
110100000011111111001000110011000000000010000101010101011011011110111011011011111010101100000100
000011100001100011111100100111110110000010000101010101011011011110111011011011111010101100000100
101110111110000101001100000010110001000010000101010101011011011110111011011011111010101100000100
111101000101101000111001111111100101000010000101010101011011011110111011011011111010101100000100
101001011000101010011000110100011111000010000101010101011011011110111011011011111010101100000100
010110111000010000110110111111000011000010000101010101011011011110111011011011111010101100000100
100101001001100010011011010111010111000010000101010101011011011110111011011011111010101100000100
101001100000100011000110101110110000000010000101010101011011011110111011011011111010101100000100
110101001001101111000011011000100010000010000101010101011011011110111011011011111010101100000100
010001101011011100100001010110000000000010000101010101011011011110111011011011111010101100000100
010001011110100010011111110101101010000010000101010101011011011110111011011011111010101100000100
110111101110110111010011010100011001000010000101010101011011011110111011011011111010101100000100
000101101010010011110100101101101111000010000101010101011011011110111011011011111010101100000100
011101100100010001011100001000110010000010000101010101011011011110111011011011111010101100000100
010100100000101110110011101100000100000010000101010101011011011110111011011011111010101100000100
111000010111010000000000110001111100000010000101010101011011011110111011011011111010101100000100
111101110101001111000110000101001101000010000101010101011011011110111011011011111010101100000100
101100110100011100110110000111101010000010000101010101011011011110111011011011111010101100000100
011100100111011011110100111110111011000010000101010101011011011110111011011011111010101100000100
010001110100001011001000001011010011000010000101010101011011011110111011011011111010101100000100
000110010100101001001010111110111011000010000101010101011011011110111011011011111010101100000100
100100101000010010101000000101000000000010000101010101011011011110111011011011111010101100000100
110101100100011011011010001011011111000010000101010101011011011110111011011011111010101100000100
100010000010011101000111001100000011000010000101010101011011011110111011011011111010101100000100
101010101101000110101011001010010110000010000101010101011011011110111011011011111010101100000100
100100001001101011011001000000111100000010000101010101011011011110111011011011111010101100000100
101000000111100101111110011000011110000010000101010101011011011110111011011011111010101100000100
011001001010110110010111000011011100000010000101010101011011011110111011011011111010101100000100
010100101100111001110011011101100010000010000101010101011011011110111011011011111010101100000100
011000111110101100101000001000110011000010000101010101011011011110111011011011111010101100000100
010000010110001010101011110010001100000010000101010101011011011110111011011011111010101100000100
000110101010101100100100010101011010000010000101010101011011011110111011011011111010101100000100
000000111001010000010000101011110010000010000101010101011011011110111011011011111010101100000100
010101100110101101011101100011001010000010000101010101011011011110111011011011111010101100000100
010111101110001011011011001110010101000010000101010101011011011110111011011011111010101100000100
010100010011110101100010001010010000000010000101010101011011011110111011011011111010101100000100
001010100001111011110101001100101100000010000101010101011011011110111011011011111010101100000100
110000000110010100010001001110100001000010000101010101011011011110111011011011111010101100000100
000111101111100110100110000010011101000010000101010101011011011110111011011011111010101100000100
101100000010100110111010110011011010000010000101010101011011011110111011011011111010101100000100
011101001111000101010101000000011100000010000101010101011011011110111011011011111010101100000100
011110111110000011010000000011100101000010000101010101011011011110111011011011111010101100000100
101000010111110101111010111101001110000010000101010101011011011110111011011011111010101100000100
011001101110111010011011110000111100000010000101010101011011011110111011011011111010101100000100
110010111111110101010101110110000100000010000101010101011011011110111011011011111010101100000100
101001100011110111111011101001111001000010000101010101011011011110111011011011111010101100000100
100011010000111100011111000110110110000010000101010101011011011110111011011011111010101100000100
000101010001000111000100011011100001000010000101010101011011011110111011011011111010101100000100
111101101110011111010011010010000000000010000101010101011011011110111011011011111010101100000100
010010011011101001001100111010110110000010000101010101011011011110111011011011111010101100000100
101001110001011111100101011111001010000010000101010101011011011110111011011011111010101100000100
001100101100111111011000111000010010000010000101010101011011011110111011011011111010101100000100
000111101110111110011101011100001000000010000101010101011011011110111011011011111010101100000100
000100100001001100001011111100001100000010000101010101011011011110111011011011111010101100000100
010111110111011110101111000000000110000010000101010101011011011110111011011011111010101100000100
001100000110101110000010000000110111000010000101010101011011011110111011011011111010101100000100
010000100011110100011110110111110011000010000101010101011011011110111011011011111010101100000100
101000011101100010001011010110010001000010000101010101011011011110111011011011111010101100000100
011000001100110010100101111011100101000010000101010101011011011110111011011011111010101100000100
101101110001000010100011101100100000000010000101010101011011011110111011011011111010101100000100
010000011110011000001000101001100001000010000101010101011011011110111011011011111010101100000100
011111110001110010100001100000010101000010000101010101011011011110111011011011111010101100000100
111011001110101000101101111010100001000010000101010101011011011110111011011011111010101100000100
001110100100111010000101001010111010000010000101010101011011011110111011011011111010101100000100
000010010010011001010100011100111001000010000101010101011011011110111011011011111010101100000100
100101101100111100010100000111010111000010000101010101011011011110111011011011111010101100000100
011111000100101110101111111011011101000010000101010101011011011110111011011011111010101100000100
011000101111101010001000011001100101000010000101010101011011011110111011011011111010101100000100
101001110110001010101101010011110100000010000101010101011011011110111011011011111010101100000100
001001111100010001001101100100101111000010000101010101011011011110111011011011111010101100000100
010100111111100011011100110110001001000010000101010101011011011110111011011011111010101100000100
001100010011100101111001111111010001000010000101010101011011011110111011011011111010101100000100
101100110110010001101100000000101011000010000101010101011011011110111011011011111010101100000100
110000000100100101101110111101111111000010000101010101011011011110111011011011111010101100000100
001000001011010101101101001000111100000010000101010101011011011110111011011011111010101100000100
001110011001110111100001010010100101000010000101010101011011011110111011011011111010101100000100
011100000010001010011100111100011011000010000101010101011011011110111011011011111010101100000100
110010110100010010000101000100001110000010000101010101011011011110111011011011111010101100000100
101110010010110101010011101111100101000010000101010101011011011110111011011011111010101100000100
100101100110001101100001001001010001000010000101010101011011011110111011011011111010101100000100
000110111010110101100011110001000110000010000101010101011011011110111011011011111010101100000100
111000111001101001100011001111100110000010000101010101011011011110111011011011111010101100000100
101010011100000010100101111010111110000010000101010101011011011110111011011011111010101100000100
100101101001110010001100110011101110000010000101010101011011011110111011011011111010101100000100
110011100000001100101010001001011100000010000101010101011011011110111011011011111010101100000100
111001101010111101111011101010001010000010000101010101011011011110111011011011111010101100000100
100011101000101110010101101010011100000010000101010101011011011110111011011011111010101100000100
001010111001111010010001000010110100000010000101010101011011011110111011011011111010101100000100
001000111111010010110011001111010011000010000101010101011011011110111011011011111010101100000100
101100101101110000110001001100101111000010000101010101011011011110111011011011111010101100000100
011111001011110101001100010000010111000010000101010101011011011110111011011011111010101100000100
010100011111110110100100111001101010000010000101010101011011011110111011011011111010101100000100
011011101001000101101111111110100110000010000101010101011011011110111011011011111010101100000100
001100000011111001011111011100111101000010000101010101011011011110111011011011111010101100000100
010001000000110001101101111110100001000010000101010101011011011110111011011011111010101100000100
111110000100010010001001110010101101000010000101010101011011011110111011011011111010101100000100
001010011010110011100100000000101011000010000101010101011011011110111011011011111010101100000100
101011110010100110100001001011111110000010000101010101011011011110111011011011111010101100000100
100010001101100010010110001001110011000010000101010101011011011110111011011011111010101100000100
011100110000000100110101011001001001000010000101010101011011011110111011011011111010101100000100
110001001011001000001011011101101010000010000101010101011011011110111011011011111010101100000100
101101001100001001010111100000001010000010000101010101011011011110111011011011111010101100000100
000111101000011010010111000000000001000010000101010101011011011110111011011011111010101100000100
101010101011111101101010001101001010000010000101010101011011011110111011011011111010101100000100
011001011111010101100011000001110000000010000101010101011011011110111011011011111010101100000100
011011100100010111110001101011000001000010000101010101011011011110111011011011111010101100000100
110011100001000010001001011110000010000010000101010101011011011110111011011011111010101100000100
010001011100000011000001001111101010000010000101010101011011011110111011011011111010101100000100
001100101011000110011001100010111110000010000101010101011011011110111011011011111010101100000100
000001111100010001000111111100001110000010000101010101011011011110111011011011111010101100000100
010100011000111010101001100100010110000010000101010101011011011110111011011011111010101100000100
100000000010110100111011101101101101000010000101010101011011011110111011011011111010101100000100
110010011110010110000010100110101001000010000101010101011011011110111011011011111010101100000100
000111011110010001011101101011110001000010000101010101011011011110111011011011111010101100000100
110100001011001111001110100010110000000010000101010101011011011110111011011011111010101100000100
001110101110110110010000010011110000000010000101010101011011011110111011011011111010101100000100
110101110110000010100001110010001110000010000101010101011011011110111011011011111010101100000100
111011000110110010101111100111110011000010000101010101011011011110111011011011111010101100000100
111000100000111011000000000100111001000010000101010101011011011110111011011011111010101100000100
000111010011111000110001110111000011000010000101010101011011011110111011011011111010101100000100
110000101100111111011111110001011011000010000101010101011011011110111011011011111010101100000100
111110000000100100101001111000100110000010000101010101011011011110111011011011111010101100000100
000101010110110011001010101110110100000010000101010101011011011110111011011011111010101100000100
110010010011011110000011001000100101000010000101010101011011011110111011011011111010101100000100
111111011001100101111101010010111111000010000101010101011011011110111011011011111010101100000100
011111101000000010100001100101011010000010000101010101011011011110111011011011111010101100000100
110111010100111111100111101101100011000010000101010101011011011110111011011011111010101100000100
100110110110100001100001010101110011000010000101010101011011011110111011011011111010101100000100
100010101100010000101101111100000001000010000101010101011011011110111011011011111010101100000100
110110101000110101000010100111110010000010000101010101011011011110111011011011111010101100000100
010000111010000111000101000011100100000010000101010101011011011110111011011011111010101100000100
010011111000101100000110001011111111000010000101010101011011011110111011011011111010101100000100
010111111110110001010100111110001101000010000101010101011011011110111011011011111010101100000100
000100000010111101100011110110010001000010000101010101011011011110111011011011111010101100000100
101110111011011011001001100000000100000010000101010101011011011110111011011011111010101100000100
011101011100000011100101101011110001000010000101010101011011011110111011011011111010101100000100
001100111000001101011000100111100000000010000101010101011011011110111011011011111010101100000100
100010110110101101100100100100000001000010000101010101011011011110111011011011111010101100000100
111110100101111100000000100000100110000010000101010101011011011110111011011011111010101100000100
111010011001110010001110100100110100000010000101010101011011011110111011011011111010101100000100
001101010010001110100111000100100110000010000101010101011011011110111011011011111010101100000100
111011000011101000101110000100010000000010000101010101011011011110111011011011111010101100000100
001011011110010000000010011000000010000010000101010101011011011110111011011011111010101100000100
100011101010100111110110000001001101000010000101010101011011011110111011011011111010101100000100
011001111001101000010111011100000100000010000101010101011011011110111011011011111010101100000100
010101100010111010011110111010010010000010000101010101011011011110111011011011111010101100000100
001101000100101111110110101110001010000010000101010101011011011110111011011011111010101100000100
010000111001010011011100110111010011000010000101010101011011011110111011011011111010101100000100
000100010001010101011111001111101110000010000101010101011011011110111011011011111010101100000100
010001101011101000010101000010101011000010000101010101011011011110111011011011111010101100000100
101110101010000101100110001111101010000010000101010101011011011110111011011011111010101100000100
101110100011011111111100001101110111000010000101010101011011011110111011011011111010101100000100
100010001110101011100001010111110001000010000101010101011011011110111011011011111010101100000100
010000000110011111011010111001110001000010000101010101011011011110111011011011111010101100000100
000010111101100010110000010100000001000010000101010101011011011110111011011011111010101100000100
001111111011001011100001010100100110000010000101010101011011011110111011011011111010101100000100
011100101101010000011100011001110011000010000101010101011011011110111011011011111010101100000100
001110101000011011100001001101110110000010000101010101011011011110111011011011111010101100000100
111010111010100111010011100111001001000010000101010101011011011110111011011011111010101100000100
110101000101010111101010111000011010000010000101010101011011011110111011011011111010101100000100
101100011110111011000101000011011011000010000101010101011011011110111011011011111010101100000100
011011111110110001001000000100010100000010000101010101011011011110111011011011111010101100000100
010100011000101110100100010000101101000010000101010101011011011110111011011011111010101100000100
111100001001001100101110101001000010000010000101010101011011011110111011011011111010101100000100
110011010101110101011010011010101001000010000101010101011011011110111011011011111010101100000100
001001101010010011101011000101100110000010000101010101011011011110111011011011111010101100000100
001110111010000011101000100010111001000010000101010101011011011110111011011011111010101100000100
001101001111100010010111111000010001000010000101010101011011011110111011011011111010101100000100
011111010111010001001010111110010010000010000101010101011011011110111011011011111010101100000100
001011100011111010001101110000001001000010000101010101011011011110111011011011111010101100000100
000011001110101110010100010100100010000010000101010101011011011110111011011011111010101100000100
011000011111100111101111100001000101000010000101010101011011011110111011011011111010101100000100
111000001011000011110110011101101011000010000101010101011011011110111011011011111010101100000100
110001000010110110011001011001010010000010000101010101011011011110111011011011111010101100000100
111111011001110100010111000000011010000010000101010101011011011110111011011011111010101100000100
010011011011000000000011110011001011000010000101010101011011011110111011011011111010101100000100
100100111111010101110101111110011110000010000101010101011011011110111011011011111010101100000100
111100010100100000010111010011110010000010000101010101011011011110111011011011111010101100000100
101110100111100011001101011110011101000010000101010101011011011110111011011011111010101100000100
100000000100000100110011111101010001000010000101010101011011011110111011011011111010101100000100
011000000000101001001011010011001011000010000101010101011011011110111011011011111010101100000100
110000011111001011110010111111100101000010000101010101011011011110111011011011111010101100000100
111010100011111010101000100101110101000010000101010101011011011110111011011011111010101100000100
110111001110000010100101001100010111000010000101010101011011011110111011011011111010101100000100
001110001010000111010100000001110011000010000101010101011011011110111011011011111010101100000100
111000111110011001011101010101011101000010000101010101011011011110111011011011111010101100000100
100010100111001011000000101101000011000010000101010101011011011110111011011011111010101100000100
001100111111010010100001101000111110000010000101010101011011011110111011011011111010101100000100
001011111101101100010000000001111100000010000101010101011011011110111011011011111010101100000100
110011010001100110011110010110100001000010000101010101011011011110111011011011111010101100000100
001101001010011000100111101001011110000010000101010101011011011110111011011011111010101100000100
110101100000011010001101010110110010000010000101010101011011011110111011011011111010101100000100
000100001010010001101000010010100111000010000101010101011011011110111011011011111010101100000100
000001010000000110000110011100010010000010000101010101011011011110111011011011111010101100000100
011010110100010000000010100010101111000010000101010101011011011110111011011011111010101100000100
001001010101001111100011001000011011000010000101010101011011011110111011011011111010101100000100
110111011000010000011011011001001011000010000101010101011011011110111011011011111010101100000100
101010110101011100101111011001001111000010000101010101011011011110111011011011111010101100000100
010011100001110011010110001000000100000010000101010101011011011110111011011011111010101100000100
111010010001011100010000101111111101000010000101010101011011011110111011011011111010101100000100
000000101010010001000110100010001001000010000101010101011011011110111011011011111010101100000100
001111001001011111010010001111111101000010000101010101011011011110111011011011111010101100000100
010000010100111010011100111000110100000010000101010101011011011110111011011011111010101100000100
011110001101010110110000011100010000000010000101010101011011011110111011011011111010101100000100
110101111100000000100010001001100010000010000101010101011011011110111011011011111010101100000100
111110101011000001100001100100000100000010000101010101011011011110111011011011111010101100000100
011010010100010011001011101010011110000010000101010101011011011110111011011011111010101100000100
110101001100011010010010010011101001000010000101010101011011011110111011011011111010101100000100
001011011101101000001011000000101011000010000101010101011011011110111011011011111010101100000100
110000011011110010111010001100010101000010000101010101011011011110111011011011111010101100000100
010100110011011101000001001011111011000010000101010101011011011110111011011011111010101100000100
101011001100111100110101000011000001000010000101010101011011011110111011011011111010101100000100
000000001110110101000001101000101111000010000101010101011011011110111011011011111010101100000100
010011111111110111010101111001110101000010000101010101011011011110111011011011111010101100000100
101001011011111110001100000111001011000010000101010101011011011110111011011011111010101100000100
010010110011100000111010011100000110000010000101010101011011011110111011011011111010101100000100
110001111111111111000101011010101110000010000101010101011011011110111011011011111010101100000100
101101111001010111010101110000011111000010000101010101011011011110111011011011111010101100000100
000111001010101010010110100001001010000010000101010101011011011110111011011011111010101100000100
101100100001100101010000111011001000000010000101010101011011011110111011011011111010101100000100
100011100111000001001011101101001101000010000101010101011011011110111011011011111010101100000100
100001101011111000101010101010110101000010000101010101011011011110111011011011111010101100000100
101011110110110111010110001000010100000010000101010101011011011110111011011011111010101100000100
010100011111101101111010110001100101000010000101010101011011011110111011011011111010101100000100
010111100010011110000100001110100011000010000101010101011011011110111011011011111010101100000100
100100011100111010010111111111110001000010000101010101011011011110111011011011111010101100000100
100000000100010110110001110100001010000010000101010101011011011110111011011011111010101100000100
101100111000000111100100010011100101000010000101010101011011011110111011011011111010101100000100
000100001101001101000010110000000010000010000101010101011011011110111011011011111010101100000100
011101000100011100101111001001010100000010000101010101011011011110111011011011111010101100000100
001011001001101111101101000000110111000010000101010101011011011110111011011011111010101100000100
101110110000001100111101110000011100000010000101010101011011011110111011011011111010101100000100
010110101001011101011011001011000001000010000101010101011011011110111011011011111010101100000100
011000110001111110101100101111101011000010000101010101011011011110111011011011111010101100000100
010010111011010010011010011110001011000010000101010101011011011110111011011011111010101100000100
110000111001000111101110011110110110000010000101010101011011011110111011011011111010101100000100
011000111111001000110100010010110111000010000101010101011011011110111011011011111010101100000100
001000101001100011100101010111100100000010000101010101011011011110111011011011111010101100000100
010010010001100010000010011010001001000010000101010101011011011110111011011011111010101100000100
001100111011100011000000110100100100000010000101010101011011011110111011011011111010101100000100
111000111101100001011100010101100100000010000101010101011011011110111011011011111010101100000100
001010111111100001110000010101110000000010000101010101011011011110111011011011111010101100000100
101000111111010011000011001111110011000010000101010101011011011110111011011011111010101100000100
001101100110100011110011100000110010000010000101010101011011011110111011011011111010101100000100
011000111111010101001101101000110100000010000101010101011011011110111011011011111010101100000100
110110110101100101101110111010100111000010000101010101011011011110111011011011111010101100000100
001110011010111011010111111111000000000010000101010101011011011110111011011011111010101100000100
000001000011001011110011011001010100000010000101010101011011011110111011011011111010101100000100
111111111001100010111010100100010110000010000101010101011011011110111011011011111010101100000100
001000101100100010111110100110111001000010000101010101011011011110111011011011111010101100000100
010001001110001010010101111001011001000010000101010101011011011110111011011011111010101100000100
101110101101101111010100001101111001000010000101010101011011011110111011011011111010101100000100
110110110000101110010101000011010110000010000101010101011011011110111011011011111010101100000100
010000100100100011001011110111100111000010000101010101011011011110111011011011111010101100000100
110100011100100101011000010011100110000010000101010101011011011110111011011011111010101100000100
110110101111101000101101111000110110000010000101010101011011011110111011011011111010101100000100
100111111110000001010010110111010010000010000101010101011011011110111011011011111010101100000100
000101001100110110000011100000101001000010000101010101011011011110111011011011111010101100000100
100001100111111001111000110101100101000010000101010101011011011110111011011011111010101100000100
100100011111000111101110111110111011000010000101010101011011011110111011011011111010101100000100
010110110000000111101110001001101101000010000101010101011011011110111011011011111010101100000100
011000110010100001110011001010010110000010000101010101011011011110111011011011111010101100000100
011101001010011011010001101111011001000010000101010101011011011110111011011011111010101100000100
000111100001100011010000100000100001000010000101010101011011011110111011011011111010101100000100
100100000111101000001100111100111110000010000101010101011011011110111011011011111010101100000100
000000010100001011010001111011011010000010000101010101011011011110111011011011111010101100000100
110111000000111111111011110001001000000010000101010101011011011110111011011011111010101100000100
010011110010111011101010001111011111000010000101010101011011011110111011011011111010101100000100
001001100100011111010001010100110100000010000101010101011011011110111011011011111010101100000100
111111110000010111110100100010110111000010000101010101011011011110111011011011111010101100000100
100100111110011010100001010001001110000010000101010101011011011110111011011011111010101100000100
001000011111011101110101001100111101000010000101010101011011011110111011011011111010101100000100
100000110101101010011111010011000100000010000101010101011011011110111011011011111010101100000100
000111110110100101100011001110000100000010000101010101011011011110111011011011111010101100000100
100001111110000100101111001000101001000010000101010101011011011110111011011011111010101100000100
111011000001101111110011101100010101000010000101010101011011011110111011011011111010101100000100
000001110010100101101111100101011000000010000101010101011011011110111011011011111010101100000100
100100111011111000111110101000000111000010000101010101011011011110111011011011111010101100000100
001110111000011000101111101100111010000010000101010101011011011110111011011011111010101100000100
010110100111111100011010000011000000000010000101010101011011011110111011011011111010101100000100
001011001100110110000001010101101100000010000101010101011011011110111011011011111010101100000100
000100001000001101110111100010101101000010000101010101011011011110111011011011111010101100000100
011011100110101001010100000010001000000010000101010101011011011110111011011011111010101100000100
101011100101000110100011001010001110000010000101010101011011011110111011011011111010101100000100
100010110111110101110110110100100011000010000101010101011011011110111011011011111010101100000100
001111101010101010111100011110001010000010000101010101011011011110111011011011111010101100000100
101011110010000000101101100011111100000010000101010101011011011110111011011011111010101100000100
010010001111000000101011000101111101000010000101010101011011011110111011011011111010101100000100
011110101101101111011100000101001111000010000101010101011011011110111011011011111010101100000100
011011000010111010000010001011111000000010000101010101011011011110111011011011111010101100000100
100001100011011010101011010011101000000010000101010101011011011110111011011011111010101100000100
101010100000011000010110101111100110000010000101010101011011011110111011011011111010101100000100
011011010011101011000010010110110010000010000101010101011011011110111011011011111010101100000100
010100100110100110100010100011100110000010000101010101011011011110111011011011111010101100000100
101001001110011110111100000000100011000010000101010101011011011110111011011011111010101100000100
111111101101010010111010111111101010000010000101010101011011011110111011011011111010101100000100
110101011110101100010100000000000011000010000101010101011011011110111011011011111010101100000100
011110101111110010000011001101010110000010000101010101011011011110111011011011111010101100000100
000110101101011001100001011100011101000010000101010101011011011110111011011011111010101100000100
100110010010110110100101101000110011000010000101010101011011011110111011011011111010101100000100
010101010000011001100100110111111000000010000101010101011011011110111011011011111010101100000100
111011100111011110011011100101101110000010000101010101011011011110111011011011111010101100000100
000101111101110100101011101100100101000010000101010101011011011110111011011011111010101100000100
110100001101011111011001001000001001000010000101010101011011011110111011011011111010101100000100
001011100000010110100111100000111101000010000101010101011011011110111011011011111010101100000100
001001100110001000101111100000101000000010000101010101011011011110111011011011111010101100000100
000100111010110101101101110100000010000010000101010101011011011110111011011011111010101100000100
101101100100010101000101110111100000000010000101010101011011011110111011011011111010101100000100
010110011110011110000100100000000111000010000101010101011011011110111011011011111010101100000100
011110110000101011010101100010101111000010000101010101011011011110111011011011111010101100000100
011000100110000011000010000110110100000010000101010101011011011110111011011011111010101100000100
100010110101101110011100111001110001000010000101010101011011011110111011011011111010101100000100
001100011101011010110101001000101001000010000101010101011011011110111011011011111010101100000100
