101100100000011010011110000001000101000010000101010101011011011110111011011011111010101100000100
010001010001100000101011111010001101000010000101010101011011011110111011011011111010101100000100
111010110111110111110010110000110111000010000101010101011011011110111011011011111010101100000100
001101010100101101011000010001010100000010000101010101011011011110111011011011111010101100000100
010100010001011001001111010100100100000010000101010101011011011110111011011011111010101100000100
010111100011101111011001111111001111000010000101010101011011011110111011011011111010101100000100
000110011111011101011001001011111001000010000101010101011011011110111011011011111010101100000100
010101001010001010111110010010000111000010000101010101011011011110111011011011111010101100000100
111011000100101001001100101010101101000010000101010101011011011110111011011011111010101100000100
111101010010110011010001000011001011000010000101010101011011011110111011011011111010101100000100
011110001100011011001111000100100000000010000101010101011011011110111011011011111010101100000100
001101011010110100011001000010000011000010000101010101011011011110111011011011111010101100000100
001110001101110101101001001010111101000010000101010101011011011110111011011011111010101100000100
110010100010000000000100011100010001000010000101010101011011011110111011011011111010101100000100
010001000010000110011101101101101001000010000101010101011011011110111011011011111010101100000100
110001110010111010100111011101011000000010000101010101011011011110111011011011111010101100000100
001000101111111011001000110001111101000010000101010101011011011110111011011011111010101100000100
111101011011000111111000110100100011000010000101010101011011011110111011011011111010101100000100
100110110010110101011001100000110101000010000101010101011011011110111011011011111010101100000100
000001100000100110110100101110010010000010000101010101011011011110111011011011111010101100000100
100001010000110111011101010111010010000010000101010101011011011110111011011011111010101100000100
000110010000111000010101100000011100000010000101010101011011011110111011011011111010101100000100
111011100000000000001101101011001010000010000101010101011011011110111011011011111010101100000100
001111100111010100011101101001010010000010000101010101011011011110111011011011111010101100000100
100010011011111100010111111101100000000010000101010101011011011110111011011011111010101100000100
011000111011010001001111111110001010000010000101010101011011011110111011011011111010101100000100
010100100011111110001110111100101110000010000101010101011011011110111011011011111010101100000100
101111100000111101110111111000001000000010000101010101011011011110111011011011111010101100000100
111110101111101101100000010010011010000010000101010101011011011110111011011011111010101100000100
011100010011111100011110100000010011000010000101010101011011011110111011011011111010101100000100
010010100010111000000010100111010100000010000101010101011011011110111011011011111010101100000100
001100000011101010110010100000000010000010000101010101011011011110111011011011111010101100000100
100110011011100110111100000010000000000010000101010101011011011110111011011011111010101100000100
011100010000100100101010001101000000000010000101010101011011011110111011011011111010101100000100
011010111010101000101011010011001100000010000101010101011011011110111011011011111010101100000100
100101001010110000011011110011111111000010000101010101011011011110111011011011111010101100000100
000110100100110001101110001100100001000010000101010101011011011110111011011011111010101100000100
111110100010001000110110011000011010000010000101010101011011011110111011011011111010101100000100
111101101000010110001100000000001010000010000101010101011011011110111011011011111010101100000100
011111111001001111011101001111101100000010000101010101011011011110111011011011111010101100000100
110011100101010100111111010100100001000010000101010101011011011110111011011011111010101100000100
010110010111001110010011111110011010000010000101010101011011011110111011011011111010101100000100
001111101001101011110111101010000001000010000101010101011011011110111011011011111010101100000100
010100000111111010110100011000100111000010000101010101011011011110111011011011111010101100000100
110101001000001000110110110100001000000010000101010101011011011110111011011011111010101100000100
100011101111010110100000000010110100000010000101010101011011011110111011011011111010101100000100
110000101000011001111101010101001111000010000101010101011011011110111011011011111010101100000100
001110101010000010101001100100110000000010000101010101011011011110111011011011111010101100000100
111100101000001101010000011101011000000010000101010101011011011110111011011011111010101100000100
100110100101011110001010111101101001000010000101010101011011011110111011011011111010101100000100
100010000000011110100000000000010010000010000101010101011011011110111011011011111010101100000100
000111111111111111010000110101011011000010000101010101011011011110111011011011111010101100000100
111101111100101101000000111110000100000010000101010101011011011110111011011011111010101100000100
010011001101101100110111111011010111000010000101010101011011011110111011011011111010101100000100
111001000110000111110010000001001111000010000101010101011011011110111011011011111010101100000100
100001001010011001010100000101100010000010000101010101011011011110111011011011111010101100000100
111111001001111110011010001010110101000010000101010101011011011110111011011011111010101100000100
101111100100011011111111111000000001000010000101010101011011011110111011011011111010101100000100
101110010000000010111100000011110000000010000101010101011011011110111011011011111010101100000100
000101100000001100011000101010011101000010000101010101011011011110111011011011111010101100000100
011110000011101000110001101010110100000010000101010101011011011110111011011011111010101100000100
000111001110110100100011001101001101000010000101010101011011011110111011011011111010101100000100
000010110110111100000100111000111110000010000101010101011011011110111011011011111010101100000100
000101100000101011011000001100011010000010000101010101011011011110111011011011111010101100000100
101101010101010000010010100000011011000010000101010101011011011110111011011011111010101100000100
001111010010001000101111101010011111000010000101010101011011011110111011011011111010101100000100
110010000010110001110110111011110000000010000101010101011011011110111011011011111010101100000100
011010101110010011110110010011010100000010000101010101011011011110111011011011111010101100000100
101010010000100001010111010011001110000010000101010101011011011110111011011011111010101100000100
100101001100101011000000001100001101000010000101010101011011011110111011011011111010101100000100
101011011010100111001010110111010000000010000101010101011011011110111011011011111010101100000100
011111111000011010001010010111000001000010000101010101011011011110111011011011111010101100000100
011110000101000011001100100001011000000010000101010101011011011110111011011011111010101100000100
001010110111011011000011101011110000000010000101010101011011011110111011011011111010101100000100
100010100001011101001100110010000110000010000101010101011011011110111011011011111010101100000100
011010101000001111100110000101011100000010000101010101011011011110111011011011111010101100000100
011001111001111100000001011011100011000010000101010101011011011110111011011011111010101100000100
001001001011111101101100110000010101000010000101010101011011011110111011011011111010101100000100
010011000001100010100001010010011110000010000101010101011011011110111011011011111010101100000100
111010111101010011011000000101110010000010000101010101011011011110111011011011111010101100000100
110110111000100100100000001010011100000010000101010101011011011110111011011011111010101100000100
100001101101100111011011110011110010000010000101010101011011011110111011011011111010101100000100
001011111000111100100011101010000001000010000101010101011011011110111011011011111010101100000100
100010000010101001110000011010011000000010000101010101011011011110111011011011111010101100000100
111111001000111011001100110000110011000010000101010101011011011110111011011011111010101100000100
001111101101001000101101101011011001000010000101010101011011011110111011011011111010101100000100
100111100010010110110100110101011001000010000101010101011011011110111011011011111010101100000100
100011100100001010011111010100100000000010000101010101011011011110111011011011111010101100000100
100001100101111100011011111100100111000010000101010101011011011110111011011011111010101100000100
000011000011101010100001010001000111000010000101010101011011011110111011011011111010101100000100
000001000010100000111111100111100011000010000101010101011011011110111011011011111010101100000100
110001101110101111110001110100000010000010000101010101011011011110111011011011111010101100000100
101010110000001101111001001011000010000010000101010101011011011110111011011011111010101100000100
110100000110000010111110100100011110000010000101010101011011011110111011011011111010101100000100
100000011010100000001110101101101011000010000101010101011011011110111011011011111010101100000100
011001001111100100010100110000001001000010000101010101011011011110111011011011111010101100000100
100010111101110100000100010100110110000010000101010101011011011110111011011011111010101100000100
110001101000000001111100001111000011000010000101010101011011011110111011011011111010101100000100
110000011100111000101100100011101101000010000101010101011011011110111011011011111010101100000100
011101000010101100100000100000001011000010000101010101011011011110111011011011111010101100000100
110011000011101101101010100111011110000010000101010101011011011110111011011011111010101100000100
001110111000111011011100001111000001000010000101010101011011011110111011011011111010101100000100
100000011111111111100110001000101110000010000101010101011011011110111011011011111010101100000100
000111010100010001000101111011010101000010000101010101011011011110111011011011111010101100000100
010100100101000111110001001010011010000010000101010101011011011110111011011011111010101100000100
100010100101110100011110000001110001000010000101010101011011011110111011011011111010101100000100
001111110111011110100010000010100000000010000101010101011011011110111011011011111010101100000100
101001111000100010100010000000110111000010000101010101011011011110111011011011111010101100000100
100000001010011110000001111101011011000010000101010101011011011110111011011011111010101100000100
101001011010001010110011101011110110000010000101010101011011011110111011011011111010101100000100
100111110111110011011110100100100101000010000101010101011011011110111011011011111010101100000100
101111111101111101111110011101101111000010000101010101011011011110111011011011111010101100000100
001110011111100000011011011100101110000010000101010101011011011110111011011011111010101100000100
101100011011010011000110000010001110000010000101010101011011011110111011011011111010101100000100
110010110010011100001101110001011111000010000101010101011011011110111011011011111010101100000100
011011010000001011100001000100100111000010000101010101011011011110111011011011111010101100000100
011110011000010101011011000101001101000010000101010101011011011110111011011011111010101100000100
001111001100110001101110110011000110000010000101010101011011011110111011011011111010101100000100
001011010001101110101110010010011110000010000101010101011011011110111011011011111010101100000100
001101111001101101111101010010111101000010000101010101011011011110111011011011111010101100000100
101111000100100100100000101100100100000010000101010101011011011110111011011011111010101100000100
010000010101000111101100010100110111000010000101010101011011011110111011011011111010101100000100
011000111111101100100011110000111010000010000101010101011011011110111011011011111010101100000100
011101001000101111011101010000110100000010000101010101011011011110111011011011111010101100000100
100100011011010011011010000011111111000010000101010101011011011110111011011011111010101100000100
101011010010101100010011011110000000000010000101010101011011011110111011011011111010101100000100
001100001100001101011110101101000111000010000101010101011011011110111011011011111010101100000100
111110000010110101001010011111011000000010000101010101011011011110111011011011111010101100000100
001111000010100111101000110111000011000010000101010101011011011110111011011011111010101100000100
100010001101010011111011100100001111000010000101010101011011011110111011011011111010101100000100
011101000100101110100110001010000010000010000101010101011011011110111011011011111010101100000100
011111111011100101100101001100000111000010000101010101011011011110111011011011111010101100000100
001100010111001011001101111000001011000010000101010101011011011110111011011011111010101100000100
011100100101000001100010100011010111000010000101010101011011011110111011011011111010101100000100
010001011000001100000110000101010100000010000101010101011011011110111011011011111010101100000100
110111011110011101110001100101101010000010000101010101011011011110111011011011111010101100000100
100100111000110000100010000111100110000010000101010101011011011110111011011011111010101100000100
011110011111001110110110101100101010000010000101010101011011011110111011011011111010101100000100
000001001101111110001001000100111010000010000101010101011011011110111011011011111010101100000100
010100001001111111001111111100110011000010000101010101011011011110111011011011111010101100000100
001100001101000110000110000100100000000010000101010101011011011110111011011011111010101100000100
010011111100000101100101100001001001000010000101010101011011011110111011011011111010101100000100
111001001001110010010111000000010100000010000101010101011011011110111011011011111010101100000100
101111001111010101101000000110110101000010000101010101011011011110111011011011111010101100000100
001001001001111100111100101011110110000010000101010101011011011110111011011011111010101100000100
100010100100101010101011011101011000000010000101010101011011011110111011011011111010101100000100
111101000100100110101100111100000110000010000101010101011011011110111011011011111010101100000100
000111000111110101000011010011010101000010000101010101011011011110111011011011111010101100000100
101111000010000001000100010111110000000010000101010101011011011110111011011011111010101100000100
010110100101100110110100011010111100000010000101010101011011011110111011011011111010101100000100
001011010101011111101001001000001101000010000101010101011011011110111011011011111010101100000100
010111000000010101110110111100100111000010000101010101011011011110111011011011111010101100000100
011001110010010101110010111001101111000010000101010101011011011110111011011011111010101100000100
010001100111000000001101111111001110000010000101010101011011011110111011011011111010101100000100
111011100001011111100111011000110001000010000101010101011011011110111011011011111010101100000100
110000110100101011101111100010110011000010000101010101011011011110111011011011111010101100000100
111100011110110111110101110001000100000010000101010101011011011110111011011011111010101100000100
010010001110111011110111000011000111000010000101010101011011011110111011011011111010101100000100
100010011100111011011010000001001000000010000101010101011011011110111011011011111010101100000100
110010010101010110110111101111000001000010000101010101011011011110111011011011111010101100000100
111110111010011110101001000110110010000010000101010101011011011110111011011011111010101100000100
100101100001010101001001110001101101000010000101010101011011011110111011011011111010101100000100
010110100001011100010010010001111100000010000101010101011011011110111011011011111010101100000100
101010001111000100000100111001001010000010000101010101011011011110111011011011111010101100000100
101011010101011111011101011001100010000010000101010101011011011110111011011011111010101100000100
110110100111000011000010010100010101000010000101010101011011011110111011011011111010101100000100
100111110001000011111010001010011001000010000101010101011011011110111011011011111010101100000100
100100010000110101101001100101100011000010000101010101011011011110111011011011111010101100000100
111111011001101011010100100000011011000010000101010101011011011110111011011011111010101100000100
100001000001111110011010100000000001000010000101010101011011011110111011011011111010101100000100
010100100010110011001010000011111101000010000101010101011011011110111011011011111010101100000100
100010010010100010110110010001101000000010000101010101011011011110111011011011111010101100000100
111111000111001000100111010110001111000010000101010101011011011110111011011011111010101100000100
010110000100011101000110110100111011000010000101010101011011011110111011011011111010101100000100
100110100101001010100010100000010011000010000101010101011011011110111011011011111010101100000100
100100011010000110111110011110110001000010000101010101011011011110111011011011111010101100000100
101011110000010100110111111101000000000010000101010101011011011110111011011011111010101100000100
100100001101000001101011001101111101000010000101010101011011011110111011011011111010101100000100
110001111100000111111101000000010111000010000101010101011011011110111011011011111010101100000100
101000110001001101000001101111111000000010000101010101011011011110111011011011111010101100000100
000010001101111110110000011011001110000010000101010101011011011110111011011011111010101100000100
111110000000101010001100100110011101000010000101010101011011011110111011011011111010101100000100
111001001100101110001001110010000001000010000101010101011011011110111011011011111010101100000100
100101110100110110010011000111100000000010000101010101011011011110111011011011111010101100000100
101010101000010110000000101111101110000010000101010101011011011110111011011011111010101100000100
001011010101001000110000010111001010000010000101010101011011011110111011011011111010101100000100
001100101011001101000000000100000101000010000101010101011011011110111011011011111010101100000100
111100100111101010000111110110111111000010000101010101011011011110111011011011111010101100000100
100010111101110100011101101100001110000010000101010101011011011110111011011011111010101100000100
010010011100110010100001001000010000000010000101010101011011011110111011011011111010101100000100
110100001101110111000010000111001101000010000101010101011011011110111011011011111010101100000100
011111001101011000110011101001110001000010000101010101011011011110111011011011111010101100000100
111101001101100000000010110111011111000010000101010101011011011110111011011011111010101100000100
000011001111110000110011110010010011000010000101010101011011011110111011011011111010101100000100
100100110011111001010110111000000110000010000101010101011011011110111011011011111010101100000100
111110101001010101101101100100001011000010000101010101011011011110111011011011111010101100000100
100011101011010101101101100000110110000010000101010101011011011110111011011011111010101100000100
000001101110100100010000110011101011000010000101010101011011011110111011011011111010101100000100
101000101001000010001101010010100010000010000101010101011011011110111011011011111010101100000100
111111111110000110010101101100011010000010000101010101011011011110111011011011111010101100000100
000000010000011000100001100011010101000010000101010101011011011110111011011011111010101100000100
100010001001011100100000100001111100000010000101010101011011011110111011011011111010101100000100
101001011010001001100000110010001100000010000101010101011011011110111011011011111010101100000100
101011101001001000011110101010011001000010000101010101011011011110111011011011111010101100000100
001110010110000100010000101010010101000010000101010101011011011110111011011011111010101100000100
101110111001010100110101101111001110000010000101010101011011011110111011011011111010101100000100
101110011010010001010001110111001000000010000101010101011011011110111011011011111010101100000100
001011100011111101110011011110110110000010000101010101011011011110111011011011111010101100000100
000010000101111111001001100101000010000010000101010101011011011110111011011011111010101100000100
111000100111001010100100011100111101000010000101010101011011011110111011011011111010101100000100
111100000000101110010100000110100011000010000101010101011011011110111011011011111010101100000100
100100010100100011101000110010110011000010000101010101011011011110111011011011111010101100000100
001011011010011110100111111110101100000010000101010101011011011110111011011011111010101100000100
001010100100100001011001010100011100000010000101010101011011011110111011011011111010101100000100
000000111111011010001000010010001110000010000101010101011011011110111011011011111010101100000100
010110000110011110111110100100000110000010000101010101011011011110111011011011111010101100000100
110101001111000101111111100100000111000010000101010101011011011110111011011011111010101100000100
011110111000000100000101110100000000000010000101010101011011011110111011011011111010101100000100
011010011000101001000101010100100011000010000101010101011011011110111011011011111010101100000100
111110111001011011101111110000011000000010000101010101011011011110111011011011111010101100000100
101000001010001110001011100111111101000010000101010101011011011110111011011011111010101100000100
000010001001111101111101110011001101000010000101010101011011011110111011011011111010101100000100
100111000011001010000011100011110100000010000101010101011011011110111011011011111010101100000100
001011000001011011010101011001101010000010000101010101011011011110111011011011111010101100000100
101100001000110010100111001010010000000010000101010101011011011110111011011011111010101100000100
111001010100011100010100100011001110000010000101010101011011011110111011011011111010101100000100
111100000010100110111101010100111011000010000101010101011011011110111011011011111010101100000100
110010010011110111111100001011100000000010000101010101011011011110111011011011111010101100000100
000000000100110001000000110011101100000010000101010101011011011110111011011011111010101100000100
100111010111101111101000000001100001000010000101010101011011011110111011011011111010101100000100
110111010010100110101000100100011110000010000101010101011011011110111011011011111010101100000100
011011000001010100100011000010011100000010000101010101011011011110111011011011111010101100000100
001110110001100000000001001011001001000010000101010101011011011110111011011011111010101100000100
011110001101111011010011101101111010000010000101010101011011011110111011011011111010101100000100
101101110010010001000001110010101100000010000101010101011011011110111011011011111010101100000100
010100111011000010011100101111011011000010000101010101011011011110111011011011111010101100000100
010001010100011011101011101000001000000010000101010101011011011110111011011011111010101100000100
110001110101000010000101010100100101000010000101010101011011011110111011011011111010101100000100
111100010011110110001111101010000110000010000101010101011011011110111011011011111010101100000100
011100111101001000110000000101010010000010000101010101011011011110111011011011111010101100000100
001011001100010110000110110000111001000010000101010101011011011110111011011011111010101100000100
111100000111111111111101110011001001000010000101010101011011011110111011011011111010101100000100
101001111001011100010011110011010001000010000101010101011011011110111011011011111010101100000100
111110000011101110010001011000001010000010000101010101011011011110111011011011111010101100000100
100110001001001100000011001001100010000010000101010101011011011110111011011011111010101100000100
110100101111100011100000010000111110000010000101010101011011011110111011011011111010101100000100
100100101000011111010011011011100000000010000101010101011011011110111011011011111010101100000100
001100110110010001111011001011010001000010000101010101011011011110111011011011111010101100000100
100100000100010110111001011010001100000010000101010101011011011110111011011011111010101100000100
001110110110000010111100001011110000000010000101010101011011011110111011011011111010101100000100
101011000001111101011010001000110001000010000101010101011011011110111011011011111010101100000100
111000110100011110111111111110100100000010000101010101011011011110111011011011111010101100000100
000100010001111010001100011000011100000010000101010101011011011110111011011011111010101100000100
010011101110001111000101110001010000000010000101010101011011011110111011011011111010101100000100
001000111110110100110101010011001111000010000101010101011011011110111011011011111010101100000100
010111111111010000011001110111010010000010000101010101011011011110111011011011111010101100000100
010000101011110011100100111101011011000010000101010101011011011110111011011011111010101100000100
111100000111100110110001100001010100000010000101010101011011011110111011011011111010101100000100
100111111100100110100000001100010111000010000101010101011011011110111011011011111010101100000100
011111111001011111100000000110001000000010000101010101011011011110111011011011111010101100000100
011001111000100000111011111000000010000010000101010101011011011110111011011011111010101100000100
000110110101010111111101111001010011000010000101010101011011011110111011011011111010101100000100
011001010100001110110100101101111110000010000101010101011011011110111011011011111010101100000100
111110010010110000100110110110010111000010000101010101011011011110111011011011111010101100000100
010101100111001101010101100100110110000010000101010101011011011110111011011011111010101100000100
110000001011000111010001001101110010000010000101010101011011011110111011011011111010101100000100
000110010101001101100100101100010011000010000101010101011011011110111011011011111010101100000100
110010000001001111101110010110100101000010000101010101011011011110111011011011111010101100000100
000100000011100100000001001101011100000010000101010101011011011110111011011011111010101100000100
011000101101000110010111010000111001000010000101010101011011011110111011011011111010101100000100
001001100000111101100001000010000010000010000101010101011011011110111011011011111010101100000100
100010001110111011110001100000001011000010000101010101011011011110111011011011111010101100000100
100100001111111101110000100110100110000010000101010101011011011110111011011011111010101100000100
110111111010101100110000110110100111000010000101010101011011011110111011011011111010101100000100
101011001000100001011011011110001111000010000101010101011011011110111011011011111010101100000100
010010100011100011000110001001110111000010000101010101011011011110111011011011111010101100000100
110011000111111100101011100111101011000010000101010101011011011110111011011011111010101100000100
000001000101010111010011110110011001000010000101010101011011011110111011011011111010101100000100
100100011101110010010100110111110011000010000101010101011011011110111011011011111010101100000100
000111010000011110010000110111101110000010000101010101011011011110111011011011111010101100000100
011010111010011111111101100011011100000010000101010101011011011110111011011011111010101100000100
100110010010101111100001100011110000000010000101010101011011011110111011011011111010101100000100
010000001110001011100110011010001011000010000101010101011011011110111011011011111010101100000100
001100001011011110100001100000101010000010000101010101011011011110111011011011111010101100000100
110110101101010110101111000011001100000010000101010101011011011110111011011011111010101100000100
001010100001110001111010100001011001000010000101010101011011011110111011011011111010101100000100
110011110010101011011001111101011001000010000101010101011011011110111011011011111010101100000100
001110100100111010010110011001100110000010000101010101011011011110111011011011111010101100000100
001000110101100000101111111010100110000010000101010101011011011110111011011011111010101100000100
100001000001000001001001001110111111000010000101010101011011011110111011011011111010101100000100
100111010111111110011101001101100101000010000101010101011011011110111011011011111010101100000100
010111101000011110100011101000000011000010000101010101011011011110111011011011111010101100000100
010110100011001000101100010010101011000010000101010101011011011110111011011011111010101100000100
111001000011100011101110000111010110000010000101010101011011011110111011011011111010101100000100
011011101111110011001110110011011010000010000101010101011011011110111011011011111010101100000100
010011101001011110000001101100111111000010000101010101011011011110111011011011111010101100000100
100101110100001000010111001010111001000010000101010101011011011110111011011011111010101100000100
111100110110010010100100000001010001000010000101010101011011011110111011011011111010101100000100
000110111111111110010111111110000101000010000101010101011011011110111011011011111010101100000100
011110100010001010011110101010001010000010000101010101011011011110111011011011111010101100000100
001110000011101000010100101111011110000010000101010101011011011110111011011011111010101100000100
001001101111010011000011111111011000000010000101010101011011011110111011011011111010101100000100
101010101011100110000011111100111100000010000101010101011011011110111011011011111010101100000100
010100000010000100000111011000001010000010000101010101011011011110111011011011111010101100000100
010000001010110001010010011101111100000010000101010101011011011110111011011011111010101100000100
101101010011000001101100000010100010000010000101010101011011011110111011011011111010101100000100
100110101101011011110110111011011100000010000101010101011011011110111011011011111010101100000100
101010110101001101110110110101000111000010000101010101011011011110111011011011111010101100000100
101101101100010000011100100100001110000010000101010101011011011110111011011011111010101100000100
110010101110100101011010110000110101000010000101010101011011011110111011011011111010101100000100
101101000010101000111111101100110000000010000101010101011011011110111011011011111010101100000100
000100110110001010110101001111101110000010000101010101011011011110111011011011111010101100000100
010110000111111011111001111110000111000010000101010101011011011110111011011011111010101100000100
111111000000001100010101101011111010000010000101010101011011011110111011011011111010101100000100
010010000100111101011010001000000001000010000101010101011011011110111011011011111010101100000100
111110001101111101011001001011010011000010000101010101011011011110111011011011111010101100000100
011111010100010101011000001100010111000010000101010101011011011110111011011011111010101100000100
001110011101110110111000100011010000000010000101010101011011011110111011011011111010101100000100
000010110011101011111100001111111100000010000101010101011011011110111011011011111010101100000100
111011011001100011101110101010101101000010000101010101011011011110111011011011111010101100000100
100001010001110011001011101100110100000010000101010101011011011110111011011011111010101100000100
010011101011011100110100011111011111000010000101010101011011011110111011011011111010101100000100
000000000011001111000011110011110100000010000101010101011011011110111011011011111010101100000100
110101010011001010000110011110100011000010000101010101011011011110111011011011111010101100000100
111100011010110110010001010100010000000010000101010101011011011110111011011011111010101100000100
010100100000011010100000011111101111000010000101010101011011011110111011011011111010101100000100
111100111110111000111000111000001110000010000101010101011011011110111011011011111010101100000100
010001001100010110100111110001000111000010000101010101011011011110111011011011111010101100000100
011101110101010010010001010101010011000010000101010101011011011110111011011011111010101100000100
001101101000000000101100110100000000000010000101010101011011011110111011011011111010101100000100
010000101000010110101100011001001101000010000101010101011011011110111011011011111010101100000100
010010111101010110010000111101110101000010000101010101011011011110111011011011111010101100000100
001101010111001000111110101110110110000010000101010101011011011110111011011011111010101100000100
010101000110100000101111001101111110000010000101010101011011011110111011011011111010101100000100
111111000001010111000011100100010110000010000101010101011011011110111011011011111010101100000100
001010000110010101110101100110000111000010000101010101011011011110111011011011111010101100000100
010111011110100011000010101000010010000010000101010101011011011110111011011011111010101100000100
110011110110001111101001001010100000000010000101010101011011011110111011011011111010101100000100
110010011100110110101111111010000000000010000101010101011011011110111011011011111010101100000100
000010111000001110111010110001001010000010000101010101011011011110111011011011111010101100000100
001011000101101001011101110110001011000010000101010101011011011110111011011011111010101100000100
110011001101110110111111011000111010000010000101010101011011011110111011011011111010101100000100
110100111001001101010010000001010001000010000101010101011011011110111011011011111010101100000100
101010000110000110010101010001010001000010000101010101011011011110111011011011111010101100000100
100101100100001101011001001001110100000010000101010101011011011110111011011011111010101100000100
011101000011110011001100000101000111000010000101010101011011011110111011011011111010101100000100
101100000101001101011100110010011010000010000101010101011011011110111011011011111010101100000100
010110111011000011100010010110010100000010000101010101011011011110111011011011111010101100000100
101111011001110000011001111001011110000010000101010101011011011110111011011011111010101100000100
000010001110000010101011101001111010000010000101010101011011011110111011011011111010101100000100
000111010100110110001010100011100100000010000101010101011011011110111011011011111010101100000100
011110101110111111100110110001000101000010000101010101011011011110111011011011111010101100000100
111101010100000110010000100111011110000010000101010101011011011110111011011011111010101100000100
101100100001101101000111011000111000000010000101010101011011011110111011011011111010101100000100
111001000011010101110000110111111100000010000101010101011011011110111011011011111010101100000100
000101011100001100101111110111011011000010000101010101011011011110111011011011111010101100000100
111001011011000010111101010011111011000010000101010101011011011110111011011011111010101100000100
001011111010011100111001011110001110000010000101010101011011011110111011011011111010101100000100
001001111100111000010101001111101110000010000101010101011011011110111011011011111010101100000100
000101010010111100010111001100001000000010000101010101011011011110111011011011111010101100000100
100100111001011011011100100110000101000010000101010101011011011110111011011011111010101100000100
011110110101100110100110100001000000000010000101010101011011011110111011011011111010101100000100
011110111110100101011000011110100001000010000101010101011011011110111011011011111010101100000100
010000010111001101101101000011000000000010000101010101011011011110111011011011111010101100000100
100101000000111100001010110010111111000010000101010101011011011110111011011011111010101100000100
111000101100101110101111000011111001000010000101010101011011011110111011011011111010101100000100
001000110100001010101101010001000010000010000101010101011011011110111011011011111010101100000100
010111000001110110010011010011110100000010000101010101011011011110111011011011111010101100000100
000010010010100000001101000011101101000010000101010101011011011110111011011011111010101100000100
100011000001110100111100110101001111000010000101010101011011011110111011011011111010101100000100
101000001011000101001110000101100010000010000101010101011011011110111011011011111010101100000100
111010100111010110010000101011010001000010000101010101011011011110111011011011111010101100000100
101111111000001100100010010000011011000010000101010101011011011110111011011011111010101100000100
010001110100010100100001101001001101000010000101010101011011011110111011011011111010101100000100
001111111000110010001000001100010001000010000101010101011011011110111011011011111010101100000100
100101011111110100110111111110010000000010000101010101011011011110111011011011111010101100000100
111001011001101011010100000011010111000010000101010101011011011110111011011011111010101100000100
001111101011010101011000111000111101000010000101010101011011011110111011011011111010101100000100
010110000010010001010011100100110110000010000101010101011011011110111011011011111010101100000100
000111111000101001011110110100010010000010000101010101011011011110111011011011111010101100000100
101100111111100111110000110101001010000010000101010101011011011110111011011011111010101100000100
110000100110111001110010001100100101000010000101010101011011011110111011011011111010101100000100
010000000110111010111110010011101000000010000101010101011011011110111011011011111010101100000100
110010111100111100100100101101010010000010000101010101011011011110111011011011111010101100000100
100011010110010110100100011011101100000010000101010101011011011110111011011011111010101100000100
110100110000100110101111000001001111000010000101010101011011011110111011011011111010101100000100
011000100011110101100010000100101110000010000101010101011011011110111011011011111010101100000100
101100110100111100010100101011101010000010000101010101011011011110111011011011111010101100000100
110011110001100001110000100011001100000010000101010101011011011110111011011011111010101100000100
010001111011010101101010011010000111000010000101010101011011011110111011011011111010101100000100
010010100100100111111100001100101111000010000101010101011011011110111011011011111010101100000100
010011010010100110011011001011011111000010000101010101011011011110111011011011111010101100000100
101111101011110110011100010110100111000010000101010101011011011110111011011011111010101100000100
011010110110000011000011100101011010000010000101010101011011011110111011011011111010101100000100
111101001000010110100101110010110000000010000101010101011011011110111011011011111010101100000100
011100101010101110001000100111011000000010000101010101011011011110111011011011111010101100000100
101111001011111000000100100010111110000010000101010101011011011110111011011011111010101100000100
101111101000110000001101110111011010000010000101010101011011011110111011011011111010101100000100
000111010100000110101011100001110101000010000101010101011011011110111011011011111010101100000100
111111001111010001100101001011011100000010000101010101011011011110111011011011111010101100000100
100100011100011101101010101100001101000010000101010101011011011110111011011011111010101100000100
000011101010101000001010011001000111000010000101010101011011011110111011011011111010101100000100
100101000011010111001100000010011110000010000101010101011011011110111011011011111010101100000100
001010011011100100001010110000010001000010000101010101011011011110111011011011111010101100000100
101010001001011010110000101001000110000010000101010101011011011110111011011011111010101100000100
110001000110010001010011001001000101000010000101010101011011011110111011011011111010101100000100
001110001110011100011010111011100000000010000101010101011011011110111011011011111010101100000100
011001010011110000101001000111001111000010000101010101011011011110111011011011111010101100000100
100100011111011100010101000111000011000010000101010101011011011110111011011011111010101100000100
111010111110101111000000010010101110000010000101010101011011011110111011011011111010101100000100
001011111111000011010011101111110011000010000101010101011011011110111011011011111010101100000100
111010101100110101111100011010110011000010000101010101011011011110111011011011111010101100000100
110101110101111011000010100011111011000010000101010101011011011110111011011011111010101100000100
100011111001011001101001100101100100000010000101010101011011011110111011011011111010101100000100
111000111010100100001000100110010110000010000101010101011011011110111011011011111010101100000100
101001000110100000010101110110001100000010000101010101011011011110111011011011111010101100000100
101001110100011111010001110110000000000010000101010101011011011110111011011011111010101100000100
110100010011100000101110101101100101000010000101010101011011011110111011011011111010101100000100
111011111100100000111101110110111111000010000101010101011011011110111011011011111010101100000100
011000100000101100000010100001110101000010000101010101011011011110111011011011111010101100000100
010110010111111010100010011100111001000010000101010101011011011110111011011011111010101100000100
011101101010000101100111011111100100000010000101010101011011011110111011011011111010101100000100
111101110001000101100110001100001011000010000101010101011011011110111011011011111010101100000100
110111100111010100010111010111001101000010000101010101011011011110111011011011111010101100000100
100010011001011110010011110000111100000010000101010101011011011110111011011011111010101100000100
101011100010011001100010101010100000000010000101010101011011011110111011011011111010101100000100
100101101111110100100100001111000011000010000101010101011011011110111011011011111010101100000100
110011001011100010010111111100011010000010000101010101011011011110111011011011111010101100000100
011111100010001010111110111011101000000010000101010101011011011110111011011011111010101100000100
100011101011010110001101100010000000000010000101010101011011011110111011011011111010101100000100
101001010110010010100001111111011101000010000101010101011011011110111011011011111010101100000100
100100000101001100001110101010110111000010000101010101011011011110111011011011111010101100000100
101100000100000000111110111111101001000010000101010101011011011110111011011011111010101100000100
101100010000101100001110010000011111000010000101010101011011011110111011011011111010101100000100
001010101011000001100101110111110111000010000101010101011011011110111011011011111010101100000100
010000010100111011110110011010111101000010000101010101011011011110111011011011111010101100000100
110110100011101010110010100111011000000010000101010101011011011110111011011011111010101100000100
011000111111100011101101101000000111000010000101010101011011011110111011011011111010101100000100
100111101110000111101000111101100100000010000101010101011011011110111011011011111010101100000100
001011000110010010000101010100010101000010000101010101011011011110111011011011111010101100000100
101100111111011000011010101100101010000010000101010101011011011110111011011011111010101100000100
000110000011000111110111011001110101000010000101010101011011011110111011011011111010101100000100
011000111010100001100011111001010010000010000101010101011011011110111011011011111010101100000100
011110011010100000001101101011100011000010000101010101011011011110111011011011111010101100000100
100101110100110011011100011011011010000010000101010101011011011110111011011011111010101100000100
010011000101001100110010011111010110000010000101010101011011011110111011011011111010101100000100
100010111000010101101000010110000001000010000101010101011011011110111011011011111010101100000100
110100010101011010000000111001110111000010000101010101011011011110111011011011111010101100000100
010100101100001111100011001000101101000010000101010101011011011110111011011011111010101100000100
111101101101100010110010100111110100000010000101010101011011011110111011011011111010101100000100
000111011001111010011100001110001111000010000101010101011011011110111011011011111010101100000100
011110111011100010111101011111011010000010000101010101011011011110111011011011111010101100000100
111111000001111011001100111001110101000010000101010101011011011110111011011011111010101100000100
101011001111101111111111100001111001000010000101010101011011011110111011011011111010101100000100
010111110101010001000110001100001101000010000101010101011011011110111011011011111010101100000100
001101100100010001001110111011010100000010000101010101011011011110111011011011111010101100000100
111100101110001100001111010101111010000010000101010101011011011110111011011011111010101100000100
100100011001101010010010101110010001000010000101010101011011011110111011011011111010101100000100
001111011010111000011110111111011110000010000101010101011011011110111011011011111010101100000100
011001001100010010110101011011000010000010000101010101011011011110111011011011111010101100000100
010101000111001001101011011110110110000010000101010101011011011110111011011011111010101100000100
101111011110101110111101101001010110000010000101010101011011011110111011011011111010101100000100
101000110111100110110000100010111111000010000101010101011011011110111011011011111010101100000100
010010110001011110100111011000000001000010000101010101011011011110111011011011111010101100000100
100111111000111110000101111001100001000010000101010101011011011110111011011011111010101100000100
011111011101100111100011011100001011000010000101010101011011011110111011011011111010101100000100
000100111111100111010111011101101000000010000101010101011011011110111011011011111010101100000100
010101101110101000101011101111111000000010000101010101011011011110111011011011111010101100000100
100110101101001100100110001010101110000010000101010101011011011110111011011011111010101100000100
011110100111011100110001000010000101000010000101010101011011011110111011011011111010101100000100
101111011101000111110110101001001101000010000101010101011011011110111011011011111010101100000100
110001001101011010001010010010000110000010000101010101011011011110111011011011111010101100000100
111010010101110111011000110100010001000010000101010101011011011110111011011011111010101100000100
000101110011111000101110000001010100000010000101010101011011011110111011011011111010101100000100
100000101010111000010010010111001101000010000101010101011011011110111011011011111010101100000100
000100000110010111001011111110000001000010000101010101011011011110111011011011111010101100000100
110011110101001101100101001110110110000010000101010101011011011110111011011011111010101100000100
110000000001000101011010100001100001000010000101010101011011011110111011011011111010101100000100
110111011000100101100010000011101101000010000101010101011011011110111011011011111010101100000100
010100010110001110000011011000100111000010000101010101011011011110111011011011111010101100000100
000000000010011111100100111111101000000010000101010101011011011110111011011011111010101100000100
001110101001010001100001100101010100000010000101010101011011011110111011011011111010101100000100
110111110010001001101011101000111000000010000101010101011011011110111011011011111010101100000100
010001101000100101001001001110110100000010000101010101011011011110111011011011111010101100000100
000010011010001001000100111000101000000010000101010101011011011110111011011011111010101100000100
110101000000010010001010101111010011000010000101010101011011011110111011011011111010101100000100
110010011100111010110010000100001101000010000101010101011011011110111011011011111010101100000100
000010111001010101101100110101100111000010000101010101011011011110111011011011111010101100000100
110100001011001101001101101001110001000010000101010101011011011110111011011011111010101100000100
000000000010010011110001101110001101000010000101010101011011011110111011011011111010101100000100
110010000001001111010101011001000110000010000101010101011011011110111011011011111010101100000100
010100110011111011001100010001001110000010000101010101011011011110111011011011111010101100000100
111111001001110010100100100000001110000010000101010101011011011110111011011011111010101100000100
100000000010000101010100001010111001000010000101010101011011011110111011011011111010101100000100
100110111000100011010010000001011000000010000101010101011011011110111011011011111010101100000100
010101101110010001110111100010100011000010000101010101011011011110111011011011111010101100000100
100110001011100011011001101111011000000010000101010101011011011110111011011011111010101100000100
110100101100011001001110001011010110000010000101010101011011011110111011011011111010101100000100
010001110001010011011110011101001100000010000101010101011011011110111011011011111010101100000100
000011101101011010010100111111110001000010000101010101011011011110111011011011111010101100000100
000101101011100000101001000010101110000010000101010101011011011110111011011011111010101100000100
001101010100111010001010000001010101000010000101010101011011011110111011011011111010101100000100
111000100110000010111101011000101111000010000101010101011011011110111011011011111010101100000100
100101011110010111111100110001010001000010000101010101011011011110111011011011111010101100000100
100100111111100000010010110011010010000010000101010101011011011110111011011011111010101100000100
111100101101111010101100000110100011000010000101010101011011011110111011011011111010101100000100
010011000111100000011101000110110111000010000101010101011011011110111011011011111010101100000100
100011010110110010010111000011100010000010000101010101011011011110111011011011111010101100000100
010001101101111000000011101001010001000010000101010101011011011110111011011011111010101100000100
011001001000110110111000010101101001000010000101010101011011011110111011011011111010101100000100
001000110001110101010000000111111101000010000101010101011011011110111011011011111010101100000100
001101100100011001011001110101101010000010000101010101011011011110111011011011111010101100000100
011000000101001001101011001110001000000010000101010101011011011110111011011011111010101100000100
101001101010011100110001111010001100000010000101010101011011011110111011011011111010101100000100
111001001111011111011001011111111000000010000101010101011011011110111011011011111010101100000100
001011101101101101000100011000101011000010000101010101011011011110111011011011111010101100000100
010000001000100001000010001001111010000010000101010101011011011110111011011011111010101100000100
101001011110111011001011111111100110000010000101010101011011011110111011011011111010101100000100
010010110110011000001011001110100011000010000101010101011011011110111011011011111010101100000100
110110001111111011111111000010110110000010000101010101011011011110111011011011111010101100000100
000111101011110001000100011011100000000010000101010101011011011110111011011011111010101100000100
101000001000110001000100010000000010000010000101010101011011011110111011011011111010101100000100
010100000101011111110001000101111011000010000101010101011011011110111011011011111010101100000100
010101010011110011101111111101100110000010000101010101011011011110111011011011111010101100000100
100010011101111111001101000111110111000010000101010101011011011110111011011011111010101100000100
000101101011100110100101000100000100000010000101010101011011011110111011011011111010101100000100
100110110000110000000000001110101011000010000101010101011011011110111011011011111010101100000100
101101010000001001111011001001000111000010000101010101011011011110111011011011111010101100000100
110110101101010101111000100111110000000010000101010101011011011110111011011011111010101100000100
010000100100100010111100010100011000000010000101010101011011011110111011011011111010101100000100
100100101101111010100001000001010100000010000101010101011011011110111011011011111010101100000100
110010001010000001101001110001001010000010000101010101011011011110111011011011111010101100000100
001011011111000001001001100101000111000010000101010101011011011110111011011011111010101100000100
010001110110101010100101000100010001000010000101010101011011011110111011011011111010101100000100
001100111010011111010101100011000110000010000101010101011011011110111011011011111010101100000100
001010001111000001011000001110101111000010000101010101011011011110111011011011111010101100000100
100111000100110000101011110111101101000010000101010101011011011110111011011011111010101100000100
100000001000001100111000000011100100000010000101010101011011011110111011011011111010101100000100
010111000001100000000001111110110011000010000101010101011011011110111011011011111010101100000100
010110110000111111101011010111111111000010000101010101011011011110111011011011111010101100000100
111001001010010101000011011110011001000010000101010101011011011110111011011011111010101100000100
100010011110101001101010101111101111000010000101010101011011011110111011011011111010101100000100
100001001101100110111010101011110011000010000101010101011011011110111011011011111010101100000100
100100100110100101011010011100011000000010000101010101011011011110111011011011111010101100000100
100100110001000110111101101001100010000010000101010101011011011110111011011011111010101100000100
110110001011000011000111010101111100000010000101010101011011011110111011011011111010101100000100
110110000000101000100000000110111110000010000101010101011011011110111011011011111010101100000100
010110001001110100110000011110001011000010000101010101011011011110111011011011111010101100000100
101011111101001010101010000111010101000010000101010101011011011110111011011011111010101100000100
110110110010101100001001010010010001000010000101010101011011011110111011011011111010101100000100
111010101000011000101100011001000111000010000101010101011011011110111011011011111010101100000100
011000000001011001110000001001111001000010000101010101011011011110111011011011111010101100000100
010001000000101101011010010110011110000010000101010101011011011110111011011011111010101100000100
001011101010100110000111100110111001000010000101010101011011011110111011011011111010101100000100
001100001001111111010010100000011100000010000101010101011011011110111011011011111010101100000100
111100010001101100110010001101110000000010000101010101011011011110111011011011111010101100000100
001000100011101100010100010111111100000010000101010101011011011110111011011011111010101100000100
000000000001110000010101001101111111000010000101010101011011011110111011011011111010101100000100
000000100100101010011000101011111101000010000101010101011011011110111011011011111010101100000100
100011100000010110100000011000001010000010000101010101011011011110111011011011111010101100000100
010100011011110101100001101110001110000010000101010101011011011110111011011011111010101100000100
011010010001000101111011100101001111000010000101010101011011011110111011011011111010101100000100
000000100011111110110111010100011100000010000101010101011011011110111011011011111010101100000100
011000110011000001000100100101111100000010000101010101011011011110111011011011111010101100000100
011011100110000110111001011011100110000010000101010101011011011110111011011011111010101100000100
110011000111110011011010111101100110000010000101010101011011011110111011011011111010101100000100
111001011000011100110110011111100110000010000101010101011011011110111011011011111010101100000100
100010110011111011010111101010100100000010000101010101011011011110111011011011111010101100000100
111100001001101001010000100110111110000010000101010101011011011110111011011011111010101100000100
010110001011000010001011101001100001000010000101010101011011011110111011011011111010101100000100
001011011010100001011101000000010101000010000101010101011011011110111011011011111010101100000100
001010111100100110010000010010100110000010000101010101011011011110111011011011111010101100000100
011111111111010001100110010011010110000010000101010101011011011110111011011011111010101100000100
111111101100010110011010101111011010000010000101010101011011011110111011011011111010101100000100
011100011101101011111000011000000101000010000101010101011011011110111011011011111010101100000100
110000001000010001110110110011011000000010000101010101011011011110111011011011111010101100000100
110011000100101011011111010111100100000010000101010101011011011110111011011011111010101100000100
110010110101101011110011000100101010000010000101010101011011011110111011011011111010101100000100
000101100000010110000111101101110101000010000101010101011011011110111011011011111010101100000100
010110010101110110101011001011011101000010000101010101011011011110111011011011111010101100000100
111101010011110100010000000110111101000010000101010101011011011110111011011011111010101100000100
010001001000001010011100010100010111000010000101010101011011011110111011011011111010101100000100
101100000000010100111010100010100000000010000101010101011011011110111011011011111010101100000100
010100010000011011010000011000101100000010000101010101011011011110111011011011111010101100000100
000011000010101110011111011111001110000010000101010101011011011110111011011011111010101100000100
101100111110110001010101111110001000000010000101010101011011011110111011011011111010101100000100
010100111001101000111110101101100110000010000101010101011011011110111011011011111010101100000100
110010111011101110011111100110111001000010000101010101011011011110111011011011111010101100000100
001000111011010000001101101010110100000010000101010101011011011110111011011011111010101100000100
100001111010010010110101000010011000000010000101010101011011011110111011011011111010101100000100
010001011101101100001111111111001011000010000101010101011011011110111011011011111010101100000100
010001110001110100101010000011011111000010000101010101011011011110111011011011111010101100000100
011100110100010001001011011100111110000010000101010101011011011110111011011011111010101100000100
010101101010010001001011101001000011000010000101010101011011011110111011011011111010101100000100
010111011000110110100001110010101001000010000101010101011011011110111011011011111010101100000100
000100100100011100000000000000110011000010000101010101011011011110111011011011111010101100000100
101011110000110000111000010011100001000010000101010101011011011110111011011011111010101100000100
010001001100101110011010110011010011000010000101010101011011011110111011011011111010101100000100
011110110000111010010000001011011011000010000101010101011011011110111011011011111010101100000100
110011101110011000011101100011110001000010000101010101011011011110111011011011111010101100000100
010010100111111101111110110010000010000010000101010101011011011110111011011011111010101100000100
110111100001111100111100101011001111000010000101010101011011011110111011011011111010101100000100
111011111110010100010000110011010111000010000101010101011011011110111011011011111010101100000100
111010000100110101111001001010000000000010000101010101011011011110111011011011111010101100000100
010001111110100010111110101011101010000010000101010101011011011110111011011011111010101100000100
010011010100110100101101100000101010000010000101010101011011011110111011011011111010101100000100
000101100111001000011100100010011101000010000101010101011011011110111011011011111010101100000100
000101010011001110000011100101000111000010000101010101011011011110111011011011111010101100000100
001110100011000000000101110100111010000010000101010101011011011110111011011011111010101100000100
101011010010101100011101011001011100000010000101010101011011011110111011011011111010101100000100
100110000011000101110111100111110110000010000101010101011011011110111011011011111010101100000100
000001110011010000011010110000110000000010000101010101011011011110111011011011111010101100000100
100100110110011001111011110101100000000010000101010101011011011110111011011011111010101100000100
011110000010011110001110001000001110000010000101010101011011011110111011011011111010101100000100
010100111100010100011101111101111001000010000101010101011011011110111011011011111010101100000100
001000111001000110100000100110011111000010000101010101011011011110111011011011111010101100000100
001010111010101100000011010001101001000010000101010101011011011110111011011011111010101100000100
010110100111101010000001011001011000000010000101010101011011011110111011011011111010101100000100
101110110000011010101000001011011100000010000101010101011011011110111011011011111010101100000100
111011101011010011110111111001110011000010000101010101011011011110111011011011111010101100000100
010010111110111000000010100011110111000010000101010101011011011110111011011011111010101100000100
111111000110111000111110100001001101000010000101010101011011011110111011011011111010101100000100
000010101011010111011110110101000010000010000101010101011011011110111011011011111010101100000100
001100100011001110101101011010010100000010000101010101011011011110111011011011111010101100000100
110110011011001100101001001100010100000010000101010101011011011110111011011011111010101100000100
001100100110110001101100000100101110000010000101010101011011011110111011011011111010101100000100
100000000101110001111111111010100110000010000101010101011011011110111011011011111010101100000100
010101111011011110000111101110111110000010000101010101011011011110111011011011111010101100000100
010011111111001100101001100111000111000010000101010101011011011110111011011011111010101100000100
110110111110000001000110001100001001000010000101010101011011011110111011011011111010101100000100
110110000100111101111110000000001000000010000101010101011011011110111011011011111010101100000100
010110100001010011111011101000110111000010000101010101011011011110111011011011111010101100000100
011101010001110001011100100011111100000010000101010101011011011110111011011011111010101100000100
110010010001100001111110001000000110000010000101010101011011011110111011011011111010101100000100
010011111011101110010101001101000011000010000101010101011011011110111011011011111010101100000100
010100100000110000000100110110111010000010000101010101011011011110111011011011111010101100000100
000011010100101011010110101111110011000010000101010101011011011110111011011011111010101100000100
100111010000100001011101011010110001000010000101010101011011011110111011011011111010101100000100
111101000101010001100100111101001101000010000101010101011011011110111011011011111010101100000100
110010000010110110101000010000000010000010000101010101011011011110111011011011111010101100000100
010111111000111111100110001000100001000010000101010101011011011110111011011011111010101100000100
011100011111001101010011001110001010000010000101010101011011011110111011011011111010101100000100
110111011101101011010100011111100010000010000101010101011011011110111011011011111010101100000100
111001110011001110111110101100011101000010000101010101011011011110111011011011111010101100000100
011010011111101001110100101101010001000010000101010101011011011110111011011011111010101100000100
000001001000001010001100011111110111000010000101010101011011011110111011011011111010101100000100
001110000110110110101111100101100011000010000101010101011011011110111011011011111010101100000100
000101010010101000110000000001011000000010000101010101011011011110111011011011111010101100000100
111111111010010011010001110101100010000010000101010101011011011110111011011011111010101100000100
001011000010110101110110110111100110000010000101010101011011011110111011011011111010101100000100
011110110100010111110111110100011100000010000101010101011011011110111011011011111010101100000100
101111001111110101011101100111100010000010000101010101011011011110111011011011111010101100000100
111011000100001110111011010101001011000010000101010101011011011110111011011011111010101100000100
111010110101111110100111100111001110000010000101010101011011011110111011011011111010101100000100
010101000111100110100011111100001110000010000101010101011011011110111011011011111010101100000100
001111110100010100010101001110110111000010000101010101011011011110111011011011111010101100000100
100011001001011110111101010100001110000010000101010101011011011110111011011011111010101100000100
101111111100011110110000011011100011000010000101010101011011011110111011011011111010101100000100
110011010110001111001100011100110100000010000101010101011011011110111011011011111010101100000100
111100100011111110101110010010110111000010000101010101011011011110111011011011111010101100000100
011001011000110111101000101101001001000010000101010101011011011110111011011011111010101100000100
000010110001000100100100101000111000000010000101010101011011011110111011011011111010101100000100
011111001101000010010101001000001000000010000101010101011011011110111011011011111010101100000100
110100011010110011110010011011011100000010000101010101011011011110111011011011111010101100000100
100011001100000010100011110001101111000010000101010101011011011110111011011011111010101100000100
011010100111000101100100111101100010000010000101010101011011011110111011011011111010101100000100
110011111110010101101110010010001111000010000101010101011011011110111011011011111010101100000100
000010000101011110101111110101111110000010000101010101011011011110111011011011111010101100000100
000100101000101000101001011101110001000010000101010101011011011110111011011011111010101100000100
100111011110010011000100001010111101000010000101010101011011011110111011011011111010101100000100
101010100010011110000010110011100101000010000101010101011011011110111011011011111010101100000100
100001110101100011111101011111111011000010000101010101011011011110111011011011111010101100000100
110101100000010111110010010111100011000010000101010101011011011110111011011011111010101100000100
010111111110000110101000011110111000000010000101010101011011011110111011011011111010101100000100
101110111101010101000110100111010100000010000101010101011011011110111011011011111010101100000100
011011101010111100101100101010011000000010000101010101011011011110111011011011111010101100000100
010101000010001010111111101111010110000010000101010101011011011110111011011011111010101100000100
111011010111101001001100110100010100000010000101010101011011011110111011011011111010101100000100
111000000000110011001001111010100110000010000101010101011011011110111011011011111010101100000100
011011010010100001000100010011111000000010000101010101011011011110111011011011111010101100000100
111110101011101011000000101111111111000010000101010101011011011110111011011011111010101100000100
001010101110110001100110011111101111000010000101010101011011011110111011011011111010101100000100
001000111111000111001010001110010011000010000101010101011011011110111011011011111010101100000100
110011100110111110110101010000010110000010000101010101011011011110111011011011111010101100000100
010100000111001101001110010011001010000010000101010101011011011110111011011011111010101100000100
111111111100101110010010000000101111000010000101010101011011011110111011011011111010101100000100
000010010100010001011110110001001000000010000101010101011011011110111011011011111010101100000100
001110000001100101110101100000001101000010000101010101011011011110111011011011111010101100000100
010010000100000110100101000010111110000010000101010101011011011110111011011011111010101100000100
010110010110111010000110010101101011000010000101010101011011011110111011011011111010101100000100
110100000110111101010100101000010110000010000101010101011011011110111011011011111010101100000100
111010010100011110101111101111011111000010000101010101011011011110111011011011111010101100000100
001100111110001100011000110001110000000010000101010101011011011110111011011011111010101100000100
010010011110001011010111100010010110000010000101010101011011011110111011011011111010101100000100
010011101001000100111010001011011110000010000101010101011011011110111011011011111010101100000100
011110111111000111100110100101010110000010000101010101011011011110111011011011111010101100000100
001110110111101100011101101011011100000010000101010101011011011110111011011011111010101100000100
011010000101010011010100001011000001000010000101010101011011011110111011011011111010101100000100
110001001010101100001110101001011110000010000101010101011011011110111011011011111010101100000100
000101101110010111010010110110001001000010000101010101011011011110111011011011111010101100000100
000000110101101111010100101011110010000010000101010101011011011110111011011011111010101100000100
111111101011101111010011001010001111000010000101010101011011011110111011011011111010101100000100
011111010000110010011101000000001101000010000101010101011011011110111011011011111010101100000100
011000001001011100000101001110000010000010000101010101011011011110111011011011111010101100000100
100110000010001010011001011011110110000010000101010101011011011110111011011011111010101100000100
100100001110111010111100011101000111000010000101010101011011011110111011011011111010101100000100
011010111111100111001010100111111001000010000101010101011011011110111011011011111010101100000100
101100000000000110100111110111110111000010000101010101011011011110111011011011111010101100000100
010101101101101111100001101010000000000010000101010101011011011110111011011011111010101100000100
000100111101000011111111000101010011000010000101010101011011011110111011011011111010101100000100
100011111001111110011001111010100011000010000101010101011011011110111011011011111010101100000100
011110001000010111101001111111000010000010000101010101011011011110111011011011111010101100000100
011100101000110110110110001000001111000010000101010101011011011110111011011011111010101100000100
111100000000000100011101010010001011000010000101010101011011011110111011011011111010101100000100
110001011001001010011010010000111011000010000101010101011011011110111011011011111010101100000100
011101001101111011100111101100000001000010000101010101011011011110111011011011111010101100000100
100010010111110101001000101000101101000010000101010101011011011110111011011011111010101100000100
011011010100011010011110000110010101000010000101010101011011011110111011011011111010101100000100
110110000101011111011110011001011110000010000101010101011011011110111011011011111010101100000100
011101100010101001110010100100110011000010000101010101011011011110111011011011111010101100000100
001100010100110101101010101100011110000010000101010101011011011110111011011011111010101100000100
101000110110001010100011111110011100000010000101010101011011011110111011011011111010101100000100
001110110011010010101010011100000110000010000101010101011011011110111011011011111010101100000100
000110000110011110101110010011011010000010000101010101011011011110111011011011111010101100000100
010010010111110101010010011110110101000010000101010101011011011110111011011011111010101100000100
111000001001011011110110110111010010000010000101010101011011011110111011011011111010101100000100
010000101010110001011100111001111100000010000101010101011011011110111011011011111010101100000100
001011011001101101101001010010000001000010000101010101011011011110111011011011111010101100000100
011011101111010010101110010110111001000010000101010101011011011110111011011011111010101100000100
011101010100111001101101000010000001000010000101010101011011011110111011011011111010101100000100
101100101101000011011000000100101110000010000101010101011011011110111011011011111010101100000100
110001000010001011110010100000000110000010000101010101011011011110111011011011111010101100000100
110000100000001000011000100010011011000010000101010101011011011110111011011011111010101100000100
011010010011111100000001001101111010000010000101010101011011011110111011011011111010101100000100
111100111001111010011000011111111101000010000101010101011011011110111011011011111010101100000100
100000010001010011000111100011101101000010000101010101011011011110111011011011111010101100000100
011110011110110101001100110011000000000010000101010101011011011110111011011011111010101100000100
111001101010100011011101110001101110000010000101010101011011011110111011011011111010101100000100
111100110001111000010001000101111101000010000101010101011011011110111011011011111010101100000100
110010101101010011000111110010001110000010000101010101011011011110111011011011111010101100000100
010100111001100010000010001010110101000010000101010101011011011110111011011011111010101100000100
111000111100111111110001001001001010000010000101010101011011011110111011011011111010101100000100
111101110101011011001101111110010110000010000101010101011011011110111011011011111010101100000100
000000110001011111110100011110011011000010000101010101011011011110111011011011111010101100000100
010100100010110001001101010111000110000010000101010101011011011110111011011011111010101100000100
010100101001101111001110011001111001000010000101010101011011011110111011011011111010101100000100
000101001000100100011101001010100110000010000101010101011011011110111011011011111010101100000100
000111010111110011111001000010100011000010000101010101011011011110111011011011111010101100000100
111110110110010001010001110001010110000010000101010101011011011110111011011011111010101100000100
100010110000111001111111011001111101000010000101010101011011011110111011011011111010101100000100
111110010111000100000001010011110010000010000101010101011011011110111011011011111010101100000100
001001110010110000000110011000010111000010000101010101011011011110111011011011111010101100000100
000011101001001100010001110110110000000010000101010101011011011110111011011011111010101100000100
000011100011110000010000010010111100000010000101010101011011011110111011011011111010101100000100
001101010001110100101101111101100001000010000101010101011011011110111011011011111010101100000100
101110101011001110100000010111000101000010000101010101011011011110111011011011111010101100000100
100111011001010010001111101011001111000010000101010101011011011110111011011011111010101100000100
010001010001100110111010100111101010000010000101010101011011011110111011011011111010101100000100
010101011010010101111001010001100010000010000101010101011011011110111011011011111010101100000100
010000011010010000111001100011010110000010000101010101011011011110111011011011111010101100000100
001001001001110011001011110100111010000010000101010101011011011110111011011011111010101100000100
001000100111011001000011110011000010000010000101010101011011011110111011011011111010101100000100
101001010001111111001111000111001111000010000101010101011011011110111011011011111010101100000100
011110011000101011110101000101011001000010000101010101011011011110111011011011111010101100000100
010100011011111100110100100100101111000010000101010101011011011110111011011011111010101100000100
111000101011011011110000001110010010000010000101010101011011011110111011011011111010101100000100
100111000000010000000011111000011001000010000101010101011011011110111011011011111010101100000100
011001110101001000100111000111011111000010000101010101011011011110111011011011111010101100000100
111111100111110001110100110110010100000010000101010101011011011110111011011011111010101100000100
111111000101001001110010010010001110000010000101010101011011011110111011011011111010101100000100
000010100001100110111110011111111110000010000101010101011011011110111011011011111010101100000100
000011100001000000010100101001011000000010000101010101011011011110111011011011111010101100000100
110110000011100111001111011100101011000010000101010101011011011110111011011011111010101100000100
100011100110100101100111011110111101000010000101010101011011011110111011011011111010101100000100
101111100001010110100001101001000001000010000101010101011011011110111011011011111010101100000100
001000000100011110011000111011001111000010000101010101011011011110111011011011111010101100000100
110000110001101100100010000111011001000010000101010101011011011110111011011011111010101100000100
100011010111011101001010110010011010000010000101010101011011011110111011011011111010101100000100
101111000111001000100010101111100111000010000101010101011011011110111011011011111010101100000100
110001010101010011110000000101110001000010000101010101011011011110111011011011111010101100000100
101001110000011111010101011100101001000010000101010101011011011110111011011011111010101100000100
100111001101001111100100100110000001000010000101010101011011011110111011011011111010101100000100
011100101110001111110001101110110011000010000101010101011011011110111011011011111010101100000100
000000100101100001100010101101110100000010000101010101011011011110111011011011111010101100000100
101010101101011010100011010010101001000010000101010101011011011110111011011011111010101100000100
011001001100101100010100010010100101000010000101010101011011011110111011011011111010101100000100
010101001010000111000010100111001001000010000101010101011011011110111011011011111010101100000100
001001110010010001101010011111110010000010000101010101011011011110111011011011111010101100000100
101001101100100000011110001110011100000010000101010101011011011110111011011011111010101100000100
101011010111100011100100001000111101000010000101010101011011011110111011011011111010101100000100
100101000110100111001111000001011100000010000101010101011011011110111011011011111010101100000100
001101111000100110010001011110110010000010000101010101011011011110111011011011111010101100000100
011010001011010001101001100011010100000010000101010101011011011110111011011011111010101100000100
111110010011110001110010011001010100000010000101010101011011011110111011011011111010101100000100
110110011111000011001100011001110011000010000101010101011011011110111011011011111010101100000100
001110111101010101100100001000110011000010000101010101011011011110111011011011111010101100000100
111111110001011110000011100111111010000010000101010101011011011110111011011011111010101100000100
100000000000011011000100011001010110000010000101010101011011011110111011011011111010101100000100
010000111001000100000001100110110111000010000101010101011011011110111011011011111010101100000100
101100011100010011001001000101011111000010000101010101011011011110111011011011111010101100000100
011111011111010011100101001101000100000010000101010101011011011110111011011011111010101100000100
011011101111101011001111100101111001000010000101010101011011011110111011011011111010101100000100
000001110001101111111100100110110011000010000101010101011011011110111011011011111010101100000100
001100110001101000111000010100010010000010000101010101011011011110111011011011111010101100000100
011110001100101111001101011110001111000010000101010101011011011110111011011011111010101100000100
101101111111011011101101001000101001000010000101010101011011011110111011011011111010101100000100
000001111111111011001111111001000000000010000101010101011011011110111011011011111010101100000100
100010111011001010111011111000110101000010000101010101011011011110111011011011111010101100000100
110011000000101111100000010001000000000010000101010101011011011110111011011011111010101100000100
110011100110001101010000010001000011000010000101010101011011011110111011011011111010101100000100
000001001110111010101101010101110010000010000101010101011011011110111011011011111010101100000100
110111011100100011110110010010001011000010000101010101011011011110111011011011111010101100000100
110000100100011010100101001001101011000010000101010101011011011110111011011011111010101100000100
100110111110111110100011000100011101000010000101010101011011011110111011011011111010101100000100
100011001010111110111010011111111111000010000101010101011011011110111011011011111010101100000100
110000001011100101101110100001010001000010000101010101011011011110111011011011111010101100000100
111111000001011111000011001001100011000010000101010101011011011110111011011011111010101100000100
111100101000000101100111011100010100000010000101010101011011011110111011011011111010101100000100
010110011111000000111001110001010010000010000101010101011011011110111011011011111010101100000100
011110101010010111010001010010111100000010000101010101011011011110111011011011111010101100000100
010000110110011000101101000101010000000010000101010101011011011110111011011011111010101100000100
001000010101000011001101011100000110000010000101010101011011011110111011011011111010101100000100
111011110001010010100000101111111110000010000101010101011011011110111011011011111010101100000100
000100010100101000010001100100101001000010000101010101011011011110111011011011111010101100000100
001010111111010101001000000100001011000010000101010101011011011110111011011011111010101100000100
110000111100111000010110011000000100000010000101010101011011011110111011011011111010101100000100
100101001000000001010010110011101000000010000101010101011011011110111011011011111010101100000100
110100011101110011111010110111100110000010000101010101011011011110111011011011111010101100000100
010001101001010111010100101010101000000010000101010101011011011110111011011011111010101100000100
110111000111001111010101010100111110000010000101010101011011011110111011011011111010101100000100
000100001000001010011111001001110010000010000101010101011011011110111011011011111010101100000100
001100101110110101110010010101000111000010000101010101011011011110111011011011111010101100000100
101101101000110111100011110101010001000010000101010101011011011110111011011011111010101100000100
000011101010101000001010101111100010000010000101010101011011011110111011011011111010101100000100
001110001001101001001110000101110111000010000101010101011011011110111011011011111010101100000100
011100110100000110110000110000101100000010000101010101011011011110111011011011111010101100000100
111101110111011011011010100110011011000010000101010101011011011110111011011011111010101100000100
111110111000100111101011101011110010000010000101010101011011011110111011011011111010101100000100
011100111111111010001010101001010011000010000101010101011011011110111011011011111010101100000100
101100001111101110110000111001001011000010000101010101011011011110111011011011111010101100000100
001000011110100000010000001000000101000010000101010101011011011110111011011011111010101100000100
001011100001011100011010001101101101000010000101010101011011011110111011011011111010101100000100
001111111100011001111011010101001111000010000101010101011011011110111011011011111010101100000100
011101101011011011010111011100101111000010000101010101011011011110111011011011111010101100000100
101001000100110110100111111111011001000010000101010101011011011110111011011011111010101100000100
011110011111110100101010000101010010000010000101010101011011011110111011011011111010101100000100
010100101111010000010111111010110101000010000101010101011011011110111011011011111010101100000100
010011100111010110101111010100000010000010000101010101011011011110111011011011111010101100000100
110000100110001110110001000110010100000010000101010101011011011110111011011011111010101100000100
101100110000001000101100010001110011000010000101010101011011011110111011011011111010101100000100
110101011101101011101100111100101111000010000101010101011011011110111011011011111010101100000100
100000101000111111000001011100100110000010000101010101011011011110111011011011111010101100000100
001101011100001100010001101001101111000010000101010101011011011110111011011011111010101100000100
000001000001011000110000011111010001000010000101010101011011011110111011011011111010101100000100
011110101101011011010010011010010111000010000101010101011011011110111011011011111010101100000100
001010000111010100010110101111011110000010000101010101011011011110111011011011111010101100000100
110111100111010011101011110000101110000010000101010101011011011110111011011011111010101100000100
100011101011111011111000111110011111000010000101010101011011011110111011011011111010101100000100
011001001000111101110000100101100100000010000101010101011011011110111011011011111010101100000100
111100010101100011100100110110000110000010000101010101011011011110111011011011111010101100000100
000101101110100011010111001110111101000010000101010101011011011110111011011011111010101100000100
110110101001011010000001001001001010000010000101010101011011011110111011011011111010101100000100
111101000001111000001010000000101101000010000101010101011011011110111011011011111010101100000100
100111100000100000111011100110111111000010000101010101011011011110111011011011111010101100000100
000010011100000010111110010001100100000010000101010101011011011110111011011011111010101100000100
011000111000010000010011110000100010000010000101010101011011011110111011011011111010101100000100
000101100001101001111001011000100001000010000101010101011011011110111011011011111010101100000100
011011100111101111110000001111101101000010000101010101011011011110111011011011111010101100000100
010000110010111010110100111010000010000010000101010101011011011110111011011011111010101100000100
010000010011110111101001110100010101000010000101010101011011011110111011011011111010101100000100
111000101110010000111000111111101010000010000101010101011011011110111011011011111010101100000100
111001111010011111000011001000110101000010000101010101011011011110111011011011111010101100000100
111010000110101101001110101111100101000010000101010101011011011110111011011011111010101100000100
001100010000011011010000001001010101000010000101010101011011011110111011011011111010101100000100
100001110111111111101111001100011010000010000101010101011011011110111011011011111010101100000100
001111001011010100101001101010010001000010000101010101011011011110111011011011111010101100000100
011100111100111100001101110000101111000010000101010101011011011110111011011011111010101100000100
101001100001111011001110001001100011000010000101010101011011011110111011011011111010101100000100
101101110000001011011101000100011010000010000101010101011011011110111011011011111010101100000100
100011000111001101100000100010100101000010000101010101011011011110111011011011111010101100000100
111011100001101100010101101010110010000010000101010101011011011110111011011011111010101100000100
010001010110000110110000001101001101000010000101010101011011011110111011011011111010101100000100
001011011110100111110111110110010110000010000101010101011011011110111011011011111010101100000100
011110101001101110000100010000011011000010000101010101011011011110111011011011111010101100000100
111100100100111111111011101101101000000010000101010101011011011110111011011011111010101100000100
110011101100110010000001011110111100000010000101010101011011011110111011011011111010101100000100
010000101000111010010101110011010001000010000101010101011011011110111011011011111010101100000100
101000001010000111101100011101001100000010000101010101011011011110111011011011111010101100000100
000110100011110000000010110101001011000010000101010101011011011110111011011011111010101100000100
111110011111010101101001110000100010000010000101010101011011011110111011011011111010101100000100
000100001001011001010110000000100100000010000101010101011011011110111011011011111010101100000100
011011101111100101100101101100111000000010000101010101011011011110111011011011111010101100000100
000011010101110011100010110011100100000010000101010101011011011110111011011011111010101100000100
100010111110100000101000011111001010000010000101010101011011011110111011011011111010101100000100
011010100010010000100101010001000100000010000101010101011011011110111011011011111010101100000100
010100100100001000101011011010101010000010000101010101011011011110111011011011111010101100000100
000010001000111001110000011101111010000010000101010101011011011110111011011011111010101100000100
001100100110010110001111111001000101000010000101010101011011011110111011011011111010101100000100
111110111011111100010101111110100010000010000101010101011011011110111011011011111010101100000100
010000001010110010111011101001100011000010000101010101011011011110111011011011111010101100000100
