111101101000111111111010111000111011000010000101010101011011011110111011011011111010101100000100
110000100011101001101001010000110110000010000101010101011011011110111011011011111010101100000100
100110000100111010000010101000110101000010000101010101011011011110111011011011111010101100000100
011100100010101100100110010011101000000010000101010101011011011110111011011011111010101100000100
110100101111100111010101000011001110000010000101010101011011011110111011011011111010101100000100
001000100111010001000011110011001111000010000101010101011011011110111011011011111010101100000100
001010000111110110111100001011001100000010000101010101011011011110111011011011111010101100000100
100100010110101001000110111100001100000010000101010101011011011110111011011011111010101100000100
000101010000010000100111111010001010000010000101010101011011011110111011011011111010101100000100
100011110011001100010100011010011100000010000101010101011011011110111011011011111010101100000100
110000100111010010110000100011011101000010000101010101011011011110111011011011111010101100000100
000011101010010100010010001100010011000010000101010101011011011110111011011011111010101100000100
101100101000000110001111100110001000000010000101010101011011011110111011011011111010101100000100
001101010101110010101011011111111100000010000101010101011011011110111011011011111010101100000100
011100000001000101111011001000110101000010000101010101011011011110111011011011111010101100000100
011001110110101101111110110000101110000010000101010101011011011110111011011011111010101100000100
011110100101010011100101110011101110000010000101010101011011011110111011011011111010101100000100
010001010111001011000010100101000110000010000101010101011011011110111011011011111010101100000100
110110100000110110000010101000110011000010000101010101011011011110111011011011111010101100000100
000001011110001111001000111100011010000010000101010101011011011110111011011011111010101100000100
100011110100101110010111101110010101000010000101010101011011011110111011011011111010101100000100
001111110100010001100111001100001110000010000101010101011011011110111011011011111010101100000100
111100011111001011110110010001000000000010000101010101011011011110111011011011111010101100000100
010100110101110010000010001110000101000010000101010101011011011110111011011011111010101100000100
001101010010001011010110010001011100000010000101010101011011011110111011011011111010101100000100
001101110000010011001101000101010111000010000101010101011011011110111011011011111010101100000100
010001101000110110010101110001110001000010000101010101011011011110111011011011111010101100000100
110010001110001011011100000110111101000010000101010101011011011110111011011011111010101100000100
010011110110000110001100010011011001000010000101010101011011011110111011011011111010101100000100
000100110011001010001001000000101010000010000101010101011011011110111011011011111010101100000100
100001101011111110100000001000110000000010000101010101011011011110111011011011111010101100000100
100111101001111100001000001010010100000010000101010101011011011110111011011011111010101100000100
110101000001110110100101010100000000000010000101010101011011011110111011011011111010101100000100
000101100111000100001110101101011111000010000101010101011011011110111011011011111010101100000100
001101000011011101111000100111110110000010000101010101011011011110111011011011111010101100000100
101011111100001101011000000111111011000010000101010101011011011110111011011011111010101100000100
000111110100011110010100010100011110000010000101010101011011011110111011011011111010101100000100
001101111011010110000101101101011011000010000101010101011011011110111011011011111010101100000100
111111001101011110000100001100111100000010000101010101011011011110111011011011111010101100000100
100111011100100011001111101011011100000010000101010101011011011110111011011011111010101100000100
101010100011010110000111010010111000000010000101010101011011011110111011011011111010101100000100
000111101000110011010011100101101101000010000101010101011011011110111011011011111010101100000100
010010001100011110101111100000001111000010000101010101011011011110111011011011111010101100000100
110001110100010000100101000101110110000010000101010101011011011110111011011011111010101100000100
000110010111101001100000111011010010000010000101010101011011011110111011011011111010101100000100
010010101110110111010010011110000011000010000101010101011011011110111011011011111010101100000100
001101000101100011010111001110000100000010000101010101011011011110111011011011111010101100000100
111000001010000001111100001101110000000010000101010101011011011110111011011011111010101100000100
010000011110101000001011010010100101000010000101010101011011011110111011011011111010101100000100
110000001001001001001011001001000110000010000101010101011011011110111011011011111010101100000100
111001100001111111001101111111001011000010000101010101011011011110111011011011111010101100000100
011001111100010010111011011101000110000010000101010101011011011110111011011011111010101100000100
101010100010011001001010101001000111000010000101010101011011011110111011011011111010101100000100
110111001000111110001101101001011100000010000101010101011011011110111011011011111010101100000100
111011000110010010111110010110111010000010000101010101011011011110111011011011111010101100000100
111011101000001110101100010000110001000010000101010101011011011110111011011011111010101100000100
001000110101110110100011111000011000000010000101010101011011011110111011011011111010101100000100
100111111000000000011011110001001000000010000101010101011011011110111011011011111010101100000100
000101110101111111001011110100011010000010000101010101011011011110111011011011111010101100000100
001101100110100000111101011000010000000010000101010101011011011110111011011011111010101100000100
011110110110000101101101110101100110000010000101010101011011011110111011011011111010101100000100
001011101101001101110011001001110111000010000101010101011011011110111011011011111010101100000100
100101111101001111111101011100000001000010000101010101011011011110111011011011111010101100000100
011000110010010000110010100100000110000010000101010101011011011110111011011011111010101100000100
100001011111010101001110010111001010000010000101010101011011011110111011011011111010101100000100
111110101101111011001010100000110010000010000101010101011011011110111011011011111010101100000100
101101110101011101110110011011100100000010000101010101011011011110111011011011111010101100000100
001000000111000110111011100000100111000010000101010101011011011110111011011011111010101100000100
001010100000011110110001001001000100000010000101010101011011011110111011011011111010101100000100
011010101110011010010001111110011011000010000101010101011011011110111011011011111010101100000100
101001000001000100101111110011110110000010000101010101011011011110111011011011111010101100000100
011110011000110100001110100001001101000010000101010101011011011110111011011011111010101100000100
110010001111001001100001010000110110000010000101010101011011011110111011011011111010101100000100
100100001000101100110011110010011000000010000101010101011011011110111011011011111010101100000100
011010101110111011011100011111100010000010000101010101011011011110111011011011111010101100000100
100101011001101110101001000110010010000010000101010101011011011110111011011011111010101100000100
101011110100110110110011111101100101000010000101010101011011011110111011011011111010101100000100
111000001001011000111011111110100001000010000101010101011011011110111011011011111010101100000100
101111101100000011011100001100001101000010000101010101011011011110111011011011111010101100000100
111011111101010111100100011001110011000010000101010101011011011110111011011011111010101100000100
001111100011011011010010011000101110000010000101010101011011011110111011011011111010101100000100
101001010111000010111100001100111001000010000101010101011011011110111011011011111010101100000100
001101010101010111101001110110001101000010000101010101011011011110111011011011111010101100000100
110011100010101001001110001101100011000010000101010101011011011110111011011011111010101100000100
100111010000111000101001110110011101000010000101010101011011011110111011011011111010101100000100
000101101010111100000011010001101011000010000101010101011011011110111011011011111010101100000100
001111101101110000101000011000001101000010000101010101011011011110111011011011111010101100000100
100000001000010011010001011101000101000010000101010101011011011110111011011011111010101100000100
100111100000001000011110111010100101000010000101010101011011011110111011011011111010101100000100
000101000000001011010001111000010111000010000101010101011011011110111011011011111010101100000100
101101100100011111010101111010001011000010000101010101011011011110111011011011111010101100000100
000101110011001011000010110001101010000010000101010101011011011110111011011011111010101100000100
101010011100001111100100111100011111000010000101010101011011011110111011011011111010101100000100
010100001110010100011011101110000000000010000101010101011011011110111011011011111010101100000100
001101110000100010111000101000000101000010000101010101011011011110111011011011111010101100000100
010101010011101001110010001010000111000010000101010101011011011110111011011011111010101100000100
101101100011011111011001001001001100000010000101010101011011011110111011011011111010101100000100
011011101000001010111000011100001110000010000101010101011011011110111011011011111010101100000100
110011001101111000100011000100101101000010000101010101011011011110111011011011111010101100000100
001110111000100010101011011100101011000010000101010101011011011110111011011011111010101100000100
000101110000000100100111111001101110000010000101010101011011011110111011011011111010101100000100
001010000010100110111010111010001101000010000101010101011011011110111011011011111010101100000100
011001011010010111001101101000110001000010000101010101011011011110111011011011111010101100000100
011000010001000001011111101000011101000010000101010101011011011110111011011011111010101100000100
111000111001101001001110001001000100000010000101010101011011011110111011011011111010101100000100
101110011100011011111000100111011100000010000101010101011011011110111011011011111010101100000100
011101110011001011100101110011111101000010000101010101011011011110111011011011111010101100000100
111100001000011101111101111110001101000010000101010101011011011110111011011011111010101100000100
110100101111110011101010000011111101000010000101010101011011011110111011011011111010101100000100
110010111101111100101100101110001100000010000101010101011011011110111011011011111010101100000100
011100111011011100101100111001111001000010000101010101011011011110111011011011111010101100000100
101001000001010000000011000111010111000010000101010101011011011110111011011011111010101100000100
010110001110111001100011111001001010000010000101010101011011011110111011011011111010101100000100
001100001101110100000001000010110000000010000101010101011011011110111011011011111010101100000100
000001011000110110011100111011111110000010000101010101011011011110111011011011111010101100000100
000110010000100010111001100110110110000010000101010101011011011110111011011011111010101100000100
101111111111001001111100011011010001000010000101010101011011011110111011011011111010101100000100
110111001001110100111001001110011011000010000101010101011011011110111011011011111010101100000100
010001011001000101011000000011011110000010000101010101011011011110111011011011111010101100000100
100111100000011000000101010101001010000010000101010101011011011110111011011011111010101100000100
101001110001011111001011000000010111000010000101010101011011011110111011011011111010101100000100
001111111001001100011010110111001001000010000101010101011011011110111011011011111010101100000100
110111010001110001001011111101110110000010000101010101011011011110111011011011111010101100000100
110011101101111110110000000000010101000010000101010101011011011110111011011011111010101100000100
001111110101001100011010100101100111000010000101010101011011011110111011011011111010101100000100
000001101010110011010101000001111101000010000101010101011011011110111011011011111010101100000100
101110001111101111100100010110001001000010000101010101011011011110111011011011111010101100000100
000010100010010001100110010000100111000010000101010101011011011110111011011011111010101100000100
010110110010101101110110111001011010000010000101010101011011011110111011011011111010101100000100
000010000111001011110001001100010010000010000101010101011011011110111011011011111010101100000100
101011100111101001101000100011000101000010000101010101011011011110111011011011111010101100000100
101000111110011101010111111000001101000010000101010101011011011110111011011011111010101100000100
001010001110001010111001101010110111000010000101010101011011011110111011011011111010101100000100
101111000111101010111111001000010000000010000101010101011011011110111011011011111010101100000100
101011100100001100011011110001001011000010000101010101011011011110111011011011111010101100000100
010101000100110110101101110101111011000010000101010101011011011110111011011011111010101100000100
000000101001100101011101111010000010000010000101010101011011011110111011011011111010101100000100
110101001001001001001110110010101001000010000101010101011011011110111011011011111010101100000100
000101001100001000001100100010110010000010000101010101011011011110111011011011111010101100000100
001100111000010101110111101101100111000010000101010101011011011110111011011011111010101100000100
001100111011110110101001101100110001000010000101010101011011011110111011011011111010101100000100
000101001010111101111010001111100111000010000101010101011011011110111011011011111010101100000100
001110110110010001000000111000011010000010000101010101011011011110111011011011111010101100000100
101001000011111011100110111000110101000010000101010101011011011110111011011011111010101100000100
011111111000011000000110110010101101000010000101010101011011011110111011011011111010101100000100
100010010001100001010111110101001011000010000101010101011011011110111011011011111010101100000100
110010001101000101000110101001001101000010000101010101011011011110111011011011111010101100000100
000100100110100111011000000010001000000010000101010101011011011110111011011011111010101100000100
100010110001110111101111001001100010000010000101010101011011011110111011011011111010101100000100
001001000110010100000010001001100111000010000101010101011011011110111011011011111010101100000100
001001111110110101010101111100100010000010000101010101011011011110111011011011111010101100000100
010100000111101001001111101100101011000010000101010101011011011110111011011011111010101100000100
010111110100101110110111000001110100000010000101010101011011011110111011011011111010101100000100
101110110010000100110000001011111001000010000101010101011011011110111011011011111010101100000100
001010010100111111110100011110110011000010000101010101011011011110111011011011111010101100000100
110111001110110111110100001000011111000010000101010101011011011110111011011011111010101100000100
000001011110001100101010000000101100000010000101010101011011011110111011011011111010101100000100
011110010000111010001010001011100101000010000101010101011011011110111011011011111010101100000100
111000101101111011101001111101110111000010000101010101011011011110111011011011111010101100000100
111000010100000010101111010111110101000010000101010101011011011110111011011011111010101100000100
010110100001110000111100010101001001000010000101010101011011011110111011011011111010101100000100
001101101111110010110110000011010100000010000101010101011011011110111011011011111010101100000100
010010011001011100111001101101100100000010000101010101011011011110111011011011111010101100000100
011110101110000000111000010001000101000010000101010101011011011110111011011011111010101100000100
101010010000101010010110011110001010000010000101010101011011011110111011011011111010101100000100
011111101101110001010110110000011101000010000101010101011011011110111011011011111010101100000100
000111010101101011111010011100110010000010000101010101011011011110111011011011111010101100000100
010111010001010111110001000000000010000010000101010101011011011110111011011011111010101100000100
110000101000101110001111000100001000000010000101010101011011011110111011011011111010101100000100
111000110101000110011000001111000000000010000101010101011011011110111011011011111010101100000100
011011001101000011110101000110011111000010000101010101011011011110111011011011111010101100000100
100111000010111101100010110100101110000010000101010101011011011110111011011011111010101100000100
001100011000011100011011000100011010000010000101010101011011011110111011011011111010101100000100
001010111101000111010111000111010010000010000101010101011011011110111011011011111010101100000100
011111101111101001001010101111111110000010000101010101011011011110111011011011111010101100000100
011101000011010111000110000000101001000010000101010101011011011110111011011011111010101100000100
000111011011011111111100111101111001000010000101010101011011011110111011011011111010101100000100
001000100101100111000000001110101110000010000101010101011011011110111011011011111010101100000100
110110111101000100110110000111000111000010000101010101011011011110111011011011111010101100000100
000110110010101000101100001000100101000010000101010101011011011110111011011011111010101100000100
101010011100011111001011010001011010000010000101010101011011011110111011011011111010101100000100
000001110000100100110000000110110101000010000101010101011011011110111011011011111010101100000100
010111100001101011011001111010111010000010000101010101011011011110111011011011111010101100000100
101001011111001101101110010110011111000010000101010101011011011110111011011011111010101100000100
000101000100011111000100100100011000000010000101010101011011011110111011011011111010101100000100
100101001010101011100100110001001010000010000101010101011011011110111011011011111010101100000100
000010010000110110100011100100000000000010000101010101011011011110111011011011111010101100000100
001001000011010010000111010001110111000010000101010101011011011110111011011011111010101100000100
100110111100011001111000101001111110000010000101010101011011011110111011011011111010101100000100
010111101110011100101001111111011100000010000101010101011011011110111011011011111010101100000100
100010110001110100100001010000001010000010000101010101011011011110111011011011111010101100000100
010101001010001010100100011000001011000010000101010101011011011110111011011011111010101100000100
100011111100111110100010100011111001000010000101010101011011011110111011011011111010101100000100
010100010100111000011000111010000100000010000101010101011011011110111011011011111010101100000100
111110010010110000011000101101010111000010000101010101011011011110111011011011111010101100000100
111001100000011111110100101111100111000010000101010101011011011110111011011011111010101100000100
100111000001000001000111000100101101000010000101010101011011011110111011011011111010101100000100
100011011011001101001101111001110111000010000101010101011011011110111011011011111010101100000100
111110101001010100100110100001010001000010000101010101011011011110111011011011111010101100000100
111011101001011101110110100100111011000010000101010101011011011110111011011011111010101100000100
000100000101110001110000011010101101000010000101010101011011011110111011011011111010101100000100
001000101010101110000011111001101001000010000101010101011011011110111011011011111010101100000100
100010111111001110010111101010110110000010000101010101011011011110111011011011111010101100000100
011100101011110111101110111111110100000010000101010101011011011110111011011011111010101100000100
001010000010010101010101011100111110000010000101010101011011011110111011011011111010101100000100
011110001010111000111001010100100000000010000101010101011011011110111011011011111010101100000100
110000011101000111001101010111101000000010000101010101011011011110111011011011111010101100000100
000000001000111110111001000010010101000010000101010101011011011110111011011011111010101100000100
010000111010011011011000111010100001000010000101010101011011011110111011011011111010101100000100
001011100100100010101010011000100100000010000101010101011011011110111011011011111010101100000100
111111001011100101101000001011000110000010000101010101011011011110111011011011111010101100000100
011100000110010100110010011100111010000010000101010101011011011110111011011011111010101100000100
100011001111110011011100110101001100000010000101010101011011011110111011011011111010101100000100
011110100100110000101001000110001101000010000101010101011011011110111011011011111010101100000100
101001101101000000111011011011000111000010000101010101011011011110111011011011111010101100000100
001111000010000000001000000001000101000010000101010101011011011110111011011011111010101100000100
100101100111000000001000001101100010000010000101010101011011011110111011011011111010101100000100
110110111001111010110101101110110001000010000101010101011011011110111011011011111010101100000100
011000100111101101000111000111101001000010000101010101011011011110111011011011111010101100000100
001010100011110111011011110110000001000010000101010101011011011110111011011011111010101100000100
010110010111100011001110011010001110000010000101010101011011011110111011011011111010101100000100
100110101001101101001010111001110010000010000101010101011011011110111011011011111010101100000100
110011110101111000010001001011000110000010000101010101011011011110111011011011111010101100000100
011010101101010111110011101111010111000010000101010101011011011110111011011011111010101100000100
001110010001111011111111101111010100000010000101010101011011011110111011011011111010101100000100
011101111001101111000101001011011011000010000101010101011011011110111011011011111010101100000100
000001010010000010110011010100010110000010000101010101011011011110111011011011111010101100000100
001100100001000001000010000101110111000010000101010101011011011110111011011011111010101100000100
001011000000001101100100011001111001000010000101010101011011011110111011011011111010101100000100
110001001001000000000001100001000101000010000101010101011011011110111011011011111010101100000100
111100100101100111000100100100011010000010000101010101011011011110111011011011111010101100000100
100111010010100011101110001110100110000010000101010101011011011110111011011011111010101100000100
011011101011011111110011111111100110000010000101010101011011011110111011011011111010101100000100
110001010110100010011111000101111011000010000101010101011011011110111011011011111010101100000100
010101111011100101000010000111100001000010000101010101011011011110111011011011111010101100000100
110111110100000001011100010111001100000010000101010101011011011110111011011011111010101100000100
010101010001101010001001111110001000000010000101010101011011011110111011011011111010101100000100
101101110110101101000001011010010000000010000101010101011011011110111011011011111010101100000100
010111100001011111010110110100011001000010000101010101011011011110111011011011111010101100000100
101001000111010100101000011011111000000010000101010101011011011110111011011011111010101100000100
000001001000101011101101100100110111000010000101010101011011011110111011011011111010101100000100
010011111001110111001110100101000101000010000101010101011011011110111011011011111010101100000100
101100101110000001111001001100011100000010000101010101011011011110111011011011111010101100000100
001111111101101000110110011010000011000010000101010101011011011110111011011011111010101100000100
000000000100110011011011101101011110000010000101010101011011011110111011011011111010101100000100
110101110100100101100000111101101110000010000101010101011011011110111011011011111010101100000100
110110011101001001001101110001101000000010000101010101011011011110111011011011111010101100000100
101010001111101010111010110000011011000010000101010101011011011110111011011011111010101100000100
000010111010101100011000100111100011000010000101010101011011011110111011011011111010101100000100
001001110111110010111000000101111010000010000101010101011011011110111011011011111010101100000100
111111100010101100000100110000001111000010000101010101011011011110111011011011111010101100000100
101110111110100110101111100010100010000010000101010101011011011110111011011011111010101100000100
000011000001110001100010110101011001000010000101010101011011011110111011011011111010101100000100
100001111000010110000111111111011001000010000101010101011011011110111011011011111010101100000100
001111100011011001001111000110110100000010000101010101011011011110111011011011111010101100000100
010101111110100010101111111110110001000010000101010101011011011110111011011011111010101100000100
000101110101111000110100011000111100000010000101010101011011011110111011011011111010101100000100
000010001000110101110101100010100100000010000101010101011011011110111011011011111010101100000100
001110110101110001010110101001111100000010000101010101011011011110111011011011111010101100000100
110011110000010111101111111101000110000010000101010101011011011110111011011011111010101100000100
011100010110101101101001010111101100000010000101010101011011011110111011011011111010101100000100
010010100010011010001100111110001111000010000101010101011011011110111011011011111010101100000100
001010011101001110010010000110000110000010000101010101011011011110111011011011111010101100000100
000011100010111100101011100001111100000010000101010101011011011110111011011011111010101100000100
001100110001011010101010100110100111000010000101010101011011011110111011011011111010101100000100
010100110100000100010010110110110011000010000101010101011011011110111011011011111010101100000100
001000011101101110110000100011000010000010000101010101011011011110111011011011111010101100000100
001100101101001010100111010000011001000010000101010101011011011110111011011011111010101100000100
011111111000111011100011110011101011000010000101010101011011011110111011011011111010101100000100
001111000010011101001110011111100100000010000101010101011011011110111011011011111010101100000100
011111011101110110001110001100011011000010000101010101011011011110111011011011111010101100000100
010101101011110100000010000111011101000010000101010101011011011110111011011011111010101100000100
101111001111001110011000110000100000000010000101010101011011011110111011011011111010101100000100
010000111101011000101000011001110110000010000101010101011011011110111011011011111010101100000100
111000101011000100110110110101011100000010000101010101011011011110111011011011111010101100000100
011110111111010110010010000101011000000010000101010101011011011110111011011011111010101100000100
001100111101010101001000101010001001000010000101010101011011011110111011011011111010101100000100
101100111111100001110001101001011111000010000101010101011011011110111011011011111010101100000100
010011111000010101001001101011011101000010000101010101011011011110111011011011111010101100000100
101101001110110000001011011010001111000010000101010101011011011110111011011011111010101100000100
101110000101001100011000110100111000000010000101010101011011011110111011011011111010101100000100
000110000110110001101101100111010011000010000101010101011011011110111011011011111010101100000100
101101100100001111010101011100100010000010000101010101011011011110111011011011111010101100000100
010111010100010101000100100000011100000010000101010101011011011110111011011011111010101100000100
000110111101110011010000101111111101000010000101010101011011011110111011011011111010101100000100
000001011101010011011100011101100000000010000101010101011011011110111011011011111010101100000100
010000000110111110111000111001100001000010000101010101011011011110111011011011111010101100000100
100010101101010100101001100000110010000010000101010101011011011110111011011011111010101100000100
010000010110010000111110011010110100000010000101010101011011011110111011011011111010101100000100
000001100101110110000111001110001100000010000101010101011011011110111011011011111010101100000100
110100100010111110001000011101010001000010000101010101011011011110111011011011111010101100000100
001001001101111111010111001111110000000010000101010101011011011110111011011011111010101100000100
110111100110001110010000110101001101000010000101010101011011011110111011011011111010101100000100
101011001001011011100001001011110101000010000101010101011011011110111011011011111010101100000100
010110100011010001101111110110000101000010000101010101011011011110111011011011111010101100000100
111101101001111100011111101010111000000010000101010101011011011110111011011011111010101100000100
000011100100101100000101001010111101000010000101010101011011011110111011011011111010101100000100
000101011110011100000100010001111100000010000101010101011011011110111011011011111010101100000100
111011110000100101110110100010010010000010000101010101011011011110111011011011111010101100000100
111010000001011100101101000101001100000010000101010101011011011110111011011011111010101100000100
101111101001101101100011000011011010000010000101010101011011011110111011011011111010101100000100
001011111010110101010100001101100001000010000101010101011011011110111011011011111010101100000100
110101101101110111111000110011100100000010000101010101011011011110111011011011111010101100000100
001001001110010111000001100001111110000010000101010101011011011110111011011011111010101100000100
101110000010101010001110000000100101000010000101010101011011011110111011011011111010101100000100
000111000101010100000010000100010010000010000101010101011011011110111011011011111010101100000100
100110111010001101111001111001111010000010000101010101011011011110111011011011111010101100000100
000000111000011011000000100100001000000010000101010101011011011110111011011011111010101100000100
010011111010011111101011000011110101000010000101010101011011011110111011011011111010101100000100
100001110101101111010001101011100111000010000101010101011011011110111011011011111010101100000100
100100010101000110010111011100101000000010000101010101011011011110111011011011111010101100000100
101101100011110101010101110010110000000010000101010101011011011110111011011011111010101100000100
000111111100001111100010110100000001000010000101010101011011011110111011011011111010101100000100
101001100110100110001001010100011010000010000101010101011011011110111011011011111010101100000100
101111010001010010011110110010011010000010000101010101011011011110111011011011111010101100000100
011111011110001010100101101011000011000010000101010101011011011110111011011011111010101100000100
111001110001100010000101001011101011000010000101010101011011011110111011011011111010101100000100
100010001001000100101111100011010111000010000101010101011011011110111011011011111010101100000100
011001010011110100110001110100011010000010000101010101011011011110111011011011111010101100000100
100001011111110010110100111000110100000010000101010101011011011110111011011011111010101100000100
101110111110011010000011111010000000000010000101010101011011011110111011011011111010101100000100
111111110110000001111001000001001001000010000101010101011011011110111011011011111010101100000100
010010011010011101011000000110011010000010000101010101011011011110111011011011111010101100000100
111011111010101001011000001101011001000010000101010101011011011110111011011011111010101100000100
001010000010101011001010111001001101000010000101010101011011011110111011011011111010101100000100
110001011000101010011101001110100100000010000101010101011011011110111011011011111010101100000100
100111110001000010000100011110101001000010000101010101011011011110111011011011111010101100000100
100011001011101001111010100000011100000010000101010101011011011110111011011011111010101100000100
000001010001000000101111111100011011000010000101010101011011011110111011011011111010101100000100
010111111110110110111010111101000011000010000101010101011011011110111011011011111010101100000100
010011001000001001010001011011010000000010000101010101011011011110111011011011111010101100000100
010110010010111011001001111111010111000010000101010101011011011110111011011011111010101100000100
100001010001110110011111001001011100000010000101010101011011011110111011011011111010101100000100
011100000011000111011000101111101010000010000101010101011011011110111011011011111010101100000100
001100110110101011101100110111000001000010000101010101011011011110111011011011111010101100000100
101000101101110110111101111001101100000010000101010101011011011110111011011011111010101100000100
000101011101101000011010110001110101000010000101010101011011011110111011011011111010101100000100
110000001100011001000011000110011101000010000101010101011011011110111011011011111010101100000100
101000011111001011011111101101001101000010000101010101011011011110111011011011111010101100000100
111101100110110101101111001110000011000010000101010101011011011110111011011011111010101100000100
100001011100000101001100001110010100000010000101010101011011011110111011011011111010101100000100
111100110101100001011000100000000101000010000101010101011011011110111011011011111010101100000100
001001011110000111111011110111010101000010000101010101011011011110111011011011111010101100000100
001101011101110101110110010010100001000010000101010101011011011110111011011011111010101100000100
111100100111010001000110001000110011000010000101010101011011011110111011011011111010101100000100
100001110101011101101101000101010100000010000101010101011011011110111011011011111010101100000100
101111011111100100100000111000010000000010000101010101011011011110111011011011111010101100000100
001110010010001000001110111100001111000010000101010101011011011110111011011011111010101100000100
110000011011011010111111101111011000000010000101010101011011011110111011011011111010101100000100
101101011001101110000010100100010011000010000101010101011011011110111011011011111010101100000100
000111110010101100011110010000111010000010000101010101011011011110111011011011111010101100000100
101100100010010001000010011100111000000010000101010101011011011110111011011011111010101100000100
100100110001101010100111010110111011000010000101010101011011011110111011011011111010101100000100
111010011001010001110110110011011110000010000101010101011011011110111011011011111010101100000100
111111011000001100010000100001100110000010000101010101011011011110111011011011111010101100000100
101011010000101011000100111100010100000010000101010101011011011110111011011011111010101100000100
111111010011111011111010001000000001000010000101010101011011011110111011011011111010101100000100
111011110000100111110111100111000001000010000101010101011011011110111011011011111010101100000100
010011100001100010101110000000111000000010000101010101011011011110111011011011111010101100000100
101110001100000001000110001111001011000010000101010101011011011110111011011011111010101100000100
110010000110111101110110001000010100000010000101010101011011011110111011011011111010101100000100
000001110111001010101110001011111010000010000101010101011011011110111011011011111010101100000100
100111111101001110100101100001100100000010000101010101011011011110111011011011111010101100000100
011110000111000010101010100101010100000010000101010101011011011110111011011011111010101100000100
110111001110000000000011010010011111000010000101010101011011011110111011011011111010101100000100
100000011111000101101100000110001001000010000101010101011011011110111011011011111010101100000100
001100010000011101111001100111000111000010000101010101011011011110111011011011111010101100000100
010001100101111001110100000010001110000010000101010101011011011110111011011011111010101100000100
000111010000101101111001101011101011000010000101010101011011011110111011011011111010101100000100
010101101010001100111100011111011100000010000101010101011011011110111011011011111010101100000100
011010110010010000010101000100111111000010000101010101011011011110111011011011111010101100000100
001001100011101110101010010101010100000010000101010101011011011110111011011011111010101100000100
001100011100101000101001111011111111000010000101010101011011011110111011011011111010101100000100
010101110000100111011100010101000101000010000101010101011011011110111011011011111010101100000100
110101110110001101010100010100000010000010000101010101011011011110111011011011111010101100000100
001100111110110110001110101001010100000010000101010101011011011110111011011011111010101100000100
100001111101111010100111110100101100000010000101010101011011011110111011011011111010101100000100
011000100101101110001101110001111111000010000101010101011011011110111011011011111010101100000100
100001010011000011100110000001010111000010000101010101011011011110111011011011111010101100000100
110000101011000100111100110000111000000010000101010101011011011110111011011011111010101100000100
101010001001000000101001100111110011000010000101010101011011011110111011011011111010101100000100
100111010111010010110010010010011100000010000101010101011011011110111011011011111010101100000100
010011011010011000111101111001110111000010000101010101011011011110111011011011111010101100000100
100001001100110100011001100110001000000010000101010101011011011110111011011011111010101100000100
000100110000101111100000100100000001000010000101010101011011011110111011011011111010101100000100
101100000011001010110110101111110111000010000101010101011011011110111011011011111010101100000100
101010111100111010001001001010111101000010000101010101011011011110111011011011111010101100000100
011110111111110111011101000110010011000010000101010101011011011110111011011011111010101100000100
000010011010010000110110111111101011000010000101010101011011011110111011011011111010101100000100
111010011000100001111000110111001001000010000101010101011011011110111011011011111010101100000100
001101011100000000110010011010101110000010000101010101011011011110111011011011111010101100000100
101111010110111110110001111000000101000010000101010101011011011110111011011011111010101100000100
100111000000000001110001010011100000000010000101010101011011011110111011011011111010101100000100
111000001000110110100000100100100111000010000101010101011011011110111011011011111010101100000100
101111000101110101010110001010011011000010000101010101011011011110111011011011111010101100000100
011111001000111100010000000110010111000010000101010101011011011110111011011011111010101100000100
100101101011101001110100110010000110000010000101010101011011011110111011011011111010101100000100
001001011001001100010111000011000000000010000101010101011011011110111011011011111010101100000100
001110101011110101011011011100011100000010000101010101011011011110111011011011111010101100000100
011100010001101110010100100010001100000010000101010101011011011110111011011011111010101100000100
000110010100111111110001001100101111000010000101010101011011011110111011011011111010101100000100
000011100101101100101000001000110111000010000101010101011011011110111011011011111010101100000100
101010000011101001011111010101010110000010000101010101011011011110111011011011111010101100000100
101101111101001100001100010001010010000010000101010101011011011110111011011011111010101100000100
100011011100000100110100001011010100000010000101010101011011011110111011011011111010101100000100
010111111011010001111001100001110100000010000101010101011011011110111011011011111010101100000100
100010111111101011111111101001100101000010000101010101011011011110111011011011111010101100000100
111011101110110011010011110010001010000010000101010101011011011110111011011011111010101100000100
110011111101100100000101010101010000000010000101010101011011011110111011011011111010101100000100
100010110000110100000110000000100011000010000101010101011011011110111011011011111010101100000100
110001011000010110101000010110000001000010000101010101011011011110111011011011111010101100000100
111000000010100010111111000010001111000010000101010101011011011110111011011011111010101100000100
100110110111110010001000111000111000000010000101010101011011011110111011011011111010101100000100
111110010110111001010011001011010100000010000101010101011011011110111011011011111010101100000100
000101001101100111000001110110011101000010000101010101011011011110111011011011111010101100000100
011001110001101110101101101001000100000010000101010101011011011110111011011011111010101100000100
011001000001111011001010001101110010000010000101010101011011011110111011011011111010101100000100
011100010110100100101110100010111101000010000101010101011011011110111011011011111010101100000100
011101111001000010001101110001001000000010000101010101011011011110111011011011111010101100000100
110110001100010001100100011101000111000010000101010101011011011110111011011011111010101100000100
001001111010001111110010100000100101000010000101010101011011011110111011011011111010101100000100
010000011000000110101111101111010010000010000101010101011011011110111011011011111010101100000100
110100100101011111101010100010011000000010000101010101011011011110111011011011111010101100000100
010000010000100000111000001011111111000010000101010101011011011110111011011011111010101100000100
100110111001110011010000010111100111000010000101010101011011011110111011011011111010101100000100
111001111011001111001101101111011011000010000101010101011011011110111011011011111010101100000100
100011000101111001010000000010100100000010000101010101011011011110111011011011111010101100000100
101100111000011010110000001010100011000010000101010101011011011110111011011011111010101100000100
001110110001101010101011101100000101000010000101010101011011011110111011011011111010101100000100
010100001001110101001001000010000010000010000101010101011011011110111011011011111010101100000100
100110010001001111100100010010011101000010000101010101011011011110111011011011111010101100000100
111100001111101100011111011100001001000010000101010101011011011110111011011011111010101100000100
010110110101100010111001100101100000000010000101010101011011011110111011011011111010101100000100
111110111011101010010111001010000001000010000101010101011011011110111011011011111010101100000100
100011101010001110011101111110010110000010000101010101011011011110111011011011111010101100000100
110100110001011111111001100110000100000010000101010101011011011110111011011011111010101100000100
001001100010110101111111000100010011000010000101010101011011011110111011011011111010101100000100
110100000001001010001110011111010101000010000101010101011011011110111011011011111010101100000100
010111101100001101110000110011110110000010000101010101011011011110111011011011111010101100000100
000110100011000111000100001011110011000010000101010101011011011110111011011011111010101100000100
011011110011101100111101000100100110000010000101010101011011011110111011011011111010101100000100
110010110100110010111011110011110011000010000101010101011011011110111011011011111010101100000100
001111010001000110111100001100111111000010000101010101011011011110111011011011111010101100000100
110000001101001010111110110110101101000010000101010101011011011110111011011011111010101100000100
010100101010100100100110011100110011000010000101010101011011011110111011011011111010101100000100
001010110101100101001111001001011101000010000101010101011011011110111011011011111010101100000100
010101100010100011000111000110010100000010000101010101011011011110111011011011111010101100000100
110000110001111001111100010001110000000010000101010101011011011110111011011011111010101100000100
111011101111101001001000000110101010000010000101010101011011011110111011011011111010101100000100
101010011010101100010001101101011110000010000101010101011011011110111011011011111010101100000100
100001111101101000011101011110011001000010000101010101011011011110111011011011111010101100000100
000110111001111001111001111101000010000010000101010101011011011110111011011011111010101100000100
010111011100010000110111111110111000000010000101010101011011011110111011011011111010101100000100
000001011011100100011100111011010100000010000101010101011011011110111011011011111010101100000100
111100001011110110010010000101010101000010000101010101011011011110111011011011111010101100000100
110100101111011001001110111010000010000010000101010101011011011110111011011011111010101100000100
110001111010100100000000101011000100000010000101010101011011011110111011011011111010101100000100
110000010110011001011101011011101001000010000101010101011011011110111011011011111010101100000100
111011100100001000100101001111011011000010000101010101011011011110111011011011111010101100000100
101100000110000011110110011001101001000010000101010101011011011110111011011011111010101100000100
000011110110010011011001100101000010000010000101010101011011011110111011011011111010101100000100
110111011100110010011001011101111100000010000101010101011011011110111011011011111010101100000100
101101100100110000111101010011011000000010000101010101011011011110111011011011111010101100000100
101000111101110010101100100000001011000010000101010101011011011110111011011011111010101100000100
001010100010101100001101010001001011000010000101010101011011011110111011011011111010101100000100
000110110111010100010101110001011000000010000101010101011011011110111011011011111010101100000100
111010000011111010011001111110101001000010000101010101011011011110111011011011111010101100000100
011111101100011110100111000001100011000010000101010101011011011110111011011011111010101100000100
101000110111000101001101000110100101000010000101010101011011011110111011011011111010101100000100
000110011101000101111010101010111100000010000101010101011011011110111011011011111010101100000100
011000101110101000111010101111010000000010000101010101011011011110111011011011111010101100000100
000111100010000001000101010100110110000010000101010101011011011110111011011011111010101100000100
100110011011110100000010100100000000000010000101010101011011011110111011011011111010101100000100
000010111100111101001011000101000100000010000101010101011011011110111011011011111010101100000100
100110110011100100001000001011000000000010000101010101011011011110111011011011111010101100000100
010101010000110110001010111000111101000010000101010101011011011110111011011011111010101100000100
000110111001111100110100010101010010000010000101010101011011011110111011011011111010101100000100
110111101100111001010111111111011101000010000101010101011011011110111011011011111010101100000100
100100101000011001010001011100011000000010000101010101011011011110111011011011111010101100000100
101001111001110111011010111001011101000010000101010101011011011110111011011011111010101100000100
101100111111101100111111001110111111000010000101010101011011011110111011011011111010101100000100
000101100111110001011101101101110100000010000101010101011011011110111011011011111010101100000100
000101000110100001111001100010000001000010000101010101011011011110111011011011111010101100000100
100101101000111111101001111011111100000010000101010101011011011110111011011011111010101100000100
010011110010001011111101001111011110000010000101010101011011011110111011011011111010101100000100
111111011001100101011110010000010010000010000101010101011011011110111011011011111010101100000100
001001001010110110100000011111111100000010000101010101011011011110111011011011111010101100000100
000010101101001111110000110100011101000010000101010101011011011110111011011011111010101100000100
100101011001100011100000111110100000000010000101010101011011011110111011011011111010101100000100
000000111011111011001110001000111100000010000101010101011011011110111011011011111010101100000100
101111101111100010101011111011001011000010000101010101011011011110111011011011111010101100000100
011000000100000000001101110010001010000010000101010101011011011110111011011011111010101100000100
101010000000101011000110111101010100000010000101010101011011011110111011011011111010101100000100
101111100000111110111100101111001110000010000101010101011011011110111011011011111010101100000100
111111111111100011010110111100110100000010000101010101011011011110111011011011111010101100000100
111101101010010111110010011011010001000010000101010101011011011110111011011011111010101100000100
101100100100100111110111111000010100000010000101010101011011011110111011011011111010101100000100
111000101011010011011001010000111000000010000101010101011011011110111011011011111010101100000100
010001100010111110000001101000110001000010000101010101011011011110111011011011111010101100000100
001001110111101110010010111100000101000010000101010101011011011110111011011011111010101100000100
000010011011010100000000100110000011000010000101010101011011011110111011011011111010101100000100
101100001111100111110101101010100010000010000101010101011011011110111011011011111010101100000100
100110001010000101001110011110110011000010000101010101011011011110111011011011111010101100000100
101011000101111101000111011011101010000010000101010101011011011110111011011011111010101100000100
000001110110010000011110001111011100000010000101010101011011011110111011011011111010101100000100
000011010000000001000010110111000110000010000101010101011011011110111011011011111010101100000100
111000110101000101110111000001010000000010000101010101011011011110111011011011111010101100000100
101100001011010010010000000101010110000010000101010101011011011110111011011011111010101100000100
000110110101001000000100000111010011000010000101010101011011011110111011011011111010101100000100
001011101010111101110100101001001110000010000101010101011011011110111011011011111010101100000100
000010011011001011000110110111011000000010000101010101011011011110111011011011111010101100000100
011100011001000110000100000101110001000010000101010101011011011110111011011011111010101100000100
101100001000010111011010001110100111000010000101010101011011011110111011011011111010101100000100
010010110000001100001010111101111010000010000101010101011011011110111011011011111010101100000100
001001000101111010100111110011100111000010000101010101011011011110111011011011111010101100000100
010100011100101100100110100100100110000010000101010101011011011110111011011011111010101100000100
010101110010000010100110111100100000000010000101010101011011011110111011011011111010101100000100
110110100010010011110100001000000101000010000101010101011011011110111011011011111010101100000100
001110101110000101000100100101101001000010000101010101011011011110111011011011111010101100000100
100100100001100010010111001000000011000010000101010101011011011110111011011011111010101100000100
001100100111101011010110111101110001000010000101010101011011011110111011011011111010101100000100
100011011011111000100100110110000001000010000101010101011011011110111011011011111010101100000100
000011001101101001001010000010001001000010000101010101011011011110111011011011111010101100000100
000100010110000111101101011001101110000010000101010101011011011110111011011011111010101100000100
011110101010011000111100010110011111000010000101010101011011011110111011011011111010101100000100
011110000100111110110001000100100000000010000101010101011011011110111011011011111010101100000100
010100001100111000110010000011010000000010000101010101011011011110111011011011111010101100000100
001100110001111010010111010110000001000010000101010101011011011110111011011011111010101100000100
110110011100101110010111110111110111000010000101010101011011011110111011011011111010101100000100
010101001100100010001011110010001111000010000101010101011011011110111011011011111010101100000100
001100101010001100010010010011100110000010000101010101011011011110111011011011111010101100000100
111001101011100100000110111101111111000010000101010101011011011110111011011011111010101100000100
110111001100110001100111110100001101000010000101010101011011011110111011011011111010101100000100
010110111111110100100011110101000010000010000101010101011011011110111011011011111010101100000100
000001111010110100000010000011011110000010000101010101011011011110111011011011111010101100000100
110101011000010110010001000111000111000010000101010101011011011110111011011011111010101100000100
000011000110010111001001001111101111000010000101010101011011011110111011011011111010101100000100
111011100111110111010110100111011101000010000101010101011011011110111011011011111010101100000100
000011111001111010001010010101001011000010000101010101011011011110111011011011111010101100000100
001000110110001000111001010101001000000010000101010101011011011110111011011011111010101100000100
111001111011100010010011100110101110000010000101010101011011011110111011011011111010101100000100
000111101110000110010111000011011011000010000101010101011011011110111011011011111010101100000100
011000100111010111001010101001000100000010000101010101011011011110111011011011111010101100000100
000000011010111000000010010101100110000010000101010101011011011110111011011011111010101100000100
110011101111000000111011010011000001000010000101010101011011011110111011011011111010101100000100
011011000110111100011001100000001111000010000101010101011011011110111011011011111010101100000100
001011001000101110000110111101001110000010000101010101011011011110111011011011111010101100000100
111000011010001110000011011100100111000010000101010101011011011110111011011011111010101100000100
010001110000111110001010010111111000000010000101010101011011011110111011011011111010101100000100
100101010111101100011010101011000110000010000101010101011011011110111011011011111010101100000100
001011101110000011101110100111010001000010000101010101011011011110111011011011111010101100000100
010101000111101110110101001010010101000010000101010101011011011110111011011011111010101100000100
100001000101111100101101011100000001000010000101010101011011011110111011011011111010101100000100
111111000111001000100001001000101011000010000101010101011011011110111011011011111010101100000100
110011100110100110111010000001011011000010000101010101011011011110111011011011111010101100000100
101111101111011000111101100010011011000010000101010101011011011110111011011011111010101100000100
011101001011001101101011010100101111000010000101010101011011011110111011011011111010101100000100
000011110100100101110100001010011011000010000101010101011011011110111011011011111010101100000100
000100000110001100010010100111110101000010000101010101011011011110111011011011111010101100000100
100010010111011011011110111001111011000010000101010101011011011110111011011011111010101100000100
000000001011101010110010010000101101000010000101010101011011011110111011011011111010101100000100
100101011011001110011101110100001101000010000101010101011011011110111011011011111010101100000100
011001001010011000101010101111000010000010000101010101011011011110111011011011111010101100000100
001100110000010101010010011111100101000010000101010101011011011110111011011011111010101100000100
110010011000110010010110000101101110000010000101010101011011011110111011011011111010101100000100
101000111101111010010001011111110100000010000101010101011011011110111011011011111010101100000100
001101100010101010100110100100000010000010000101010101011011011110111011011011111010101100000100
010101000011101110111000101111110000000010000101010101011011011110111011011011111010101100000100
110001101000011000101101110011101100000010000101010101011011011110111011011011111010101100000100
011001000010100001110001111000101000000010000101010101011011011110111011011011111010101100000100
111110011000001111100110101000011111000010000101010101011011011110111011011011111010101100000100
011110111110101011100110111111111100000010000101010101011011011110111011011011111010101100000100
111111010111000001001110111010011000000010000101010101011011011110111011011011111010101100000100
010010111110101010011111001110111001000010000101010101011011011110111011011011111010101100000100
110010110001100001110111001101111101000010000101010101011011011110111011011011111010101100000100
001010111101000111011111110100110100000010000101010101011011011110111011011011111010101100000100
001101111100000001000101101110011111000010000101010101011011011110111011011011111010101100000100
010001000011100011011000111000001011000010000101010101011011011110111011011011111010101100000100
100001111001111000100000010101001101000010000101010101011011011110111011011011111010101100000100
100000110010010010111010010110001001000010000101010101011011011110111011011011111010101100000100
000000110010111110100100000100001111000010000101010101011011011110111011011011111010101100000100
001000010100011110011001000000101100000010000101010101011011011110111011011011111010101100000100
011011000110101011001101101110101000000010000101010101011011011110111011011011111010101100000100
100100111011001001011001001011110101000010000101010101011011011110111011011011111010101100000100
100110101011010110011111001010000001000010000101010101011011011110111011011011111010101100000100
110011101101101000011001111011001000000010000101010101011011011110111011011011111010101100000100
100000111111001010111001011110100100000010000101010101011011011110111011011011111010101100000100
001001111110000101100011111010001110000010000101010101011011011110111011011011111010101100000100
110001000001010100010000101110011011000010000101010101011011011110111011011011111010101100000100
001111000010101011011011010101110000000010000101010101011011011110111011011011111010101100000100
111100010000101111001011111111100000000010000101010101011011011110111011011011111010101100000100
110011101110001001010110010111110000000010000101010101011011011110111011011011111010101100000100
000010000100001111100000001100101111000010000101010101011011011110111011011011111010101100000100
111111111001010010010000110001100000000010000101010101011011011110111011011011111010101100000100
010001000010010100001010110011000011000010000101010101011011011110111011011011111010101100000100
100101000000100000110010101010010110000010000101010101011011011110111011011011111010101100000100
100101010000101111110110001010011010000010000101010101011011011110111011011011111010101100000100
010011001001100010100010101100001000000010000101010101011011011110111011011011111010101100000100
011000111011110110000001011101011001000010000101010101011011011110111011011011111010101100000100
010011110010100010100000000001101000000010000101010101011011011110111011011011111010101100000100
101101101000001111111010010101000010000010000101010101011011011110111011011011111010101100000100
000000111110000000001000110100100100000010000101010101011011011110111011011011111010101100000100
110111100010101000011110001000100001000010000101010101011011011110111011011011111010101100000100
000100110110011100110100111101001010000010000101010101011011011110111011011011111010101100000100
011011100001010000101100011000101001000010000101010101011011011110111011011011111010101100000100
001110101110101010101011001101011101000010000101010101011011011110111011011011111010101100000100
001111110111111111001100100111111000000010000101010101011011011110111011011011111010101100000100
111110100101000001101011001110000001000010000101010101011011011110111011011011111010101100000100
000101111001000111011100000111000001000010000101010101011011011110111011011011111010101100000100
101000011010100101111100010101101100000010000101010101011011011110111011011011111010101100000100
000100000100010110000111010010101000000010000101010101011011011110111011011011111010101100000100
111001100001000011100101000110010111000010000101010101011011011110111011011011111010101100000100
001000110001101010111000000100011111000010000101010101011011011110111011011011111010101100000100
110101110110000101100111101011011110000010000101010101011011011110111011011011111010101100000100
000011101100111110001001001110001001000010000101010101011011011110111011011011111010101100000100
101011011000000000001111011110010010000010000101010101011011011110111011011011111010101100000100
010011100111001001111001010100011101000010000101010101011011011110111011011011111010101100000100
111010110001111011010011011100101001000010000101010101011011011110111011011011111010101100000100
010001000011001100001101110111001111000010000101010101011011011110111011011011111010101100000100
110100001101011001101001110111100100000010000101010101011011011110111011011011111010101100000100
111110010111100111101001011001101000000010000101010101011011011110111011011011111010101100000100
101111100101100000111101111010011111000010000101010101011011011110111011011011111010101100000100
000011010100011001001100101110111011000010000101010101011011011110111011011011111010101100000100
111001101110111110110111111111010101000010000101010101011011011110111011011011111010101100000100
001011101110011010111011100010000111000010000101010101011011011110111011011011111010101100000100
111011010100110010010110000011000101000010000101010101011011011110111011011011111010101100000100
100110011010101100101010001010100100000010000101010101011011011110111011011011111010101100000100
101001111010110000010101111001111100000010000101010101011011011110111011011011111010101100000100
001101110011010010111111110001010000000010000101010101011011011110111011011011111010101100000100
001010011100010101101101111010100100000010000101010101011011011110111011011011111010101100000100
110000111011011011001100111101001100000010000101010101011011011110111011011011111010101100000100
101110011101100101100011011001011000000010000101010101011011011110111011011011111010101100000100
000110101111101100110110000110100010000010000101010101011011011110111011011011111010101100000100
000101110000110010111001011001000010000010000101010101011011011110111011011011111010101100000100
010001100010100100111111000001011000000010000101010101011011011110111011011011111010101100000100
111101000010001001011101110011001010000010000101010101011011011110111011011011111010101100000100
100110101100000010111100011111110100000010000101010101011011011110111011011011111010101100000100
100100100010100001011000010100010101000010000101010101011011011110111011011011111010101100000100
001001010110001011001101100100110011000010000101010101011011011110111011011011111010101100000100
000100101101000110000100111001110100000010000101010101011011011110111011011011111010101100000100
101101011100001101011011011000000111000010000101010101011011011110111011011011111010101100000100
100000000010010000000000011110110000000010000101010101011011011110111011011011111010101100000100
000000001110100001001010100010101111000010000101010101011011011110111011011011111010101100000100
100001110011100100100001111101011110000010000101010101011011011110111011011011111010101100000100
010001100101110110000101100001010010000010000101010101011011011110111011011011111010101100000100
101010010100100111111101100000000001000010000101010101011011011110111011011011111010101100000100
100111110011100010101110011100011010000010000101010101011011011110111011011011111010101100000100
101000101010000101010010011000101111000010000101010101011011011110111011011011111010101100000100
011111101001110001000010100001101101000010000101010101011011011110111011011011111010101100000100
111010110010000001110100101111101011000010000101010101011011011110111011011011111010101100000100
100010101000011000001001101010111010000010000101010101011011011110111011011011111010101100000100
011010001011110000110001000010001001000010000101010101011011011110111011011011111010101100000100
100011100000111110110111000110010011000010000101010101011011011110111011011011111010101100000100
110111000101011100111111100111111001000010000101010101011011011110111011011011111010101100000100
011011101011100010001100010100010100000010000101010101011011011110111011011011111010101100000100
011000110010111000010010100100010101000010000101010101011011011110111011011011111010101100000100
101001101011110111001000010011000010000010000101010101011011011110111011011011111010101100000100
011100010000111011100000100011011000000010000101010101011011011110111011011011111010101100000100
001101001011000101111100111011010010000010000101010101011011011110111011011011111010101100000100
000101001101001101100111001000110010000010000101010101011011011110111011011011111010101100000100
111100001011001011010001000111111101000010000101010101011011011110111011011011111010101100000100
111110111010110010110010101011001010000010000101010101011011011110111011011011111010101100000100
111110001100000000101011001010001110000010000101010101011011011110111011011011111010101100000100
111001101101011000001010011011010101000010000101010101011011011110111011011011111010101100000100
110100011010111010011100010011111101000010000101010101011011011110111011011011111010101100000100
001011111101010111111010011101000001000010000101010101011011011110111011011011111010101100000100
010111001001111001001010101110010110000010000101010101011011011110111011011011111010101100000100
011000001101001000111111011001100111000010000101010101011011011110111011011011111010101100000100
110110010101011011100101010100101110000010000101010101011011011110111011011011111010101100000100
011111101111100101000001110111001010000010000101010101011011011110111011011011111010101100000100
011111110010000011111001101010011110000010000101010101011011011110111011011011111010101100000100
000001110111100110001000000000001110000010000101010101011011011110111011011011111010101100000100
111011000111101000100001110100101000000010000101010101011011011110111011011011111010101100000100
110101000011110010010001111100100101000010000101010101011011011110111011011011111010101100000100
001010100111110110001100101100110100000010000101010101011011011110111011011011111010101100000100
100101001111011000011110001111011110000010000101010101011011011110111011011011111010101100000100
100110100100100100001111010110111111000010000101010101011011011110111011011011111010101100000100
011110101111001001110111100110100100000010000101010101011011011110111011011011111010101100000100
110100001001011010001101010000110100000010000101010101011011011110111011011011111010101100000100
111110001011001000100000001101010100000010000101010101011011011110111011011011111010101100000100
011001100110101000100100101000100010000010000101010101011011011110111011011011111010101100000100
010110111111001111010100011001111001000010000101010101011011011110111011011011111010101100000100
111011000111010001011010110011111111000010000101010101011011011110111011011011111010101100000100
101011110101111010001001010101001010000010000101010101011011011110111011011011111010101100000100
101110010001110100101100110100011111000010000101010101011011011110111011011011111010101100000100
100011000011001010000100001011110001000010000101010101011011011110111011011011111010101100000100
001101111001011010010010011000110011000010000101010101011011011110111011011011111010101100000100
101010001011110110101010111001001010000010000101010101011011011110111011011011111010101100000100
101110101011000001101000000010111101000010000101010101011011011110111011011011111010101100000100
111010111110011101101111111111011011000010000101010101011011011110111011011011111010101100000100
001100110000011001000000000111000110000010000101010101011011011110111011011011111010101100000100
101100001001011010101111101001100000000010000101010101011011011110111011011011111010101100000100
100110110001010100011011111000101000000010000101010101011011011110111011011011111010101100000100
100101101101001101001101100111010000000010000101010101011011011110111011011011111010101100000100
101111111100000000101000100001100100000010000101010101011011011110111011011011111010101100000100
000011000011101111000111101011001101000010000101010101011011011110111011011011111010101100000100
110010000111011011111010101110110001000010000101010101011011011110111011011011111010101100000100
011111110001111010001001010000001000000010000101010101011011011110111011011011111010101100000100
000111001100000000001000000000010111000010000101010101011011011110111011011011111010101100000100
100101110001111100110011011010001110000010000101010101011011011110111011011011111010101100000100
101001000111010011000100010111010100000010000101010101011011011110111011011011111010101100000100
010000000111001101100010000011000010000010000101010101011011011110111011011011111010101100000100
100111011010011010010111010100111111000010000101010101011011011110111011011011111010101100000100
001011011101100101111000000111000100000010000101010101011011011110111011011011111010101100000100
110001110011110011110001001111000110000010000101010101011011011110111011011011111010101100000100
100101011001110000010011010001110011000010000101010101011011011110111011011011111010101100000100
100000001000010000101011010110001011000010000101010101011011011110111011011011111010101100000100
001001101111101100000000100010100001000010000101010101011011011110111011011011111010101100000100
111111110100011011100101111110010110000010000101010101011011011110111011011011111010101100000100
000111110111011101101100110001111000000010000101010101011011011110111011011011111010101100000100
111011111101100101100100001110011011000010000101010101011011011110111011011011111010101100000100
100111011011001110111010100101001001000010000101010101011011011110111011011011111010101100000100
011000100110001000011000001000111011000010000101010101011011011110111011011011111010101100000100
010100000111011010101110011010010000000010000101010101011011011110111011011011111010101100000100
111101010100111101101111101010010000000010000101010101011011011110111011011011111010101100000100
111110110001000010010110011101010101000010000101010101011011011110111011011011111010101100000100
110111001011001011100111010101101101000010000101010101011011011110111011011011111010101100000100
000100101010101011011100111101010011000010000101010101011011011110111011011011111010101100000100
000111011001011000110010001010011000000010000101010101011011011110111011011011111010101100000100
001100111111011011110000001110001101000010000101010101011011011110111011011011111010101100000100
001111101111011110001100001011010110000010000101010101011011011110111011011011111010101100000100
101100000011000101000010011001010110000010000101010101011011011110111011011011111010101100000100
101001111010111111111010110101100110000010000101010101011011011110111011011011111010101100000100
111101000101010010001111110011101100000010000101010101011011011110111011011011111010101100000100
010010101001110000010011000101000110000010000101010101011011011110111011011011111010101100000100
001001011000001101110010010100101100000010000101010101011011011110111011011011111010101100000100
100110111100000000000001001001111101000010000101010101011011011110111011011011111010101100000100
110110010001101001010110000100101111000010000101010101011011011110111011011011111010101100000100
001010011110101110010111010101000100000010000101010101011011011110111011011011111010101100000100
001001000110111110101000011110010110000010000101010101011011011110111011011011111010101100000100
101010101110000011101101001100000010000010000101010101011011011110111011011011111010101100000100
111110100011000110101110110001000110000010000101010101011011011110111011011011111010101100000100
011000000000011111011101100011100101000010000101010101011011011110111011011011111010101100000100
101100110011001001011111110101001000000010000101010101011011011110111011011011111010101100000100
110100100010011101100010001101111000000010000101010101011011011110111011011011111010101100000100
001110000100000110110010011001011011000010000101010101011011011110111011011011111010101100000100
001000010001101110000111110010001101000010000101010101011011011110111011011011111010101100000100
011000011111000100101101110100111010000010000101010101011011011110111011011011111010101100000100
110101111110110010000111010101000111000010000101010101011011011110111011011011111010101100000100
010010101111010111100001010010011110000010000101010101011011011110111011011011111010101100000100
010100011011010101011010000010110110000010000101010101011011011110111011011011111010101100000100
100101001010001101111101111010001010000010000101010101011011011110111011011011111010101100000100
011100100010110101001101011001011011000010000101010101011011011110111011011011111010101100000100
111011110000001110100010001101101011000010000101010101011011011110111011011011111010101100000100
101010000101010011010100110010101100000010000101010101011011011110111011011011111010101100000100
001110001100011111000101011011111110000010000101010101011011011110111011011011111010101100000100
010111011010010000100000000101110000000010000101010101011011011110111011011011111010101100000100
111011001010001011000101110111111001000010000101010101011011011110111011011011111010101100000100
000011110011010011100101111001100101000010000101010101011011011110111011011011111010101100000100
110000000011011101011111101111000111000010000101010101011011011110111011011011111010101100000100
100010101001100001000011000011000101000010000101010101011011011110111011011011111010101100000100
100001101100100110001111100101101011000010000101010101011011011110111011011011111010101100000100
110111011010011100111011111100010011000010000101010101011011011110111011011011111010101100000100
010100011001001011011110011000100000000010000101010101011011011110111011011011111010101100000100
100101010000101110101110110111100001000010000101010101011011011110111011011011111010101100000100
001001111101011101000111000101100010000010000101010101011011011110111011011011111010101100000100
110101001111111010011000111001100101000010000101010101011011011110111011011011111010101100000100
100111000100100100111110001110001100000010000101010101011011011110111011011011111010101100000100
111100100100011010011011000001001001000010000101010101011011011110111011011011111010101100000100
101111001110010010111000000001100111000010000101010101011011011110111011011011111010101100000100
010110000100101010011110001010011100000010000101010101011011011110111011011011111010101100000100
010111001000001000100011000111110011000010000101010101011011011110111011011011111010101100000100
101010000111100101010010110111011010000010000101010101011011011110111011011011111010101100000100
000011100000110110010101101110001011000010000101010101011011011110111011011011111010101100000100
000110110010000000111011111110010001000010000101010101011011011110111011011011111010101100000100
000101000001010000011010100010011011000010000101010101011011011110111011011011111010101100000100
011111101000101001101111110010010001000010000101010101011011011110111011011011111010101100000100
111101001011111000100010100101011011000010000101010101011011011110111011011011111010101100000100
110100101100100110111010101101111000000010000101010101011011011110111011011011111010101100000100
001000100100011001011111001000011101000010000101010101011011011110111011011011111010101100000100
100111111100100000111010101010110110000010000101010101011011011110111011011011111010101100000100
111000101111110001001111110110111101000010000101010101011011011110111011011011111010101100000100
100001010100111110010111001000111001000010000101010101011011011110111011011011111010101100000100
111101111101010000100000001111101100000010000101010101011011011110111011011011111010101100000100
000010101001001101011010110110011011000010000101010101011011011110111011011011111010101100000100
111100101100010011011000111000100010000010000101010101011011011110111011011011111010101100000100
101100011110001011111010100101001110000010000101010101011011011110111011011011111010101100000100
011111000110011001010011000111010011000010000101010101011011011110111011011011111010101100000100
000000100111110011011011110110100001000010000101010101011011011110111011011011111010101100000100
111011111010111010000110001110111110000010000101010101011011011110111011011011111010101100000100
100000011110100100001100111001111001000010000101010101011011011110111011011011111010101100000100
111011111000100111100111110000000010000010000101010101011011011110111011011011111010101100000100
110001011010000101111101101100111010000010000101010101011011011110111011011011111010101100000100
001110000010100011011011010010110110000010000101010101011011011110111011011011111010101100000100
111101110110101101000100101010010000000010000101010101011011011110111011011011111010101100000100
110100101111110111000101110101111101000010000101010101011011011110111011011011111010101100000100
111011111100011010100110010000000100000010000101010101011011011110111011011011111010101100000100
110000000111101010111111001001110001000010000101010101011011011110111011011011111010101100000100
111011010010110000110110110000101001000010000101010101011011011110111011011011111010101100000100
110010010110110000010101101001100001000010000101010101011011011110111011011011111010101100000100
110010011011000111010001011000000010000010000101010101011011011110111011011011111010101100000100
011101101101011010000001100011000011000010000101010101011011011110111011011011111010101100000100
110010010000101100000100001000000001000010000101010101011011011110111011011011111010101100000100
000001100011011100001011000001001110000010000101010101011011011110111011011011111010101100000100
001010110101101111110000101001000111000010000101010101011011011110111011011011111010101100000100
010000111010110011110101010100001000000010000101010101011011011110111011011011111010101100000100
110110101101101010010001001100011111000010000101010101011011011110111011011011111010101100000100
110101011001111110110011010101010000000010000101010101011011011110111011011011111010101100000100
011100000010100110011111010010011001000010000101010101011011011110111011011011111010101100000100
100100010010110111100000000111111011000010000101010101011011011110111011011011111010101100000100
100011000010001000000001110100110100000010000101010101011011011110111011011011111010101100000100
110000000000101010100110011011111101000010000101010101011011011110111011011011111010101100000100
000001111000101100011111100001010011000010000101010101011011011110111011011011111010101100000100
101010100110000001111101001001010110000010000101010101011011011110111011011011111010101100000100
101001010010110101001111100110111010000010000101010101011011011110111011011011111010101100000100
000111000110110011011110000000000101000010000101010101011011011110111011011011111010101100000100
100101001110100010011101010110111010000010000101010101011011011110111011011011111010101100000100
110101110010000111010100111100011001000010000101010101011011011110111011011011111010101100000100
011000011110010101000101001111111110000010000101010101011011011110111011011011111010101100000100
111110111001000011011001110000110110000010000101010101011011011110111011011011111010101100000100
001011000001010110101101110110101110000010000101010101011011011110111011011011111010101100000100
101000101110111001010111101000111011000010000101010101011011011110111011011011111010101100000100
011001110010110000011100100010111111000010000101010101011011011110111011011011111010101100000100
110100101001100000101100010001111101000010000101010101011011011110111011011011111010101100000100
000011100110100011111110101000100101000010000101010101011011011110111011011011111010101100000100
100001110110000001110100000001001111000010000101010101011011011110111011011011111010101100000100
101100110101011000110010111111011011000010000101010101011011011110111011011011111010101100000100
101000110000100011101000100011010010000010000101010101011011011110111011011011111010101100000100
010100111111101000100111101110000110000010000101010101011011011110111011011011111010101100000100
010110011100110011101110100100011011000010000101010101011011011110111011011011111010101100000100
010110100110001101100000101001110001000010000101010101011011011110111011011011111010101100000100
111000000001100101011001000011001101000010000101010101011011011110111011011011111010101100000100
001000111000111010000000001010100010000010000101010101011011011110111011011011111010101100000100
111011010100010101111011101011000001000010000101010101011011011110111011011011111010101100000100
101101011100000111100110110001001110000010000101010101011011011110111011011011111010101100000100
001101010001101101011000100100100111000010000101010101011011011110111011011011111010101100000100
101110000011100011001100101111101100000010000101010101011011011110111011011011111010101100000100
101100001101100110100100011010000101000010000101010101011011011110111011011011111010101100000100
011111101010111100000110000100011101000010000101010101011011011110111011011011111010101100000100
001011101000001011101011001010100110000010000101010101011011011110111011011011111010101100000100
111011100111010010111110001110001111000010000101010101011011011110111011011011111010101100000100
010110000101011001010000011001111111000010000101010101011011011110111011011011111010101100000100
000010000000100001100100110001001111000010000101010101011011011110111011011011111010101100000100
010101101010011000101101101100001100000010000101010101011011011110111011011011111010101100000100
011101010111101010010101100011111010000010000101010101011011011110111011011011111010101100000100
111101011111001010100100110011100110000010000101010101011011011110111011011011111010101100000100
100101110001010111111100000101101001000010000101010101011011011110111011011011111010101100000100
111100000001110011101111000000110000000010000101010101011011011110111011011011111010101100000100
100000011111011101001101111011000001000010000101010101011011011110111011011011111010101100000100
011111010110111110001101011110100001000010000101010101011011011110111011011011111010101100000100
101110000101110110100110101010110110000010000101010101011011011110111011011011111010101100000100
101011100000010100100100010011001001000010000101010101011011011110111011011011111010101100000100
000001000010011111101111100011110011000010000101010101011011011110111011011011111010101100000100
100100101001001001000010010010001111000010000101010101011011011110111011011011111010101100000100
010110000111010010011000101111101011000010000101010101011011011110111011011011111010101100000100
000000101000101100001111101001010111000010000101010101011011011110111011011011111010101100000100
001010001101110011011110011011111010000010000101010101011011011110111011011011111010101100000100
011101001100100011000101011110100000000010000101010101011011011110111011011011111010101100000100
110100010100110111100011101110111101000010000101010101011011011110111011011011111010101100000100
010011010000011010010110011110000010000010000101010101011011011110111011011011111010101100000100
000001111111111001011110100101100110000010000101010101011011011110111011011011111010101100000100
100100000010000010101011011101100111000010000101010101011011011110111011011011111010101100000100
001100010001000111010001001111111111000010000101010101011011011110111011011011111010101100000100
100010000010111100101100010010001110000010000101010101011011011110111011011011111010101100000100
010010110101011000000111100111001110000010000101010101011011011110111011011011111010101100000100
011111110000011101000100001111110111000010000101010101011011011110111011011011111010101100000100
100011000111101100000101000111011010000010000101010101011011011110111011011011111010101100000100
111001110000111110000000010111100010000010000101010101011011011110111011011011111010101100000100
110100001110100101000111011111001001000010000101010101011011011110111011011011111010101100000100
100001001001000010011011111010101100000010000101010101011011011110111011011011111010101100000100
011010010101110100001000100000010111000010000101010101011011011110111011011011111010101100000100
001101010111011011110110111100011010000010000101010101011011011110111011011011111010101100000100
001100001100010000010010011101001011000010000101010101011011011110111011011011111010101100000100
010001110111101100110000100001000001000010000101010101011011011110111011011011111010101100000100
001101101100100100000001111101010001000010000101010101011011011110111011011011111010101100000100
001011110111011000111101110001100101000010000101010101011011011110111011011011111010101100000100
000010010110011110000100001011101011000010000101010101011011011110111011011011111010101100000100
000000101010001011011010111000101010000010000101010101011011011110111011011011111010101100000100
101100011011000000011110011011100101000010000101010101011011011110111011011011111010101100000100
001110001000011001011111100101100010000010000101010101011011011110111011011011111010101100000100
000100100010100011110001110011100110000010000101010101011011011110111011011011111010101100000100
100111100100110011110110101110110001000010000101010101011011011110111011011011111010101100000100
001111110010000000101010011111010000000010000101010101011011011110111011011011111010101100000100
001111010010000101100010011011000101000010000101010101011011011110111011011011111010101100000100
000100010111011100100011111111110011000010000101010101011011011110111011011011111010101100000100
101101100111111101001100101111011110000010000101010101011011011110111011011011111010101100000100
110111100011101111001100011110001101000010000101010101011011011110111011011011111010101100000100
100001000011001010001101000010001011000010000101010101011011011110111011011011111010101100000100
011110001001111101011110110110111000000010000101010101011011011110111011011011111010101100000100
010110011011000010101000000000001010000010000101010101011011011110111011011011111010101100000100
000101111011001000110100101100100001000010000101010101011011011110111011011011111010101100000100
100111010101110111101101100001101100000010000101010101011011011110111011011011111010101100000100
011100100001110000110100100000001000000010000101010101011011011110111011011011111010101100000100
110001101010010010111101110010010100000010000101010101011011011110111011011011111010101100000100
001000000100101100010000001100110101000010000101010101011011011110111011011011111010101100000100
001100101100011011000001001111110011000010000101010101011011011110111011011011111010101100000100
100011011000101110111010001101111111000010000101010101011011011110111011011011111010101100000100
000001101111111100010010101111110000000010000101010101011011011110111011011011111010101100000100
101010010110101001111010011001100001000010000101010101011011011110111011011011111010101100000100
010111010100011001000101001101100111000010000101010101011011011110111011011011111010101100000100
010010011001100011111010100110111111000010000101010101011011011110111011011011111010101100000100
001010110001101001011101101010100001000010000101010101011011011110111011011011111010101100000100
001011011000111110100010101100010100000010000101010101011011011110111011011011111010101100000100
101101100110001101110011110100101011000010000101010101011011011110111011011011111010101100000100
010010001110101100001101000011100101000010000101010101011011011110111011011011111010101100000100
111101111011000001001010111101100000000010000101010101011011011110111011011011111010101100000100
001001001010101110101111111101100011000010000101010101011011011110111011011011111010101100000100
000011110011001001010011010100110111000010000101010101011011011110111011011011111010101100000100
001000011010100001001111011001000010000010000101010101011011011110111011011011111010101100000100
010110110110101101101111001011101010000010000101010101011011011110111011011011111010101100000100
