110110001111010111011010011110001101000010000101010101011011011110111011011011111010101100000100
010100101001111000011100000111100111000010000101010101011011011110111011011011111010101100000100
110111011001111110100111010100000011000010000101010101011011011110111011011011111010101100000100
110111000100100110101100011101111011000010000101010101011011011110111011011011111010101100000100
101011110011110101110101111101011100000010000101010101011011011110111011011011111010101100000100
011011011010001010110010100100001101000010000101010101011011011110111011011011111010101100000100
011110110111110011100000001001011101000010000101010101011011011110111011011011111010101100000100
000011110010000011111110100101001100000010000101010101011011011110111011011011111010101100000100
111100100000001000101001000001100110000010000101010101011011011110111011011011111010101100000100
101000101111111111011101011001000111000010000101010101011011011110111011011011111010101100000100
111101101000011000100011110011010000000010000101010101011011011110111011011011111010101100000100
001011110100100000010011111110101000000010000101010101011011011110111011011011111010101100000100
000001001100010010101001101111011011000010000101010101011011011110111011011011111010101100000100
011001111010110010010110000101011001000010000101010101011011011110111011011011111010101100000100
001001111101000011011111001101011011000010000101010101011011011110111011011011111010101100000100
100101100111111101010000100111101111000010000101010101011011011110111011011011111010101100000100
111011010101010100111100010100011100000010000101010101011011011110111011011011111010101100000100
010011100010010110100000001010111110000010000101010101011011011110111011011011111010101100000100
010001100000101000001111001011111000000010000101010101011011011110111011011011111010101100000100
111001101011110101111100010001100011000010000101010101011011011110111011011011111010101100000100
100010100110110111101110000001000001000010000101010101011011011110111011011011111010101100000100
001000011110101101011011101011101110000010000101010101011011011110111011011011111010101100000100
010001000101101000110110101101011111000010000101010101011011011110111011011011111010101100000100
011000011110110010010001111010101101000010000101010101011011011110111011011011111010101100000100
000111011001001101100000100110010010000010000101010101011011011110111011011011111010101100000100
011001010101110101111011110110111100000010000101010101011011011110111011011011111010101100000100
100010010110110010010110011101011100000010000101010101011011011110111011011011111010101100000100
010000001000111110111100111111101010000010000101010101011011011110111011011011111010101100000100
010001110011101001111001110110001001000010000101010101011011011110111011011011111010101100000100
101101100111110011010111111101011110000010000101010101011011011110111011011011111010101100000100
100000110011001000000000000111000110000010000101010101011011011110111011011011111010101100000100
011001010001000100100001110101010110000010000101010101011011011110111011011011111010101100000100
010011100111100101101000100001110010000010000101010101011011011110111011011011111010101100000100
000001011001001100111100110010001001000010000101010101011011011110111011011011111010101100000100
100011101110111010110001101111101010000010000101010101011011011110111011011011111010101100000100
011101110100101110010010011000010111000010000101010101011011011110111011011011111010101100000100
100110000110101001010100010100101101000010000101010101011011011110111011011011111010101100000100
000001000001101101001110000001001000000010000101010101011011011110111011011011111010101100000100
101111011100010111111101000000100101000010000101010101011011011110111011011011111010101100000100
111011111010110011010111111101001100000010000101010101011011011110111011011011111010101100000100
100001000010000100110011010110100001000010000101010101011011011110111011011011111010101100000100
000101111000100001010001110101110001000010000101010101011011011110111011011011111010101100000100
011110110000010101010111000111110010000010000101010101011011011110111011011011111010101100000100
110110001000101101010010010011110001000010000101010101011011011110111011011011111010101100000100
010111110011111101010110000110100001000010000101010101011011011110111011011011111010101100000100
010000110010011101110101101100110011000010000101010101011011011110111011011011111010101100000100
011011101000111000110111100111001100000010000101010101011011011110111011011011111010101100000100
111111100110100001101111000011010111000010000101010101011011011110111011011011111010101100000100
010011110010010111111111111001000100000010000101010101011011011110111011011011111010101100000100
100100110101010110010101100111101010000010000101010101011011011110111011011011111010101100000100
100001011011101000100111111100111111000010000101010101011011011110111011011011111010101100000100
100001110010100101111010001011101110000010000101010101011011011110111011011011111010101100000100
111000000101101001001010101011111011000010000101010101011011011110111011011011111010101100000100
010011110001110101110111101010110010000010000101010101011011011110111011011011111010101100000100
001000101111001000100111000010101101000010000101010101011011011110111011011011111010101100000100
110000101110010101101101100110010010000010000101010101011011011110111011011011111010101100000100
101010001100000100111010010110101011000010000101010101011011011110111011011011111010101100000100
100011110011000000100100100101000111000010000101010101011011011110111011011011111010101100000100
000000101011111100010101111100100100000010000101010101011011011110111011011011111010101100000100
100001011100100110001110110010001101000010000101010101011011011110111011011011111010101100000100
010110010111001001111000011110101010000010000101010101011011011110111011011011111010101100000100
000101011100011000010010001100110111000010000101010101011011011110111011011011111010101100000100
010001111111011101100000101001000011000010000101010101011011011110111011011011111010101100000100
001100101000100111110111101000111101000010000101010101011011011110111011011011111010101100000100
100111100100100110111011001010001001000010000101010101011011011110111011011011111010101100000100
010101100001101100011011101001000101000010000101010101011011011110111011011011111010101100000100
011000111101110100100111001001001000000010000101010101011011011110111011011011111010101100000100
100000101101101100100011100110000110000010000101010101011011011110111011011011111010101100000100
011101000010110110010011001100101001000010000101010101011011011110111011011011111010101100000100
010000101011111011000100111111000000000010000101010101011011011110111011011011111010101100000100
010101001000110001111001101001000101000010000101010101011011011110111011011011111010101100000100
001010001001111111101111001011101100000010000101010101011011011110111011011011111010101100000100
010001101010011110101101111110011101000010000101010101011011011110111011011011111010101100000100
001110111100000010011100110000100001000010000101010101011011011110111011011011111010101100000100
100010110010110011011010110000101110000010000101010101011011011110111011011011111010101100000100
010101001110100101000100001111100011000010000101010101011011011110111011011011111010101100000100
010100011110111110011010011010110101000010000101010101011011011110111011011011111010101100000100
000111011000101110010101101000000110000010000101010101011011011110111011011011111010101100000100
100011110011001001101010100011000010000010000101010101011011011110111011011011111010101100000100
011001101010100000011110010100111011000010000101010101011011011110111011011011111010101100000100
101010110111010001110001111111101000000010000101010101011011011110111011011011111010101100000100
010111111001010010111101000000010000000010000101010101011011011110111011011011111010101100000100
011110101000111001001000111100110111000010000101010101011011011110111011011011111010101100000100
110001011101010000111000100111110100000010000101010101011011011110111011011011111010101100000100
101010010100100010101100000101011100000010000101010101011011011110111011011011111010101100000100
001110110100010010011001001010010000000010000101010101011011011110111011011011111010101100000100
100111000010100110110011110001011101000010000101010101011011011110111011011011111010101100000100
101001011001101000110100100010110010000010000101010101011011011110111011011011111010101100000100
010100010011000001010111111101101001000010000101010101011011011110111011011011111010101100000100
101000101101100011101110001000100101000010000101010101011011011110111011011011111010101100000100
110110011110011010101111010110111001000010000101010101011011011110111011011011111010101100000100
000011110111010000111111011001000010000010000101010101011011011110111011011011111010101100000100
101001010101001100000110101000111111000010000101010101011011011110111011011011111010101100000100
001101011111110011101011100111111110000010000101010101011011011110111011011011111010101100000100
111100011100011100000101101110101011000010000101010101011011011110111011011011111010101100000100
111010010001100011110001001000100000000010000101010101011011011110111011011011111010101100000100
100100101010011101000000010011010011000010000101010101011011011110111011011011111010101100000100
010001000101011000111101110000111000000010000101010101011011011110111011011011111010101100000100
010000101110111000001111110101100110000010000101010101011011011110111011011011111010101100000100
011011000010000000001011111000111011000010000101010101011011011110111011011011111010101100000100
100011101111101011000110110010110011000010000101010101011011011110111011011011111010101100000100
100010111110001100010001101111010011000010000101010101011011011110111011011011111010101100000100
110100001111101101100011010110001111000010000101010101011011011110111011011011111010101100000100
110010111110101111101100100010110101000010000101010101011011011110111011011011111010101100000100
011110011000001110011110111000000011000010000101010101011011011110111011011011111010101100000100
011101111000000110100101011100111100000010000101010101011011011110111011011011111010101100000100
101111011101100001110111101000110101000010000101010101011011011110111011011011111010101100000100
011010011111011001001100000101100111000010000101010101011011011110111011011011111010101100000100
001111101111110100010100111011000110000010000101010101011011011110111011011011111010101100000100
000001111000001010011101110010011101000010000101010101011011011110111011011011111010101100000100
011101110000111101101000010100100111000010000101010101011011011110111011011011111010101100000100
011011100100011000101001111001111011000010000101010101011011011110111011011011111010101100000100
101111101100000101000000111101000000000010000101010101011011011110111011011011111010101100000100
100110011011111110101111100001001010000010000101010101011011011110111011011011111010101100000100
100001100101001101001000001111100110000010000101010101011011011110111011011011111010101100000100
000111001111101101000101000110101101000010000101010101011011011110111011011011111010101100000100
001000010100100001101101100100001010000010000101010101011011011110111011011011111010101100000100
001100101000110011110101101100110101000010000101010101011011011110111011011011111010101100000100
100000111010011011110010111100011110000010000101010101011011011110111011011011111010101100000100
011111100001100111101111111000011011000010000101010101011011011110111011011011111010101100000100
110011110100010111000010100101011111000010000101010101011011011110111011011011111010101100000100
110001101010011100111010100111001010000010000101010101011011011110111011011011111010101100000100
000000111101101100101100010111111011000010000101010101011011011110111011011011111010101100000100
001011110100000111000111001110111110000010000101010101011011011110111011011011111010101100000100
100100001001001011011000101101110001000010000101010101011011011110111011011011111010101100000100
100100100000010001011100011010111110000010000101010101011011011110111011011011111010101100000100
011010011111001100111010111100010000000010000101010101011011011110111011011011111010101100000100
101100111100001100000110111010010110000010000101010101011011011110111011011011111010101100000100
001001001000110000101110001011001111000010000101010101011011011110111011011011111010101100000100
100001000101101011010000100001001110000010000101010101011011011110111011011011111010101100000100
000101101111110000011101001011111011000010000101010101011011011110111011011011111010101100000100
100111010011000101111111100111110010000010000101010101011011011110111011011011111010101100000100
010010000101111101000100011101111111000010000101010101011011011110111011011011111010101100000100
110010100000110001000010010001011111000010000101010101011011011110111011011011111010101100000100
000101101010001011010101000011100001000010000101010101011011011110111011011011111010101100000100
111001011010010100011111110100010011000010000101010101011011011110111011011011111010101100000100
111011010111011000001110000111100110000010000101010101011011011110111011011011111010101100000100
001001001010011101000010110111110110000010000101010101011011011110111011011011111010101100000100
111001110111110001110011011101011111000010000101010101011011011110111011011011111010101100000100
110011001010111100011101110110101101000010000101010101011011011110111011011011111010101100000100
010000111001110001001000011101110111000010000101010101011011011110111011011011111010101100000100
010011101110101111011101010100000110000010000101010101011011011110111011011011111010101100000100
010011110101110011100110110000111111000010000101010101011011011110111011011011111010101100000100
010010011011100011011001100100001011000010000101010101011011011110111011011011111010101100000100
001110100011110001110000000100110101000010000101010101011011011110111011011011111010101100000100
101001011001011100110110111101011000000010000101010101011011011110111011011011111010101100000100
000010100101010010011101011011110011000010000101010101011011011110111011011011111010101100000100
001110100000001001000010100110000110000010000101010101011011011110111011011011111010101100000100
011110000110100100001110111100000101000010000101010101011011011110111011011011111010101100000100
111010111010110000110001101010110101000010000101010101011011011110111011011011111010101100000100
101001111101100010100101100111110101000010000101010101011011011110111011011011111010101100000100
000011101101101111001110101000011110000010000101010101011011011110111011011011111010101100000100
001001110001101010101111000010111100000010000101010101011011011110111011011011111010101100000100
111110000000100101010000011100000001000010000101010101011011011110111011011011111010101100000100
100010100101011011011011110101010010000010000101010101011011011110111011011011111010101100000100
100001011110101010000001001010100110000010000101010101011011011110111011011011111010101100000100
010101010011110111011000011111101001000010000101010101011011011110111011011011111010101100000100
000010010011001101010100011010001000000010000101010101011011011110111011011011111010101100000100
101100010011011000010000010000000110000010000101010101011011011110111011011011111010101100000100
000100010100101111000101010101001010000010000101010101011011011110111011011011111010101100000100
001110110110111101011100001011001001000010000101010101011011011110111011011011111010101100000100
101101000000001001010101100011010011000010000101010101011011011110111011011011111010101100000100
001101110101101111101101001111010010000010000101010101011011011110111011011011111010101100000100
110100110110111001100100000100111111000010000101010101011011011110111011011011111010101100000100
110100100001000001110001010100101010000010000101010101011011011110111011011011111010101100000100
010111110011101110011110001011110101000010000101010101011011011110111011011011111010101100000100
110010000100011110100000101100010001000010000101010101011011011110111011011011111010101100000100
101101010111000001111001000010110100000010000101010101011011011110111011011011111010101100000100
111101010100011110100001011010010001000010000101010101011011011110111011011011111010101100000100
111100000111110010001011110100000100000010000101010101011011011110111011011011111010101100000100
001111101111100001101010001100000010000010000101010101011011011110111011011011111010101100000100
110011111111110010000000101100010111000010000101010101011011011110111011011011111010101100000100
100001010111111111100000100110101001000010000101010101011011011110111011011011111010101100000100
101101111000111111101010101011010001000010000101010101011011011110111011011011111010101100000100
100110010001111001110101010100110000000010000101010101011011011110111011011011111010101100000100
101010101100101100000011011111011011000010000101010101011011011110111011011011111010101100000100
101010011101010101010110110101010010000010000101010101011011011110111011011011111010101100000100
010001001110100100111011010011010010000010000101010101011011011110111011011011111010101100000100
010001010001001100000010000011111101000010000101010101011011011110111011011011111010101100000100
001001110110100000111011111000100101000010000101010101011011011110111011011011111010101100000100
100000001100010010100100001000001100000010000101010101011011011110111011011011111010101100000100
001111011000000111100101001110000010000010000101010101011011011110111011011011111010101100000100
101110100010101100110001001110000000000010000101010101011011011110111011011011111010101100000100
101000110000111101001100100111101011000010000101010101011011011110111011011011111010101100000100
011101101100100001000000000000011111000010000101010101011011011110111011011011111010101100000100
011000000010110010011001100010110100000010000101010101011011011110111011011011111010101100000100
010101100100011101111000110010100010000010000101010101011011011110111011011011111010101100000100
110101110011000001101000011011001010000010000101010101011011011110111011011011111010101100000100
100011000101101001001010111101001100000010000101010101011011011110111011011011111010101100000100
000001100010000111111010110110010001000010000101010101011011011110111011011011111010101100000100
010011010000001111110100110100110001000010000101010101011011011110111011011011111010101100000100
000000000001011111000000101011110000000010000101010101011011011110111011011011111010101100000100
111010011001000111101000110111110010000010000101010101011011011110111011011011111010101100000100
000110101110011111100101111110011111000010000101010101011011011110111011011011111010101100000100
001011101011001110000111100101110101000010000101010101011011011110111011011011111010101100000100
101001101101010011101010100010010111000010000101010101011011011110111011011011111010101100000100
010010100110101001101101010011010011000010000101010101011011011110111011011011111010101100000100
000101011101000111001010110110100111000010000101010101011011011110111011011011111010101100000100
101110100111001001110000101110110000000010000101010101011011011110111011011011111010101100000100
100011100011100110110111010110001101000010000101010101011011011110111011011011111010101100000100
111100000100010001110011110101010011000010000101010101011011011110111011011011111010101100000100
001001110011011110010110101110011100000010000101010101011011011110111011011011111010101100000100
110100101111001000011001101000010000000010000101010101011011011110111011011011111010101100000100
101101011111011001001111011100111001000010000101010101011011011110111011011011111010101100000100
110011101001001010010101100001011001000010000101010101011011011110111011011011111010101100000100
000011100000010100111110101110000000000010000101010101011011011110111011011011111010101100000100
111011000110000011100011011011000111000010000101010101011011011110111011011011111010101100000100
110100101011000011110011001100001011000010000101010101011011011110111011011011111010101100000100
100101100100100011100100110100000101000010000101010101011011011110111011011011111010101100000100
100111010000010001101110001010001000000010000101010101011011011110111011011011111010101100000100
111011011110000010100001001100100000000010000101010101011011011110111011011011111010101100000100
111010000010101000100001110011011110000010000101010101011011011110111011011011111010101100000100
101011101000010100010010100111100110000010000101010101011011011110111011011011111010101100000100
001100110001111001001001010001110011000010000101010101011011011110111011011011111010101100000100
111110000110110100011011011000111111000010000101010101011011011110111011011011111010101100000100
010000011101000011101000000101010100000010000101010101011011011110111011011011111010101100000100
000101001011110101101100111011100010000010000101010101011011011110111011011011111010101100000100
011110110011000101111010010111010011000010000101010101011011011110111011011011111010101100000100
101001110110100010000101011101101100000010000101010101011011011110111011011011111010101100000100
100011001011110001100110011000100111000010000101010101011011011110111011011011111010101100000100
100010010101011100010111011110010111000010000101010101011011011110111011011011111010101100000100
001011001010011111101100010010111001000010000101010101011011011110111011011011111010101100000100
110000000110010000101100110101000111000010000101010101011011011110111011011011111010101100000100
011010110000110111010010010100111111000010000101010101011011011110111011011011111010101100000100
000111001000010010111100000010101001000010000101010101011011011110111011011011111010101100000100
010100010111001100000011100001000110000010000101010101011011011110111011011011111010101100000100
100100100001001010001101000111000000000010000101010101011011011110111011011011111010101100000100
010101010001101011101100011011000100000010000101010101011011011110111011011011111010101100000100
100010100000111100100010010010110001000010000101010101011011011110111011011011111010101100000100
001010001001010110000110010110111000000010000101010101011011011110111011011011111010101100000100
010111100010101100001110001001101100000010000101010101011011011110111011011011111010101100000100
100101011110100001100001011000000000000010000101010101011011011110111011011011111010101100000100
111110111001001111111010001110010011000010000101010101011011011110111011011011111010101100000100
001110011100111100111001111100000101000010000101010101011011011110111011011011111010101100000100
001001100000011100101110010010101101000010000101010101011011011110111011011011111010101100000100
001011000010100010011000110010010000000010000101010101011011011110111011011011111010101100000100
000110110011001100001110101010100100000010000101010101011011011110111011011011111010101100000100
011000000011011010011111010110011000000010000101010101011011011110111011011011111010101100000100
011110101100110100001111111111110000000010000101010101011011011110111011011011111010101100000100
000001010100101000101111000100010010000010000101010101011011011110111011011011111010101100000100
000001111110111010000001110111011101000010000101010101011011011110111011011011111010101100000100
110000010111010110000101000011101100000010000101010101011011011110111011011011111010101100000100
011011011101111101010101111011110110000010000101010101011011011110111011011011111010101100000100
010101011001011001101110010001100100000010000101010101011011011110111011011011111010101100000100
111010100010100000110010001000110011000010000101010101011011011110111011011011111010101100000100
010011111111001111001111110110100111000010000101010101011011011110111011011011111010101100000100
011000011011011011111010111001110111000010000101010101011011011110111011011011111010101100000100
011000101110011101111001111000110110000010000101010101011011011110111011011011111010101100000100
010011010100000100110100001010100101000010000101010101011011011110111011011011111010101100000100
110110111010101100000111111011010000000010000101010101011011011110111011011011111010101100000100
000101001010001010100000000010000100000010000101010101011011011110111011011011111010101100000100
000101000100010010111010110011010010000010000101010101011011011110111011011011111010101100000100
001110000001100101100010101011011011000010000101010101011011011110111011011011111010101100000100
110010100101010110011110110001111001000010000101010101011011011110111011011011111010101100000100
010011000010010000110001011100010110000010000101010101011011011110111011011011111010101100000100
000101111110111001101101000100000111000010000101010101011011011110111011011011111010101100000100
001011010001110011011110100101111001000010000101010101011011011110111011011011111010101100000100
100100110110100110100111101110110100000010000101010101011011011110111011011011111010101100000100
000100110010111111010101110011101011000010000101010101011011011110111011011011111010101100000100
110111100011000000011110010000111110000010000101010101011011011110111011011011111010101100000100
100010110100011100101011110010010001000010000101010101011011011110111011011011111010101100000100
100010100001101001010110101000100100000010000101010101011011011110111011011011111010101100000100
001100101110101001010010001100010001000010000101010101011011011110111011011011111010101100000100
110011010001010101010111101100111101000010000101010101011011011110111011011011111010101100000100
100000001100000101110101011100011001000010000101010101011011011110111011011011111010101100000100
001100101001100000011011000110111001000010000101010101011011011110111011011011111010101100000100
010111101001000011100101101011111100000010000101010101011011011110111011011011111010101100000100
001001100001110001011001100011010111000010000101010101011011011110111011011011111010101100000100
001010011110001010011000011111010000000010000101010101011011011110111011011011111010101100000100
100100101010101100011111110000110010000010000101010101011011011110111011011011111010101100000100
110001000011111100101111010100010100000010000101010101011011011110111011011011111010101100000100
110110000001011101001110001010101111000010000101010101011011011110111011011011111010101100000100
101111101110100000101001011000100011000010000101010101011011011110111011011011111010101100000100
101010000010010100110111100111000010000010000101010101011011011110111011011011111010101100000100
101100000110100111001110010000001111000010000101010101011011011110111011011011111010101100000100
110010010011100101011100110010110111000010000101010101011011011110111011011011111010101100000100
010010101111000000011100100110110110000010000101010101011011011110111011011011111010101100000100
110000100111100100100100001001101111000010000101010101011011011110111011011011111010101100000100
011001111101111100101110010110011011000010000101010101011011011110111011011011111010101100000100
111111101000100110100100110111001100000010000101010101011011011110111011011011111010101100000100
011011001000011111010100110101100100000010000101010101011011011110111011011011111010101100000100
110001101011101110110011000101010100000010000101010101011011011110111011011011111010101100000100
000011111110010010100110111111010011000010000101010101011011011110111011011011111010101100000100
110001110111101111100110100010101101000010000101010101011011011110111011011011111010101100000100
111011011101111011001110000100111111000010000101010101011011011110111011011011111010101100000100
101010101001010010100011101100011000000010000101010101011011011110111011011011111010101100000100
010110001000110001011111100000010000000010000101010101011011011110111011011011111010101100000100
110011011001101111011110001011000011000010000101010101011011011110111011011011111010101100000100
001000001000101100110011110110110011000010000101010101011011011110111011011011111010101100000100
110000000101000100010111011111000110000010000101010101011011011110111011011011111010101100000100
101001111000100000101100011001100100000010000101010101011011011110111011011011111010101100000100
001101111110111000110010010011101010000010000101010101011011011110111011011011111010101100000100
001110101100100100111110111100100111000010000101010101011011011110111011011011111010101100000100
101100110001001000001111100001100101000010000101010101011011011110111011011011111010101100000100
110110001110110010001100011010001100000010000101010101011011011110111011011011111010101100000100
101001100100100010010100110110011000000010000101010101011011011110111011011011111010101100000100
011110000100101100101110001000110000000010000101010101011011011110111011011011111010101100000100
111010111010000001010011110100101010000010000101010101011011011110111011011011111010101100000100
111001100100011111100100010100100110000010000101010101011011011110111011011011111010101100000100
000100010101010010000111100110101010000010000101010101011011011110111011011011111010101100000100
001011011101010010100110100010111110000010000101010101011011011110111011011011111010101100000100
101001011001100111111000010000011111000010000101010101011011011110111011011011111010101100000100
111111000110010101101010100000111010000010000101010101011011011110111011011011111010101100000100
011010101001011001110011100001000010000010000101010101011011011110111011011011111010101100000100
100000010100110110100001110001011010000010000101010101011011011110111011011011111010101100000100
111100001101100100110010010001010000000010000101010101011011011110111011011011111010101100000100
011100100000110011100010011000001100000010000101010101011011011110111011011011111010101100000100
111001110111000111000100000011010101000010000101010101011011011110111011011011111010101100000100
101011110111010101110000000010100101000010000101010101011011011110111011011011111010101100000100
000001000100110011001111111110110011000010000101010101011011011110111011011011111010101100000100
110000111111010010000010101111101101000010000101010101011011011110111011011011111010101100000100
100001000010001000100111101111010000000010000101010101011011011110111011011011111010101100000100
001111011110010110011101000011111100000010000101010101011011011110111011011011111010101100000100
110010111110110110000000010110000101000010000101010101011011011110111011011011111010101100000100
010010111100101111111100010011100110000010000101010101011011011110111011011011111010101100000100
011111101010101101010101011110111100000010000101010101011011011110111011011011111010101100000100
000101000111111001010101100111110010000010000101010101011011011110111011011011111010101100000100
100111101001101110101001001110011001000010000101010101011011011110111011011011111010101100000100
111010000000101010011100001000010111000010000101010101011011011110111011011011111010101100000100
111100010101011101000000111101110110000010000101010101011011011110111011011011111010101100000100
011100011110101011111000001011100000000010000101010101011011011110111011011011111010101100000100
010111010101111010001110111000101011000010000101010101011011011110111011011011111010101100000100
101010111010000001011011001101111101000010000101010101011011011110111011011011111010101100000100
101111000100100110101010101111101110000010000101010101011011011110111011011011111010101100000100
100011000010000011001000001001001010000010000101010101011011011110111011011011111010101100000100
010000100011111011100011011010101010000010000101010101011011011110111011011011111010101100000100
011010001100100010110000101101010100000010000101010101011011011110111011011011111010101100000100
110010011100000110001010101010111000000010000101010101011011011110111011011011111010101100000100
100111010110011010101100100100100100000010000101010101011011011110111011011011111010101100000100
100000000001100001101101101011010101000010000101010101011011011110111011011011111010101100000100
010000000110111010100101000000010010000010000101010101011011011110111011011011111010101100000100
111011110010001101100011010001001100000010000101010101011011011110111011011011111010101100000100
001100000100000010101111111111010001000010000101010101011011011110111011011011111010101100000100
110110100010011110100111011011110001000010000101010101011011011110111011011011111010101100000100
001011011100000101000010111001110000000010000101010101011011011110111011011011111010101100000100
001010101010110100100100000010001111000010000101010101011011011110111011011011111010101100000100
111101110011001100110110001101011101000010000101010101011011011110111011011011111010101100000100
001001001001011010110001010101100101000010000101010101011011011110111011011011111010101100000100
010111010011000000101000010110100001000010000101010101011011011110111011011011111010101100000100
101101011111011010011000011110111100000010000101010101011011011110111011011011111010101100000100
010111010110010101001000111001001100000010000101010101011011011110111011011011111010101100000100
110011110010100001111101101100100101000010000101010101011011011110111011011011111010101100000100
011111111000111110000010101011001111000010000101010101011011011110111011011011111010101100000100
100100101010101010001011000111100111000010000101010101011011011110111011011011111010101100000100
100001100010010000010111101100110010000010000101010101011011011110111011011011111010101100000100
111100011110000101100111101111000100000010000101010101011011011110111011011011111010101100000100
011110101111000100100000011111111000000010000101010101011011011110111011011011111010101100000100
000011101110001100101000000001100011000010000101010101011011011110111011011011111010101100000100
101010010100001100010001111000001110000010000101010101011011011110111011011011111010101100000100
111000000110101010011011011000110110000010000101010101011011011110111011011011111010101100000100
001000111101101010110001011111011101000010000101010101011011011110111011011011111010101100000100
100000010011111001000101110111010011000010000101010101011011011110111011011011111010101100000100
000111000000110101101010001010110000000010000101010101011011011110111011011011111010101100000100
111011101011010011110101011111001110000010000101010101011011011110111011011011111010101100000100
011000100001010100100101101000010111000010000101010101011011011110111011011011111010101100000100
111011010010110111010101100011110101000010000101010101011011011110111011011011111010101100000100
010110111101101001101110110011011110000010000101010101011011011110111011011011111010101100000100
101011110010011110011001011010100001000010000101010101011011011110111011011011111010101100000100
001000000110110010100111001110111100000010000101010101011011011110111011011011111010101100000100
011011110101001111111000011101011011000010000101010101011011011110111011011011111010101100000100
010100111000111011011010100011010001000010000101010101011011011110111011011011111010101100000100
000000000000101000011010010011010000000010000101010101011011011110111011011011111010101100000100
110110000010100100010000011010011111000010000101010101011011011110111011011011111010101100000100
101001011001100000111010100110001100000010000101010101011011011110111011011011111010101100000100
101100110111101001101000001110110000000010000101010101011011011110111011011011111010101100000100
000000111000001001110110010110101110000010000101010101011011011110111011011011111010101100000100
101000010000000010100000000100100011000010000101010101011011011110111011011011111010101100000100
001110101010101010010101011110101001000010000101010101011011011110111011011011111010101100000100
111101110001010001000111111100000110000010000101010101011011011110111011011011111010101100000100
010010010111011001110101011101100100000010000101010101011011011110111011011011111010101100000100
100010110110101100001101101101101111000010000101010101011011011110111011011011111010101100000100
101101000000001001111111100000111010000010000101010101011011011110111011011011111010101100000100
011110111010100011010101001001001111000010000101010101011011011110111011011011111010101100000100
110011011001100011101011111011001100000010000101010101011011011110111011011011111010101100000100
101111001101110000101001010000111101000010000101010101011011011110111011011011111010101100000100
010101101101011100000000110100111001000010000101010101011011011110111011011011111010101100000100
000111001001101011100010011111110010000010000101010101011011011110111011011011111010101100000100
100111000001000101101010100010001010000010000101010101011011011110111011011011111010101100000100
011000001001000001101111101000111000000010000101010101011011011110111011011011111010101100000100
101010111101011010101101001101100111000010000101010101011011011110111011011011111010101100000100
011111111000010111101111100010000010000010000101010101011011011110111011011011111010101100000100
011001110001111011010011101111011110000010000101010101011011011110111011011011111010101100000100
111101001110011001101111010110000111000010000101010101011011011110111011011011111010101100000100
111100101101000001111011110000001101000010000101010101011011011110111011011011111010101100000100
111010010000010010111100101110010010000010000101010101011011011110111011011011111010101100000100
010101100001111010101010101101011111000010000101010101011011011110111011011011111010101100000100
101010001110001000001111111111101100000010000101010101011011011110111011011011111010101100000100
001101111100011001001101010000011111000010000101010101011011011110111011011011111010101100000100
111101010101100101011011110001001100000010000101010101011011011110111011011011111010101100000100
001100010110110010110010001100011011000010000101010101011011011110111011011011111010101100000100
001110110001101111111010010011100010000010000101010101011011011110111011011011111010101100000100
110110100001100000011000010000101001000010000101010101011011011110111011011011111010101100000100
010001001100011100101010100100000010000010000101010101011011011110111011011011111010101100000100
000110010110110101001100110011010111000010000101010101011011011110111011011011111010101100000100
001001110110001010101010111001000111000010000101010101011011011110111011011011111010101100000100
011001100010000000011100100101001100000010000101010101011011011110111011011011111010101100000100
100010001100010111100000010100001101000010000101010101011011011110111011011011111010101100000100
111010110000001010001001010011001111000010000101010101011011011110111011011011111010101100000100
111001001110100100001010101000110010000010000101010101011011011110111011011011111010101100000100
101111001110001011111111110111000000000010000101010101011011011110111011011011111010101100000100
101110001011011100000010011001110001000010000101010101011011011110111011011011111010101100000100
010110000110001111111010100010110000000010000101010101011011011110111011011011111010101100000100
110011011000100011110001001010010100000010000101010101011011011110111011011011111010101100000100
100100100110011011000010100100100110000010000101010101011011011110111011011011111010101100000100
010110100100100000111110101110100000000010000101010101011011011110111011011011111010101100000100
111010010110000100111100010110100101000010000101010101011011011110111011011011111010101100000100
101011101110001000000011111101101101000010000101010101011011011110111011011011111010101100000100
100110111010110010010001001011101101000010000101010101011011011110111011011011111010101100000100
010011001001010001010000100100111110000010000101010101011011011110111011011011111010101100000100
100011101101110101100001110000101011000010000101010101011011011110111011011011111010101100000100
001011000011011010100000111000010101000010000101010101011011011110111011011011111010101100000100
010011010011101100001100110110011110000010000101010101011011011110111011011011111010101100000100
100110100011101100110011100111011010000010000101010101011011011110111011011011111010101100000100
011010100010011000000110101001001010000010000101010101011011011110111011011011111010101100000100
001010011101111111111010010111010101000010000101010101011011011110111011011011111010101100000100
011010110001101100100101100111101110000010000101010101011011011110111011011011111010101100000100
111001011101000100010001101110100111000010000101010101011011011110111011011011111010101100000100
100100101011001011001110100100111011000010000101010101011011011110111011011011111010101100000100
110010000001111111000101010110101011000010000101010101011011011110111011011011111010101100000100
011111111001110010000101001000101110000010000101010101011011011110111011011011111010101100000100
111110110010000110001101110101101110000010000101010101011011011110111011011011111010101100000100
111111001111010010111100010011010101000010000101010101011011011110111011011011111010101100000100
110001011010100010011010000111110100000010000101010101011011011110111011011011111010101100000100
011100101110110100101011100101100100000010000101010101011011011110111011011011111010101100000100
010110101100100010010101000000111011000010000101010101011011011110111011011011111010101100000100
100101011000000011100001111101100110000010000101010101011011011110111011011011111010101100000100
110010011101011011111000000101110110000010000101010101011011011110111011011011111010101100000100
001100001001100010001011111101111010000010000101010101011011011110111011011011111010101100000100
101000010101101100000011010111101110000010000101010101011011011110111011011011111010101100000100
010110011101111111010101000001011010000010000101010101011011011110111011011011111010101100000100
111000001110100111100000001001000110000010000101010101011011011110111011011011111010101100000100
000111011111011111100001101100000100000010000101010101011011011110111011011011111010101100000100
100010000000100001010111111001000110000010000101010101011011011110111011011011111010101100000100
111100001111001010100100111001100110000010000101010101011011011110111011011011111010101100000100
101101001110001001001110111010011001000010000101010101011011011110111011011011111010101100000100
100101110110100000110110011011000011000010000101010101011011011110111011011011111010101100000100
100001111101001010111101011110100100000010000101010101011011011110111011011011111010101100000100
111010111100001100000011000010100101000010000101010101011011011110111011011011111010101100000100
001111011111001110101111000110011000000010000101010101011011011110111011011011111010101100000100
000010010101000011000110110010000101000010000101010101011011011110111011011011111010101100000100
011111100101001110001100001100011001000010000101010101011011011110111011011011111010101100000100
011000111010111111001110111010111100000010000101010101011011011110111011011011111010101100000100
111101000110101100010000101101010000000010000101010101011011011110111011011011111010101100000100
010000001100001011100000100100100100000010000101010101011011011110111011011011111010101100000100
010011111000111100100000000110100000000010000101010101011011011110111011011011111010101100000100
101010000101101100010000000110000100000010000101010101011011011110111011011011111010101100000100
111001111100101101110011110011000000000010000101010101011011011110111011011011111010101100000100
111101011010011111110001100100011000000010000101010101011011011110111011011011111010101100000100
001000011000101000000000010110111100000010000101010101011011011110111011011011111010101100000100
110101010111011111011010100010001000000010000101010101011011011110111011011011111010101100000100
000101110000000010100100001110001110000010000101010101011011011110111011011011111010101100000100
100111100011001010100000000000010011000010000101010101011011011110111011011011111010101100000100
101010000101011010110101100100010010000010000101010101011011011110111011011011111010101100000100
111010110011111100011010001001111110000010000101010101011011011110111011011011111010101100000100
010011000101001100100101100110010011000010000101010101011011011110111011011011111010101100000100
011000100001000011011011000010100110000010000101010101011011011110111011011011111010101100000100
000011100001001011011100000111000000000010000101010101011011011110111011011011111010101100000100
011101111111011100011110010011000001000010000101010101011011011110111011011011111010101100000100
100110110110110110010000110100010001000010000101010101011011011110111011011011111010101100000100
000100010000111110001010011011011110000010000101010101011011011110111011011011111010101100000100
101111011110111001100100100001000111000010000101010101011011011110111011011011111010101100000100
000011111110000110100011000010101110000010000101010101011011011110111011011011111010101100000100
110101101101101001010001010011001111000010000101010101011011011110111011011011111010101100000100
101010000010001110011001000000010111000010000101010101011011011110111011011011111010101100000100
000111110011001100101001010011011100000010000101010101011011011110111011011011111010101100000100
001001100101101101111001101101100110000010000101010101011011011110111011011011111010101100000100
001100011100111000011010110110011000000010000101010101011011011110111011011011111010101100000100
111110011100010001001001101001111010000010000101010101011011011110111011011011111010101100000100
110110011001100000111010111100101100000010000101010101011011011110111011011011111010101100000100
010101101011010100110101100010011110000010000101010101011011011110111011011011111010101100000100
011101101011100010010100101100100110000010000101010101011011011110111011011011111010101100000100
001000011010000010010110001100101001000010000101010101011011011110111011011011111010101100000100
101010010110100011011100001110001001000010000101010101011011011110111011011011111010101100000100
111100001010100011110100001010111100000010000101010101011011011110111011011011111010101100000100
010000011100011110101000011001101001000010000101010101011011011110111011011011111010101100000100
011110101111101001001100100001001101000010000101010101011011011110111011011011111010101100000100
010101110000000100110000101010111010000010000101010101011011011110111011011011111010101100000100
011000001110010101101101110111001010000010000101010101011011011110111011011011111010101100000100
111001000111101111101000011101001111000010000101010101011011011110111011011011111010101100000100
000010110010000011001111100110001111000010000101010101011011011110111011011011111010101100000100
101001111111011110001011111100100011000010000101010101011011011110111011011011111010101100000100
010010110101111101101010001100011111000010000101010101011011011110111011011011111010101100000100
111010101100101111001110110010001101000010000101010101011011011110111011011011111010101100000100
011010100110100100011111100100001010000010000101010101011011011110111011011011111010101100000100
101000101011110100101111011101001110000010000101010101011011011110111011011011111010101100000100
010110110100111111100111101101110010000010000101010101011011011110111011011011111010101100000100
111111010100100000010001100011011001000010000101010101011011011110111011011011111010101100000100
011011100110100001111010011001111000000010000101010101011011011110111011011011111010101100000100
111011010110000010011000000001001111000010000101010101011011011110111011011011111010101100000100
100011001111101101001111101110000011000010000101010101011011011110111011011011111010101100000100
001001101110110000100100101100110110000010000101010101011011011110111011011011111010101100000100
101011001111100011101011101110110001000010000101010101011011011110111011011011111010101100000100
010100100111111111100100011010000100000010000101010101011011011110111011011011111010101100000100
000001100100001101000001101000011000000010000101010101011011011110111011011011111010101100000100
011110001100111010011101100001000111000010000101010101011011011110111011011011111010101100000100
100010001001110100001010110011011100000010000101010101011011011110111011011011111010101100000100
000101010100110011000011010100111011000010000101010101011011011110111011011011111010101100000100
110100011101111011011000011010100010000010000101010101011011011110111011011011111010101100000100
101001010000110011111100000101110111000010000101010101011011011110111011011011111010101100000100
001110101111100100000100010000111001000010000101010101011011011110111011011011111010101100000100
010101111110111000111011100011101111000010000101010101011011011110111011011011111010101100000100
100110001110011100110110000110001110000010000101010101011011011110111011011011111010101100000100
001100010100011011001011100001010000000010000101010101011011011110111011011011111010101100000100
111001110000110111111000011001010001000010000101010101011011011110111011011011111010101100000100
001011101010111011101110000011100110000010000101010101011011011110111011011011111010101100000100
010100011000110100110010110000001000000010000101010101011011011110111011011011111010101100000100
111100010111001100100110010001001100000010000101010101011011011110111011011011111010101100000100
010010001110100110001111110011000111000010000101010101011011011110111011011011111010101100000100
111110001001101001110100010010100100000010000101010101011011011110111011011011111010101100000100
100001011000100001000001101101011110000010000101010101011011011110111011011011111010101100000100
101111110010100101100011101010001100000010000101010101011011011110111011011011111010101100000100
101111100100000111001111010010101001000010000101010101011011011110111011011011111010101100000100
001010101001010011100000000110000010000010000101010101011011011110111011011011111010101100000100
001100100000010100011001001100101101000010000101010101011011011110111011011011111010101100000100
011001000011101111100000011100111100000010000101010101011011011110111011011011111010101100000100
110100100110111011111011110001010000000010000101010101011011011110111011011011111010101100000100
100100101011111000010000101101011111000010000101010101011011011110111011011011111010101100000100
110100101011011100110010001000110100000010000101010101011011011110111011011011111010101100000100
000001000110100110101000000011000100000010000101010101011011011110111011011011111010101100000100
000010001001110010010010010010100011000010000101010101011011011110111011011011111010101100000100
100010110101011000100101111000101001000010000101010101011011011110111011011011111010101100000100
010001001001110111001011010011000100000010000101010101011011011110111011011011111010101100000100
001101011010111010110011001000011010000010000101010101011011011110111011011011111010101100000100
011100101000111101111111011101111111000010000101010101011011011110111011011011111010101100000100
101010110100001100101011111111011001000010000101010101011011011110111011011011111010101100000100
101000001110111010101000111100010010000010000101010101011011011110111011011011111010101100000100
000011001011011110101000100111100100000010000101010101011011011110111011011011111010101100000100
100011011011011110011010111001111010000010000101010101011011011110111011011011111010101100000100
111110000100011011001011001011111000000010000101010101011011011110111011011011111010101100000100
111000000000010111011000110000011110000010000101010101011011011110111011011011111010101100000100
001100001111101011001011101111001010000010000101010101011011011110111011011011111010101100000100
001110000011001100010010101010011110000010000101010101011011011110111011011011111010101100000100
010101110011000110101111101110110100000010000101010101011011011110111011011011111010101100000100
001111011110001100010001100100011101000010000101010101011011011110111011011011111010101100000100
111000111001111100000100110010100001000010000101010101011011011110111011011011111010101100000100
111100110011100001001000100111000110000010000101010101011011011110111011011011111010101100000100
000101100111101111010011101001100011000010000101010101011011011110111011011011111010101100000100
011100101100110011000100010001101000000010000101010101011011011110111011011011111010101100000100
100100000010111101000010000110011100000010000101010101011011011110111011011011111010101100000100
010100010101000100000100101001001011000010000101010101011011011110111011011011111010101100000100
111010000100110111011110101111011100000010000101010101011011011110111011011011111010101100000100
001001100100001111010010011001000000000010000101010101011011011110111011011011111010101100000100
101111011001011100011100101010001001000010000101010101011011011110111011011011111010101100000100
000010110000011011111011001011000001000010000101010101011011011110111011011011111010101100000100
111101100011110010001110001101111001000010000101010101011011011110111011011011111010101100000100
110001110100111000011010111011010000000010000101010101011011011110111011011011111010101100000100
011000101111001001001111011100100011000010000101010101011011011110111011011011111010101100000100
110011110110110001000111010000001010000010000101010101011011011110111011011011111010101100000100
101111000001011101110010011010101110000010000101010101011011011110111011011011111010101100000100
001101110001111110001110110110111110000010000101010101011011011110111011011011111010101100000100
001111011100010101111001111101010111000010000101010101011011011110111011011011111010101100000100
011110000001011010110100011111111101000010000101010101011011011110111011011011111010101100000100
111110101000101110010001010101110001000010000101010101011011011110111011011011111010101100000100
011101001110111110000011010001001010000010000101010101011011011110111011011011111010101100000100
001000100100100110010000110001000101000010000101010101011011011110111011011011111010101100000100
101011001110110011110111001001101111000010000101010101011011011110111011011011111010101100000100
000110111111010111101000010000111110000010000101010101011011011110111011011011111010101100000100
111010001110111100011001011101110101000010000101010101011011011110111011011011111010101100000100
110001001000110000101110001100100111000010000101010101011011011110111011011011111010101100000100
011111011001100000010010010100000110000010000101010101011011011110111011011011111010101100000100
110100010101011100101100011101100100000010000101010101011011011110111011011011111010101100000100
111010111011110100011010111001000111000010000101010101011011011110111011011011111010101100000100
111101010111010100010001110000001111000010000101010101011011011110111011011011111010101100000100
011010001110110010000101010010100011000010000101010101011011011110111011011011111010101100000100
011111110011100000001010110111011011000010000101010101011011011110111011011011111010101100000100
111011001110101110111111001111001101000010000101010101011011011110111011011011111010101100000100
000010110010110100001010011110110101000010000101010101011011011110111011011011111010101100000100
101011110001100000001000111000100010000010000101010101011011011110111011011011111010101100000100
011010010111001011101011100101010100000010000101010101011011011110111011011011111010101100000100
101101101011110001011010100001000001000010000101010101011011011110111011011011111010101100000100
111000101110100010110010000011110100000010000101010101011011011110111011011011111010101100000100
100001100000100000111010011111100010000010000101010101011011011110111011011011111010101100000100
000010100110111011000011000000110001000010000101010101011011011110111011011011111010101100000100
001001111000110101011111101000011011000010000101010101011011011110111011011011111010101100000100
111110101100100011110000110101010010000010000101010101011011011110111011011011111010101100000100
111101110001011111011110010011111000000010000101010101011011011110111011011011111010101100000100
111110111100111111101001100111010100000010000101010101011011011110111011011011111010101100000100
010001111111100101110010000001001011000010000101010101011011011110111011011011111010101100000100
111110000101101101100100001101010001000010000101010101011011011110111011011011111010101100000100
111101100111111110110011001010011010000010000101010101011011011110111011011011111010101100000100
001101110010001010101010000010001111000010000101010101011011011110111011011011111010101100000100
000011100000010101100111011111101010000010000101010101011011011110111011011011111010101100000100
111101000111011110101101111111011110000010000101010101011011011110111011011011111010101100000100
111111100000001101100000011101110111000010000101010101011011011110111011011011111010101100000100
000010000101001011000001011001110011000010000101010101011011011110111011011011111010101100000100
011001111011011010111001101101100000000010000101010101011011011110111011011011111010101100000100
111100110011001110011001111101110101000010000101010101011011011110111011011011111010101100000100
001101001011111001100111100011101011000010000101010101011011011110111011011011111010101100000100
001100110100101101100001000011000101000010000101010101011011011110111011011011111010101100000100
001100001011011000010000001010001010000010000101010101011011011110111011011011111010101100000100
110001111010111101101011111111100101000010000101010101011011011110111011011011111010101100000100
100010101010101101110101001100101100000010000101010101011011011110111011011011111010101100000100
000011111110100010101111001010001100000010000101010101011011011110111011011011111010101100000100
100010001101111100000010001110111010000010000101010101011011011110111011011011111010101100000100
001001111011100001101011011000010001000010000101010101011011011110111011011011111010101100000100
001001001100100011101000111111101010000010000101010101011011011110111011011011111010101100000100
010000100101101110101100101010010101000010000101010101011011011110111011011011111010101100000100
110100000111000101000000110101101001000010000101010101011011011110111011011011111010101100000100
001100011000010010111111100001101110000010000101010101011011011110111011011011111010101100000100
011101000011010100001010101010101111000010000101010101011011011110111011011011111010101100000100
100101111101011101101111011100001011000010000101010101011011011110111011011011111010101100000100
000110000100001101101001101000000010000010000101010101011011011110111011011011111010101100000100
000101110101010011010011100001001101000010000101010101011011011110111011011011111010101100000100
101011001101001100110000010011010110000010000101010101011011011110111011011011111010101100000100
110010100100010001001111110000000110000010000101010101011011011110111011011011111010101100000100
111000001111111111011111101010111101000010000101010101011011011110111011011011111010101100000100
100010101101011110001100110110001000000010000101010101011011011110111011011011111010101100000100
110011111100010101101001010111010111000010000101010101011011011110111011011011111010101100000100
011010100110010101000110110111100110000010000101010101011011011110111011011011111010101100000100
111101100101000000011110100110010010000010000101010101011011011110111011011011111010101100000100
111111011111101011110111100000101110000010000101010101011011011110111011011011111010101100000100
100111010001101010010100110100000101000010000101010101011011011110111011011011111010101100000100
001011000100101101010101110111010110000010000101010101011011011110111011011011111010101100000100
111111100100100011110001110101011011000010000101010101011011011110111011011011111010101100000100
110011000100100110110110011011010101000010000101010101011011011110111011011011111010101100000100
110010010110100000010001100111111101000010000101010101011011011110111011011011111010101100000100
011100110101110010100000000011110000000010000101010101011011011110111011011011111010101100000100
000010010010011001011110000101000010000010000101010101011011011110111011011011111010101100000100
001111101001011101001010100100110111000010000101010101011011011110111011011011111010101100000100
010011111110010110000111101101111010000010000101010101011011011110111011011011111010101100000100
001010011111001111101101000010111101000010000101010101011011011110111011011011111010101100000100
001101101110001011000000000001111100000010000101010101011011011110111011011011111010101100000100
110011100001001100110001001111000011000010000101010101011011011110111011011011111010101100000100
010111000111100101001110100001101100000010000101010101011011011110111011011011111010101100000100
010010011110011111110101101010111111000010000101010101011011011110111011011011111010101100000100
001101111001000111000001010001111001000010000101010101011011011110111011011011111010101100000100
111000111010010101010010001001100100000010000101010101011011011110111011011011111010101100000100
100101110001001111010011010001011001000010000101010101011011011110111011011011111010101100000100
010010011101010001010000000011000000000010000101010101011011011110111011011011111010101100000100
101110000011000011001111100000111000000010000101010101011011011110111011011011111010101100000100
111011110001011101000011011010001100000010000101010101011011011110111011011011111010101100000100
100100010101101110100101010111100010000010000101010101011011011110111011011011111010101100000100
110110001100001100011101000000011100000010000101010101011011011110111011011011111010101100000100
000010001001011001110000001010100000000010000101010101011011011110111011011011111010101100000100
111110111111110010000000101000101111000010000101010101011011011110111011011011111010101100000100
111101011101010000111000101111110100000010000101010101011011011110111011011011111010101100000100
001000010000100111010010000100010110000010000101010101011011011110111011011011111010101100000100
001001010000111011110000011010010110000010000101010101011011011110111011011011111010101100000100
000101010100010001111100011101001110000010000101010101011011011110111011011011111010101100000100
001101101100011011001000001110100011000010000101010101011011011110111011011011111010101100000100
111101100100001011111101110101001011000010000101010101011011011110111011011011111010101100000100
101000011110101000000110001010101100000010000101010101011011011110111011011011111010101100000100
011110001011100011100011100110101000000010000101010101011011011110111011011011111010101100000100
100110110010011011010110010101100111000010000101010101011011011110111011011011111010101100000100
000111001011010100101110111000110010000010000101010101011011011110111011011011111010101100000100
011110100001101010100111011101000100000010000101010101011011011110111011011011111010101100000100
011001100111100100010111001011100110000010000101010101011011011110111011011011111010101100000100
000001010101000010111001011101001000000010000101010101011011011110111011011011111010101100000100
010000010110001001111111101101110001000010000101010101011011011110111011011011111010101100000100
110011111101100101110001100101000001000010000101010101011011011110111011011011111010101100000100
001110111100000010110001011101010000000010000101010101011011011110111011011011111010101100000100
000000111101110100011111100001100001000010000101010101011011011110111011011011111010101100000100
010111101100100010010101010000011111000010000101010101011011011110111011011011111010101100000100
101110001000111001110011111111101001000010000101010101011011011110111011011011111010101100000100
011001111010000001000110011101011110000010000101010101011011011110111011011011111010101100000100
000111001001010001100110101011100111000010000101010101011011011110111011011011111010101100000100
111001101111001101110111001110101001000010000101010101011011011110111011011011111010101100000100
011011110001111010010001101111101100000010000101010101011011011110111011011011111010101100000100
100001010011010000101111101110110011000010000101010101011011011110111011011011111010101100000100
011000101000111100000110110000100010000010000101010101011011011110111011011011111010101100000100
101000100111000010000101100010010100000010000101010101011011011110111011011011111010101100000100
000100011011010000000011110100111100000010000101010101011011011110111011011011111010101100000100
000110111000110111101000110011010000000010000101010101011011011110111011011011111010101100000100
011111011001111111100110111101001010000010000101010101011011011110111011011011111010101100000100
001000001110000010101001010011000001000010000101010101011011011110111011011011111010101100000100
110100110111011101011101011000111000000010000101010101011011011110111011011011111010101100000100
100011010000000101101000111000000011000010000101010101011011011110111011011011111010101100000100
101101001101110111100000101010101000000010000101010101011011011110111011011011111010101100000100
101000111100000111111101011001111000000010000101010101011011011110111011011011111010101100000100
101100000100010100000101110010111101000010000101010101011011011110111011011011111010101100000100
111101001010110000101100000001100010000010000101010101011011011110111011011011111010101100000100
010011000111101011010011110100010001000010000101010101011011011110111011011011111010101100000100
110110001100010111100101001010100101000010000101010101011011011110111011011011111010101100000100
011001111011111010000111001111001010000010000101010101011011011110111011011011111010101100000100
101001111011011011100000110101111000000010000101010101011011011110111011011011111010101100000100
010011110000111000001100111101010111000010000101010101011011011110111011011011111010101100000100
110111111100111000100110010001110010000010000101010101011011011110111011011011111010101100000100
110101010010000010100111011011001101000010000101010101011011011110111011011011111010101100000100
100001001111010010101000001011100001000010000101010101011011011110111011011011111010101100000100
001010010011011010101110111101001010000010000101010101011011011110111011011011111010101100000100
110000100110010010011110010111011101000010000101010101011011011110111011011011111010101100000100
011111001011011011011001000101101000000010000101010101011011011110111011011011111010101100000100
100000011000001111110101101100111001000010000101010101011011011110111011011011111010101100000100
011000100110111100101111000101010001000010000101010101011011011110111011011011111010101100000100
100101111100101111010100101001111100000010000101010101011011011110111011011011111010101100000100
101111001001001110000111110111100110000010000101010101011011011110111011011011111010101100000100
100010110111000001101001101110111001000010000101010101011011011110111011011011111010101100000100
001000110110010101110111010111001101000010000101010101011011011110111011011011111010101100000100
001000100001001000110110110100111101000010000101010101011011011110111011011011111010101100000100
100011001111100100111011011101010010000010000101010101011011011110111011011011111010101100000100
101101110011011000100001010000111001000010000101010101011011011110111011011011111010101100000100
010000010001110101101001101100010111000010000101010101011011011110111011011011111010101100000100
101000001101001001000110100011100110000010000101010101011011011110111011011011111010101100000100
100111010010001000100011101110011011000010000101010101011011011110111011011011111010101100000100
011100111000111110110001110000101011000010000101010101011011011110111011011011111010101100000100
001001110000100001000011111101110011000010000101010101011011011110111011011011111010101100000100
000111100110110001001100010101000011000010000101010101011011011110111011011011111010101100000100
010000111011001100010110000111100100000010000101010101011011011110111011011011111010101100000100
110110110101110001100100111101100000000010000101010101011011011110111011011011111010101100000100
000000101100110000101100010101110101000010000101010101011011011110111011011011111010101100000100
100000010111100100001000111000111100000010000101010101011011011110111011011011111010101100000100
110111010111101010110111010111111110000010000101010101011011011110111011011011111010101100000100
001100011011011001111010110100000101000010000101010101011011011110111011011011111010101100000100
010010001101101111000011000101111111000010000101010101011011011110111011011011111010101100000100
000011010100000010110100111110100001000010000101010101011011011110111011011011111010101100000100
111101100100001010000001111101110101000010000101010101011011011110111011011011111010101100000100
101100001110101000010011000011101101000010000101010101011011011110111011011011111010101100000100
101000010110000011110010101101100110000010000101010101011011011110111011011011111010101100000100
011111010111111111100000100010001111000010000101010101011011011110111011011011111010101100000100
101001101101011100111000100111010001000010000101010101011011011110111011011011111010101100000100
011111010111001000010000110111011001000010000101010101011011011110111011011011111010101100000100
011010101001110110010011100100110101000010000101010101011011011110111011011011111010101100000100
011010000011000110001100110010000110000010000101010101011011011110111011011011111010101100000100
010110000010101110110100001000110100000010000101010101011011011110111011011011111010101100000100
001011001010110000001100100100101100000010000101010101011011011110111011011011111010101100000100
000111011000101100110010101100101110000010000101010101011011011110111011011011111010101100000100
001101100111010000110001001100000100000010000101010101011011011110111011011011111010101100000100
000110010001100101000011100101011101000010000101010101011011011110111011011011111010101100000100
011110101011001110111011110101010100000010000101010101011011011110111011011011111010101100000100
010010100100000010011100110110010110000010000101010101011011011110111011011011111010101100000100
100111100110111001101101111001001001000010000101010101011011011110111011011011111010101100000100
100100011000110100110000100011101000000010000101010101011011011110111011011011111010101100000100
111110010100101010000000100011100001000010000101010101011011011110111011011011111010101100000100
101101011110101110111001011001111011000010000101010101011011011110111011011011111010101100000100
111001001000010110010100111000011011000010000101010101011011011110111011011011111010101100000100
001101011111000111011100001100100001000010000101010101011011011110111011011011111010101100000100
010000110011010110001101001011011111000010000101010101011011011110111011011011111010101100000100
110100111100010001111111100110111100000010000101010101011011011110111011011011111010101100000100
011111111111000010101010000110101000000010000101010101011011011110111011011011111010101100000100
111101101111000010111011111011100100000010000101010101011011011110111011011011111010101100000100
011010110010011011100000101001101011000010000101010101011011011110111011011011111010101100000100
100110010000000100100111101111101011000010000101010101011011011110111011011011111010101100000100
100011111011000001111101110011100001000010000101010101011011011110111011011011111010101100000100
011011000100100110000001000000001100000010000101010101011011011110111011011011111010101100000100
000101010100110000111011000111011011000010000101010101011011011110111011011011111010101100000100
110100010101001110111111101100000011000010000101010101011011011110111011011011111010101100000100
010111101100100110101000001000010000000010000101010101011011011110111011011011111010101100000100
010010110111111000110001001111100011000010000101010101011011011110111011011011111010101100000100
100111110001111111111101001010110111000010000101010101011011011110111011011011111010101100000100
110011100001110101111001100111100011000010000101010101011011011110111011011011111010101100000100
111000000011100010011001011010000010000010000101010101011011011110111011011011111010101100000100
010110000101010000011011100010000110000010000101010101011011011110111011011011111010101100000100
011000101000111011010011000101110001000010000101010101011011011110111011011011111010101100000100
010100100010100111011110110011011111000010000101010101011011011110111011011011111010101100000100
110001000101100011011101101110010010000010000101010101011011011110111011011011111010101100000100
001000111010001101100010000111001001000010000101010101011011011110111011011011111010101100000100
011111110000010001101110101110000111000010000101010101011011011110111011011011111010101100000100
111101111011111111011000000110001110000010000101010101011011011110111011011011111010101100000100
111001110011010101100010011111110000000010000101010101011011011110111011011011111010101100000100
101010000111000010011010111100110000000010000101010101011011011110111011011011111010101100000100
010000110110011010111110110010110000000010000101010101011011011110111011011011111010101100000100
000001101001011010001000011011001001000010000101010101011011011110111011011011111010101100000100
110010001110000110110000110110100101000010000101010101011011011110111011011011111010101100000100
001001011001111001001110010110000001000010000101010101011011011110111011011011111010101100000100
010001111100010001011111001101111110000010000101010101011011011110111011011011111010101100000100
111100110111010001001010001100111101000010000101010101011011011110111011011011111010101100000100
100011111000001111100011101000111101000010000101010101011011011110111011011011111010101100000100
000101110111101001101011001111010101000010000101010101011011011110111011011011111010101100000100
110101111000110000101110011011000000000010000101010101011011011110111011011011111010101100000100
110010000010110010100110100111011010000010000101010101011011011110111011011011111010101100000100
111001111010100011100010101000011110000010000101010101011011011110111011011011111010101100000100
010000111101001011011011010001000110000010000101010101011011011110111011011011111010101100000100
010010011000000011011110110001110001000010000101010101011011011110111011011011111010101100000100
110100011000001110001011111000101010000010000101010101011011011110111011011011111010101100000100
001110011111010001111010000011011101000010000101010101011011011110111011011011111010101100000100
111110000100001100001101111001000100000010000101010101011011011110111011011011111010101100000100
011010001000011110111010101000100101000010000101010101011011011110111011011011111010101100000100
000000100011110101111110000011010111000010000101010101011011011110111011011011111010101100000100
001001011100000000101011011101100101000010000101010101011011011110111011011011111010101100000100
101011001111011101010101010111111000000010000101010101011011011110111011011011111010101100000100
011001100100110100000100010011010110000010000101010101011011011110111011011011111010101100000100
000000101011100011100100100100001000000010000101010101011011011110111011011011111010101100000100
011111110110111101001100010001100110000010000101010101011011011110111011011011111010101100000100
010110100011110110011011110101101000000010000101010101011011011110111011011011111010101100000100
000100000101011000010101000111011101000010000101010101011011011110111011011011111010101100000100
111110110110001001011010010101000100000010000101010101011011011110111011011011111010101100000100
011011010010001011010100110011110001000010000101010101011011011110111011011011111010101100000100
011000000101111010110110110010101111000010000101010101011011011110111011011011111010101100000100
000100111101100101011111001001000001000010000101010101011011011110111011011011111010101100000100
001110110100001101000111101100110100000010000101010101011011011110111011011011111010101100000100
000111100100100100101111100001101101000010000101010101011011011110111011011011111010101100000100
000100101000101111101101100110001110000010000101010101011011011110111011011011111010101100000100
101101110011001001001100001101101100000010000101010101011011011110111011011011111010101100000100
101000000100101010010000100101001010000010000101010101011011011110111011011011111010101100000100
111110001000000000100100010110001000000010000101010101011011011110111011011011111010101100000100
011001101001101101010111110001000110000010000101010101011011011110111011011011111010101100000100
101101100000010100111010000001001011000010000101010101011011011110111011011011111010101100000100
110100000011111110101001000101111010000010000101010101011011011110111011011011111010101100000100
101010101110111010011010111010010101000010000101010101011011011110111011011011111010101100000100
011110011000001110101000111011100001000010000101010101011011011110111011011011111010101100000100
111001010011000110111111010010010000000010000101010101011011011110111011011011111010101100000100
100110011101101010100101000000110110000010000101010101011011011110111011011011111010101100000100
111011011101111000011111110011001100000010000101010101011011011110111011011011111010101100000100
001001100111001100100001010111100001000010000101010101011011011110111011011011111010101100000100
100101000010110101101000111101100101000010000101010101011011011110111011011011111010101100000100
000010110001010000110100100011001010000010000101010101011011011110111011011011111010101100000100
011100011010010101010110001001101100000010000101010101011011011110111011011011111010101100000100
101010101011000101101010010001111110000010000101010101011011011110111011011011111010101100000100
110110101011010101010101100000111010000010000101010101011011011110111011011011111010101100000100
110101001111011101110110110100111111000010000101010101011011011110111011011011111010101100000100
000110110010101010100110010010101000000010000101010101011011011110111011011011111010101100000100
000000110010111011001110100100111110000010000101010101011011011110111011011011111010101100000100
010010010001001101100100110101000100000010000101010101011011011110111011011011111010101100000100
111101011010011011101011010101110001000010000101010101011011011110111011011011111010101100000100
111010100100001101111001101011010010000010000101010101011011011110111011011011111010101100000100
110001000001100010111010001011100110000010000101010101011011011110111011011011111010101100000100
011011000011100110111110000110010010000010000101010101011011011110111011011011111010101100000100
100011001100100000101000101101000110000010000101010101011011011110111011011011111010101100000100
010100011100001100101010000111001001000010000101010101011011011110111011011011111010101100000100
000111010101110110100110010010111010000010000101010101011011011110111011011011111010101100000100
101101101011101011111101000110011001000010000101010101011011011110111011011011111010101100000100
000011000001001101100000011000010111000010000101010101011011011110111011011011111010101100000100
111101100100111100011110101101001101000010000101010101011011011110111011011011111010101100000100
100000110100101011101100111010011101000010000101010101011011011110111011011011111010101100000100
011000001010110101001111010010010011000010000101010101011011011110111011011011111010101100000100
001111110011000100001011100111111010000010000101010101011011011110111011011011111010101100000100
011110100000101110100110000001011111000010000101010101011011011110111011011011111010101100000100
110101011100000000110011001010010000000010000101010101011011011110111011011011111010101100000100
001100011111011001001011010111101100000010000101010101011011011110111011011011111010101100000100
100110100011110111100110111100010001000010000101010101011011011110111011011011111010101100000100
111001011011101101111110101101100100000010000101010101011011011110111011011011111010101100000100
110100110001110001111001101100111011000010000101010101011011011110111011011011111010101100000100
010000001100010001101110000100001110000010000101010101011011011110111011011011111010101100000100
010010101111010110001010011001001110000010000101010101011011011110111011011011111010101100000100
101011011101001100100110000111101110000010000101010101011011011110111011011011111010101100000100
110111111010111000000110101001111011000010000101010101011011011110111011011011111010101100000100
110110110111010101110010100101100001000010000101010101011011011110111011011011111010101100000100
101100000000111100010111001001101110000010000101010101011011011110111011011011111010101100000100
110001111001111110111000100010011110000010000101010101011011011110111011011011111010101100000100
110110001001100111010100111000110111000010000101010101011011011110111011011011111010101100000100
111110111001111011000101111010110011000010000101010101011011011110111011011011111010101100000100
010100010100100110100101011100011011000010000101010101011011011110111011011011111010101100000100
001011110011010011100000010000100101000010000101010101011011011110111011011011111010101100000100
000001111110011111011010001111100000000010000101010101011011011110111011011011111010101100000100
001110110010000010001100011011010010000010000101010101011011011110111011011011111010101100000100
111101000001010000100001001001110110000010000101010101011011011110111011011011111010101100000100
001000110110101101001100101010000010000010000101010101011011011110111011011011111010101100000100
011001100111011100001000101110000011000010000101010101011011011110111011011011111010101100000100
101101111010000110001000101100101100000010000101010101011011011110111011011011111010101100000100
010001001101110100110100011010111000000010000101010101011011011110111011011011111010101100000100
110010110011110110111011001000100000000010000101010101011011011110111011011011111010101100000100
101101100101100111111100111010010011000010000101010101011011011110111011011011111010101100000100
111010101010011111100111111111010011000010000101010101011011011110111011011011111010101100000100
100011001000100001010100001100101111000010000101010101011011011110111011011011111010101100000100
101000101111101000100010101010001101000010000101010101011011011110111011011011111010101100000100
001011110100100000110001110110101000000010000101010101011011011110111011011011111010101100000100
001010111101101100010001111011011110000010000101010101011011011110111011011011111010101100000100
001010100000010110111011000010110010000010000101010101011011011110111011011011111010101100000100
110011100100101111110101000010110100000010000101010101011011011110111011011011111010101100000100
110000011110001101111101010101011111000010000101010101011011011110111011011011111010101100000100
010111011010110101111111110100101010000010000101010101011011011110111011011011111010101100000100
101000100100111011001001111111011000000010000101010101011011011110111011011011111010101100000100
011001000110111110101110010101101110000010000101010101011011011110111011011011111010101100000100
001111001001101000000111101110111101000010000101010101011011011110111011011011111010101100000100
001011001011000101011000101110001101000010000101010101011011011110111011011011111010101100000100
000011101101110110110001110000011001000010000101010101011011011110111011011011111010101100000100
100001111100010100101000110110100101000010000101010101011011011110111011011011111010101100000100
110011000100010000001111110010101000000010000101010101011011011110111011011011111010101100000100
100100011101110110101010100110110010000010000101010101011011011110111011011011111010101100000100
010000101011111111010011001100101111000010000101010101011011011110111011011011111010101100000100
001101011101000010110111100001010001000010000101010101011011011110111011011011111010101100000100
011001110110000101100001110111010101000010000101010101011011011110111011011011111010101100000100
011000110010111101000010110000101111000010000101010101011011011110111011011011111010101100000100
110010000010011100000001000000110001000010000101010101011011011110111011011011111010101100000100
001110010010010010001000111010000001000010000101010101011011011110111011011011111010101100000100
100001111101100000011100000100010001000010000101010101011011011110111011011011111010101100000100
111001001110101010000100101101001100000010000101010101011011011110111011011011111010101100000100
101110101000010100001100100001001100000010000101010101011011011110111011011011111010101100000100
010011011111110100011101000011111110000010000101010101011011011110111011011011111010101100000100
111101111000101101101111011010111111000010000101010101011011011110111011011011111010101100000100
101011001011101010100001101010101110000010000101010101011011011110111011011011111010101100000100
011011001010001110100010011010011011000010000101010101011011011110111011011011111010101100000100
000000101010110100100111110101100000000010000101010101011011011110111011011011111010101100000100
101011010000110111100111011111101110000010000101010101011011011110111011011011111010101100000100
000010101000110010011110110110010101000010000101010101011011011110111011011011111010101100000100
011010010111011101010111001001011101000010000101010101011011011110111011011011111010101100000100
011111011010001111110111001100000011000010000101010101011011011110111011011011111010101100000100
111111010111101101110100110011000100000010000101010101011011011110111011011011111010101100000100
010010001101011000101110111111010010000010000101010101011011011110111011011011111010101100000100
100110011001101011100101011011101011000010000101010101011011011110111011011011111010101100000100
111101010011001100001111001011110000000010000101010101011011011110111011011011111010101100000100
100100101111100111110101111011111000000010000101010101011011011110111011011011111010101100000100
010000001111101000010110111001110001000010000101010101011011011110111011011011111010101100000100
011001001101110000000010001000010110000010000101010101011011011110111011011011111010101100000100
111011111010100000100001010000001000000010000101010101011011011110111011011011111010101100000100
000111100111011101011111111110000110000010000101010101011011011110111011011011111010101100000100
110110111111001110001000100110000101000010000101010101011011011110111011011011111010101100000100
111101110011111100011100101010101110000010000101010101011011011110111011011011111010101100000100
110110000101011001111101101100010001000010000101010101011011011110111011011011111010101100000100
111110011011000011101101101101101100000010000101010101011011011110111011011011111010101100000100
010100000101000100100011010011010101000010000101010101011011011110111011011011111010101100000100
110000001100101111010010100011101010000010000101010101011011011110111011011011111010101100000100
111100010010100010000001010101110000000010000101010101011011011110111011011011111010101100000100
010110010101110000001111110110101000000010000101010101011011011110111011011011111010101100000100
100101001000101111111010001101000100000010000101010101011011011110111011011011111010101100000100
110010111011010111000010000001100010000010000101010101011011011110111011011011111010101100000100
000011011011110110000111001011001001000010000101010101011011011110111011011011111010101100000100
101101101011001011000011001000101101000010000101010101011011011110111011011011111010101100000100
100010010110100101000110001100000110000010000101010101011011011110111011011011111010101100000100
111001000011111001010010111000001010000010000101010101011011011110111011011011111010101100000100
