100111101010001011010100110101100000000000000000000000000000000000000000000000111111011000011111
100111101010001011010100110101100000000000000000000000000000000000000000000000100001101001010011
100111101010001011010100110101100000000000000000000000000000000000000000000001000101001010110110
100111101010001011010100110101100000000000000000000000000000000000000000000000010100010100110011
100111101010001011010100110101100000000000000000000000000000000000000000000000110110110000110001
100111101010001011010100110101100000000000000000000000000000000000000000000000111010100000110101
100111101010001011010100110101100000000000000000000000000000000000000000000000011001100100101110
100111101010001011010100110101100000000000000000000000000000000000000000000000111111000100101101
100111101010001011010100110101100000000000000000000000000000000000000000000000001000010100000100
100111101010001011010100110101100000000000000000000000000000000000000000000000111000011111000001
100111101010001011010100110101100000000000000000000000000000000000000000000000101111001000111000
100111101010001011010100110101100000000000000000000000000000000000000000000000100110000110101100
100111101010001011010100110101100000000000000000000000000000000000000000000000111011100100000111
100111101010001011010100110101100000000000000000000000000000000000000000000000001111000110000111
100111101010001011010100110101100000000000000000000000000000000000000000000000001111001001010100
100111101010001011010100110101100000000000000000000000000000000000000000000000111101100110011010
100111101010001011010100110101100000000000000000000000000000000000000000000000100111110010011110
100111101010001011010100110101100000000000000000000000000000000000000000000000110100011101101111
100111101010001011010100110101100000000000000000000000000000000000000000000001000000011111000110
100111101010001011010100110101100000000000000000000000000000000000000000000000100101011111011110
100111101010001011010100110101100000000000000000000000000000000000000000000001000010100011111100
100111101010001011010100110101100000000000000000000000000000000000000000000000100000000001001100
100111101010001011010100110101100000000000000000000000000000000000000000000000100111011011100101
100111101010001011010100110101100000000000000000000000000000000000000000000000011101011010110010
100111101010001011010100110101100000000000000000000000000000000000000000000000000000101001100100
100111101010001011010100110101100000000000000000000000000000000000000000000000111011001100001010
100111101010001011010100110101100000000000000000000000000000000000000000000000001001000001010011
100111101010001011010100110101100000000000000000000000000000000000000000000000101010111110111111
100111101010001011010100110101100000000000000000000000000000000000000000000001000101010001001000
100111101010001011010100110101100000000000000000000000000000000000000000000000100100000100111100
100111101010001011010100110101100000000000000000000000000000000000000000000000110110011001000011
100111101010001011010100110101100000000000000000000000000000000000000000000000001111001001010011
100111101010001011010100110101100000000000000000000000000000000000000000000000101100111101100111
100111101010001011010100110101100000000000000000000000000000000000000000000000010110101010001111
100111101010001011010100110101100000000000000000000000000000000000000000000001000110011001100010
100111101010001011010100110101100000000000000000000000000000000000000000000000000000000011010100
100111101010001011010100110101100000000000000000000000000000000000000000000000000101101111001001
100111101010001011010100110101100000000000000000000000000000000000000000000000000111010100111101
100111101010001011010100110101100000000000000000000000000000000000000000000001000011100111111001
100111101010001011010100110101100000000000000000000000000000000000000000000000011110100011001000
100111101010001011010100110101100000000000000000000000000000000000000000000000010011100001111111
100111101010001011010100110101100000000000000000000000000000000000000000000000100100001001101010
100111101010001011010100110101100000000000000000000000000000000000000000000000000010100101000101
100111101010001011010100110101100000000000000000000000000000000000000000000000111011111010111101
100111101010001011010100110101100000000000000000000000000000000000000000000000010101100010000111
100111101010001011010100110101100000000000000000000000000000000000000000000000110011100110010000
100111101010001011010100110101100000000000000000000000000000000000000000000000101000110111010000
100111101010001011010100110101100000000000000000000000000000000000000000000000101010000011010110
100111101010001011010100110101100000000000000000000000000000000000000000000001000010011100100101
100111101010001011010100110101100000000000000000000000000000000000000000000000101000100100111010
100111101010001011010100110101100000000000000000000000000000000000000000000000010001001011010010
100111101010001011010100110101100000000000000000000000000000000000000000000001000111000011100011
100111101010001011010100110101100000000000000000000000000000000000000000000000110010010100111010
100111101010001011010100110101100000000000000000000000000000000000000000000001000010001010000100
100111101010001011010100110101100000000000000000000000000000000000000000000000010000100101100111
100111101010001011010100110101100000000000000000000000000000000000000000000001000101100111110111
100111101010001011010100110101100000000000000000000000000000000000000000000000110101100100110010
100111101010001011010100110101100000000000000000000000000000000000000000000000101001100010010001
100111101010001011010100110101100000000000000000000000000000000000000000000001000001000100000101
100111101010001011010100110101100000000000000000000000000000000000000000000000011100101101100100
100111101010001011010100110101100000000000000000000000000000000000000000000000000110010111110101
100111101010001011010100110101100000000000000000000000000000000000000000000000001100111100100101
100111101010001011010100110101100000000000000000000000000000000000000000000000000010000111000011
100111101010001011010100110101100000000000000000000000000000000000000000000000011011110111110101
100111101010001011010100110101100000000000000000000000000000000000000000000000000101110000000011
100111101010001011010100110101100000000000000000000000000000000000000000000000011101010011000110
100111101010001011010100110101100000000000000000000000000000000000000000000000110011001000011001
100111101010001011010100110101100000000000000000000000000000000000000000000000000100001011100110
100111101010001011010100110101100000000000000000000000000000000000000000000000101000101110000101
100111101010001011010100110101100000000000000000000000000000000000000000000000101011001101110010
100111101010001011010100110101100000000000000000000000000000000000000000000000010011111101111101
100111101010001011010100110101100000000000000000000000000000000000000000000000110000011000100011
100111101010001011010100110101100000000000000000000000000000000000000000000000111100000100011011
100111101010001011010100110101100000000000000000000000000000000000000000000000000000010100001110
100111101010001011010100110101100000000000000000000000000000000000000000000000100101010100100100
100111101010001011010100110101100000000000000000000000000000000000000000000000011110100010101101
100111101010001011010100110101100000000000000000000000000000000000000000000000010000110001111111
100111101010001011010100110101100000000000000000000000000000000000000000000000011011011001001000
100111101010001011010100110101100000000000000000000000000000000000000000000000101001101010010111
100111101010001011010100110101100000000000000000000000000000000000000000000000010001111000001011
100111101010001011010100110101100000000000000000000000000000000000000000000000011011100110011010
100111101010001011010100110101100000000000000000000000000000000000000000000000101111011111001010
100111101010001011010100110101100000000000000000000000000000000000000000000000011011110000011111
100111101010001011010100110101100000000000000000000000000000000000000000000000110001101001111010
100111101010001011010100110101100000000000000000000000000000000000000000000000010101101010010001
100111101010001011010100110101100000000000000000000000000000000000000000000000011111010111001000
100111101010001011010100110101100000000000000000000000000000000000000000000000100110101101000000
100111101010001011010100110101100000000000000000000000000000000000000000000000100100000010111111
100111101010001011010100110101100000000000000000000000000000000000000000000000011001010001110110
100111101010001011010100110101100000000000000000000000000000000000000000000000101101000011000101
100111101010001011010100110101100000000000000000000000000000000000000000000000001001100111100110
100111101010001011010100110101100000000000000000000000000000000000000000000000110101100101011101
100111101010001011010100110101100000000000000000000000000000000000000000000000011011001011011000
100111101010001011010100110101100000000000000000000000000000000000000000000000101000111110110101
100111101010001011010100110101100000000000000000000000000000000000000000000000101010001100111100
100111101010001011010100110101100000000000000000000000000000000000000000000000111100110110001110
100111101010001011010100110101100000000000000000000000000000000000000000000000101011101101110111
100111101010001011010100110101100000000000000000000000000000000000000000000000000111011110011100
100111101010001011010100110101100000000000000000000000000000000000000000000000110010100100010010
100111101010001011010100110101100000000000000000000000000000000000000000000000100001111110010111
100111101010001011010100110101100000000000000000000000000000000000000000000000001100100001100001
100111101010001011010100110101100000000000000000000000000000000000000000000000100110101001100101
100111101010001011010100110101100000000000000000000000000000000000000000000000000011111001010011
100111101010001011010100110101100000000000000000000000000000000000000000000000101011001111001110
100111101010001011010100110101100000000000000000000000000000000000000000000000010100110100000101
100111101010001011010100110101100000000000000000000000000000000000000000000000110101000111111000
100111101010001011010100110101100000000000000000000000000000000000000000000000001001110111100100
100111101010001011010100110101100000000000000000000000000000000000000000000000000111011001101000
100111101010001011010100110101100000000000000000000000000000000000000000000001000110010011001010
100111101010001011010100110101100000000000000000000000000000000000000000000000010101110111011000
100111101010001011010100110101100000000000000000000000000000000000000000000001000101111101111101
100111101010001011010100110101100000000000000000000000000000000000000000000000101001000011100011
100111101010001011010100110101100000000000000000000000000000000000000000000000000100010101100010
100111101010001011010100110101100000000000000000000000000000000000000000000000011110011011110111
100111101010001011010100110101100000000000000000000000000000000000000000000000011010000100000000
100111101010001011010100110101100000000000000000000000000000000000000000000001000100111000000001
100111101010001011010100110101100000000000000000000000000000000000000000000000000010111110010000
100111101010001011010100110101100000000000000000000000000000000000000000000000100100000100110011
100111101010001011010100110101100000000000000000000000000000000000000000000000010010111001011010
100111101010001011010100110101100000000000000000000000000000000000000000000000011001010101100100
100111101010001011010100110101100000000000000000000000000000000000000000000000100100110011101101
100111101010001011010100110101100000000000000000000000000000000000000000000000000000001000110110
100111101010001011010100110101100000000000000000000000000000000000000000000000001000010110111000
100111101010001011010100110101100000000000000000000000000000000000000000000000101101110101110011
100111101010001011010100110101100000000000000000000000000000000000000000000000010010110010111111
100111101010001011010100110101100000000000000000000000000000000000000000000000101111100100010101
100111101010001011010100110101100000000000000000000000000000000000000000000000001011000011100011
100111101010001011010100110101100000000000000000000000000000000000000000000000000000100000001111
100111101010001011010100110101100000000000000000000000000000000000000000000000111100001110111101
100111101010001011010100110101100000000000000000000000000000000000000000000000111000100011100111
100111101010001011010100110101100000000000000000000000000000000000000000000000000011010001101001
100111101010001011010100110101100000000000000000000000000000000000000000000000001011000101000110
100111101010001011010100110101100000000000000000000000000000000000000000000000100111000010111011
100111101010001011010100110101100000000000000000000000000000000000000000000000001001011001110001
100111101010001011010100110101100000000000000000000000000000000000000000000001000010010101101011
100111101010001011010100110101100000000000000000000000000000000000000000000000100000101011000010
100111101010001011010100110101100000000000000000000000000000000000000000000000010100110100101101
100111101010001011010100110101100000000000000000000000000000000000000000000000100111100100000001
100111101010001011010100110101100000000000000000000000000000000000000000000000111010111000110011
100111101010001011010100110101100000000000000000000000000000000000000000000000011010000101111110
100111101010001011010100110101100000000000000000000000000000000000000000000000010001001011110001
100111101010001011010100110101100000000000000000000000000000000000000000000000000010100101011111
100111101010001011010100110101100000000000000000000000000000000000000000000000010100010011001100
100111101010001011010100110101100000000000000000000000000000000000000000000000100011000100010101
100111101010001011010100110101100000000000000000000000000000000000000000000000011100010100001101
100111101010001011010100110101100000000000000000000000000000000000000000000001000110011010000100
100111101010001011010100110101100000000000000000000000000000000000000000000000100111111010110101
100111101010001011010100110101100000000000000000000000000000000000000000000001000110100100001110
100111101010001011010100110101100000000000000000000000000000000000000000000000110111000001011110
100111101010001011010100110101100000000000000000000000000000000000000000000000010101001111100100
100111101010001011010100110101100000000000000000000000000000000000000000000000101010101011001101
100111101010001011010100110101100000000000000000000000000000000000000000000000111101100010101100
100111101010001011010100110101100000000000000000000000000000000000000000000000101001000111100111
100111101010001011010100110101100000000000000000000000000000000000000000000000011101011100011011
100111101010001011010100110101100000000000000000000000000000000000000000000000101110001001011101
100111101010001011010100110101100000000000000000000000000000000000000000000000000001111010010000
100111101010001011010100110101100000000000000000000000000000000000000000000000100000110000001110
100111101010001011010100110101100000000000000000000000000000000000000000000000111100101110001111
100111101010001011010100110101100000000000000000000000000000000000000000000001000111110001011101
100111101010001011010100110101100000000000000000000000000000000000000000000000010110001000101001
100111101010001011010100110101100000000000000000000000000000000000000000000000011011001000111001
100111101010001011010100110101100000000000000000000000000000000000000000000000000001111010010101
100111101010001011010100110101100000000000000000000000000000000000000000000000000001110101111011
100111101010001011010100110101100000000000000000000000000000000000000000000000101101101111100111
100111101010001011010100110101100000000000000000000000000000000000000000000000100011101100010110
100111101010001011010100110101100000000000000000000000000000000000000000000000011110011001010111
100111101010001011010100110101100000000000000000000000000000000000000000000000111000100100101011
100111101010001011010100110101100000000000000000000000000000000000000000000000010110111000111100
100111101010001011010100110101100000000000000000000000000000000000000000000000000000001001101110
100111101010001011010100110101100000000000000000000000000000000000000000000000110011101110010101
100111101010001011010100110101100000000000000000000000000000000000000000000001000101011001100011
100111101010001011010100110101100000000000000000000000000000000000000000000000001000111100000000
100111101010001011010100110101100000000000000000000000000000000000000000000001000111110111111000
100111101010001011010100110101100000000000000000000000000000000000000000000000001000110001000110
100111101010001011010100110101100000000000000000000000000000000000000000000000110101101100011111
100111101010001011010100110101100000000000000000000000000000000000000000000000001000001001100110
100111101010001011010100110101100000000000000000000000000000000000000000000000001100011100101001
100111101010001011010100110101100000000000000000000000000000000000000000000000100001000100000000
100111101010001011010100110101100000000000000000000000000000000000000000000000100111011100111011
100111101010001011010100110101100000000000000000000000000000000000000000000000010010001001110011
100111101010001011010100110101100000000000000000000000000000000000000000000000010001011110111001
100111101010001011010100110101100000000000000000000000000000000000000000000000001011110001100101
100111101010001011010100110101100000000000000000000000000000000000000000000000011111101101010011
100111101010001011010100110101100000000000000000000000000000000000000000000001000001110101110001
100111101010001011010100110101100000000000000000000000000000000000000000000000110010001111001000
100111101010001011010100110101100000000000000000000000000000000000000000000000110110001011101110
100111101010001011010100110101100000000000000000000000000000000000000000000000010001000100110011
100111101010001011010100110101100000000000000000000000000000000000000000000000000100110010011001
100111101010001011010100110101100000000000000000000000000000000000000000000001000010100011101101
100111101010001011010100110101100000000000000000000000000000000000000000000000001101010000110111
100111101010001011010100110101100000000000000000000000000000000000000000000000011111000001100000
100111101010001011010100110101100000000000000000000000000000000000000000000000110100010100000111
100111101010001011010100110101100000000000000000000000000000000000000000000000000101110111000110
100111101010001011010100110101100000000000000000000000000000000000000000000001000000001001111011
100111101010001011010100110101100000000000000000000000000000000000000000000000101101110100101010
100111101010001011010100110101100000000000000000000000000000000000000000000001000000011101010000
100111101010001011010100110101100000000000000000000000000000000000000000000000010110010000111101
100111101010001011010100110101100000000000000000000000000000000000000000000000100010111000110110
100111101010001011010100110101100000000000000000000000000000000000000000000000010101101100010011
100111101010001011010100110101100000000000000000000000000000000000000000000000101110010100000011
100111101010001011010100110101100000000000000000000000000000000000000000000000001011011011101010
100111101010001011010100110101100000000000000000000000000000000000000000000000101100100101001110
100111101010001011010100110101100000000000000000000000000000000000000000000000001011000010110010
100111101010001011010100110101100000000000000000000000000000000000000000000000100101111110110000
100111101010001011010100110101100000000000000000000000000000000000000000000000110110000010110111
100111101010001011010100110101100000000000000000000000000000000000000000000000111111001011010111
100111101010001011010100110101100000000000000000000000000000000000000000000001001000010001001110
100111101010001011010100110101100000000000000000000000000000000000000000000000110001100010101101
100111101010001011010100110101100000000000000000000000000000000000000000000000100000000010101101
100111101010001011010100110101100000000000000000000000000000000000000000000000000001010100000010
100111101010001011010100110101100000000000000000000000000000000000000000000000001101001010011000
100111101010001011010100110101100000000000000000000000000000000000000000000000001101101100101111
100111101010001011010100110101100000000000000000000000000000000000000000000001000100101000010010
100111101010001011010100110101100000000000000000000000000000000000000000000000111110001101110000
100111101010001011010100110101100000000000000000000000000000000000000000000000011101000010010110
100111101010001011010100110101100000000000000000000000000000000000000000000000111001010001001010
100111101010001011010100110101100000000000000000000000000000000000000000000000100111111110010011
100111101010001011010100110101100000000000000000000000000000000000000000000000001011100000010100
100111101010001011010100110101100000000000000000000000000000000000000000000001000111110001100111
100111101010001011010100110101100000000000000000000000000000000000000000000000101001111001010111
100111101010001011010100110101100000000000000000000000000000000000000000000000111110011010101000
100111101010001011010100110101100000000000000000000000000000000000000000000000100010101001100010
100111101010001011010100110101100000000000000000000000000000000000000000000000101111010111101101
100111101010001011010100110101100000000000000000000000000000000000000000000000101111010101010001
100111101010001011010100110101100000000000000000000000000000000000000000000000100111001101000010
100111101010001011010100110101100000000000000000000000000000000000000000000001000100110000000110
100111101010001011010100110101100000000000000000000000000000000000000000000000001001111100111001
100111101010001011010100110101100000000000000000000000000000000000000000000000001110111111111111
100111101010001011010100110101100000000000000000000000000000000000000000000000001110000111011110
100111101010001011010100110101100000000000000000000000000000000000000000000000101001111001011101
100111101010001011010100110101100000000000000000000000000000000000000000000000111100110110000011
100111101010001011010100110101100000000000000000000000000000000000000000000000111110010110111101
100111101010001011010100110101100000000000000000000000000000000000000000000000010100000110100110
100111101010001011010100110101100000000000000000000000000000000000000000000000011110001000001110
100111101010001011010100110101100000000000000000000000000000000000000000000000010011111111110111
100111101010001011010100110101100000000000000000000000000000000000000000000001000011000010011010
100111101010001011010100110101100000000000000000000000000000000000000000000000011110111011011111
100111101010001011010100110101100000000000000000000000000000000000000000000001000000001100001110
100111101010001011010100110101100000000000000000000000000000000000000000000000011001100111101100
100111101010001011010100110101100000000000000000000000000000000000000000000000000100101101110000
100111101010001011010100110101100000000000000000000000000000000000000000000000100000000010111010
100111101010001011010100110101100000000000000000000000000000000000000000000000100110011101011111
100111101010001011010100110101100000000000000000000000000000000000000000000000000000001111111100
100111101010001011010100110101100000000000000000000000000000000000000000000000111010001100101101
100111101010001011010100110101100000000000000000000000000000000000000000000000011110010101000111
100111101010001011010100110101100000000000000000000000000000000000000000000000111100111110101011
100111101010001011010100110101100000000000000000000000000000000000000000000000010010000011011111
100111101010001011010100110101100000000000000000000000000000000000000000000000001101111011011100
100111101010001011010100110101100000000000000000000000000000000000000000000000001010000101101111
100111101010001011010100110101100000000000000000000000000000000000000000000000010010111011000000
100111101010001011010100110101100000000000000000000000000000000000000000000000101011110101101010
100111101010001011010100110101100000000000000000000000000000000000000000000001001000101101111101
100111101010001011010100110101100000000000000000000000000000000000000000000000100010100100000110
100111101010001011010100110101100000000000000000000000000000000000000000000000101100001001001011
100111101010001011010100110101100000000000000000000000000000000000000000000000010100100011000000
100111101010001011010100110101100000000000000000000000000000000000000000000000111110001011101100
100111101010001011010100110101100000000000000000000000000000000000000000000000110011100111100011
100111101010001011010100110101100000000000000000000000000000000000000000000000100110110001110011
100111101010001011010100110101100000000000000000000000000000000000000000000000010111001000111001
100111101010001011010100110101100000000000000000000000000000000000000000000000110000000100000101
100111101010001011010100110101100000000000000000000000000000000000000000000000000111111010111010
100111101010001011010100110101100000000000000000000000000000000000000000000000111010000111000110
100111101010001011010100110101100000000000000000000000000000000000000000000000000001001000111100
100111101010001011010100110101100000000000000000000000000000000000000000000000010001111011001100
100111101010001011010100110101100000000000000000000000000000000000000000000000011001010000101001
100111101010001011010100110101100000000000000000000000000000000000000000000000010000111111010000
100111101010001011010100110101100000000000000000000000000000000000000000000000101110001000000010
100111101010001011010100110101100000000000000000000000000000000000000000000000110110010010111111
100111101010001011010100110101100000000000000000000000000000000000000000000000010000000110111011
100111101010001011010100110101100000000000000000000000000000000000000000000000101111001001110010
100111101010001011010100110101100000000000000000000000000000000000000000000000101110011011101011
100111101010001011010100110101100000000000000000000000000000000000000000000000010000110101010011
100111101010001011010100110101100000000000000000000000000000000000000000000000100100011010110001
100111101010001011010100110101100000000000000000000000000000000000000000000000110101000001100111
100111101010001011010100110101100000000000000000000000000000000000000000000000000010111010000101
100111101010001011010100110101100000000000000000000000000000000000000000000000011011011110010000
100111101010001011010100110101100000000000000000000000000000000000000000000000000000110111010111
100111101010001011010100110101100000000000000000000000000000000000000000000000011101110101111001
100111101010001011010100110101100000000000000000000000000000000000000000000000111101010101101110
100111101010001011010100110101100000000000000000000000000000000000000000000000000100111010001001
100111101010001011010100110101100000000000000000000000000000000000000000000000100010000111100000
100111101010001011010100110101100000000000000000000000000000000000000000000000111000000100101011
100111101010001011010100110101100000000000000000000000000000000000000000000000010111110011010110
100111101010001011010100110101100000000000000000000000000000000000000000000001000101110111001110
100111101010001011010100110101100000000000000000000000000000000000000000000000100001000101111000
100111101010001011010100110101100000000000000000000000000000000000000000000000110110100011101001
100111101010001011010100110101100000000000000000000000000000000000000000000000100100111011110000
100111101010001011010100110101100000000000000000000000000000000000000000000000010001101111110000
100111101010001011010100110101100000000000000000000000000000000000000000000000010110000101001111
100111101010001011010100110101100000000000000000000000000000000000000000000001001000110001101001
100111101010001011010100110101100000000000000000000000000000000000000000000000011110000001101011
100111101010001011010100110101100000000000000000000000000000000000000000000000000011000000100101
100111101010001011010100110101100000000000000000000000000000000000000000000000001011110010110001
100111101010001011010100110101100000000000000000000000000000000000000000000000110110110110011100
100111101010001011010100110101100000000000000000000000000000000000000000000000001010111001010011
100111101010001011010100110101100000000000000000000000000000000000000000000000101101011111111110
100111101010001011010100110101100000000000000000000000000000000000000000000000010110110010101000
100111101010001011010100110101100000000000000000000000000000000000000000000000010001101000111111
100111101010001011010100110101100000000000000000000000000000000000000000000000101100000100101001
100111101010001011010100110101100000000000000000000000000000000000000000000000010010011000011000
100111101010001011010100110101100000000000000000000000000000000000000000000000101001011110110111
100111101010001011010100110101100000000000000000000000000000000000000000000001000010100010010001
100111101010001011010100110101100000000000000000000000000000000000000000000000100000001110110100
100111101010001011010100110101100000000000000000000000000000000000000000000000000110010111001001
100111101010001011010100110101100000000000000000000000000000000000000000000000011000101010000111
100111101010001011010100110101100000000000000000000000000000000000000000000000111000100000110110
100111101010001011010100110101100000000000000000000000000000000000000000000000010111110011000101
100111101010001011010100110101100000000000000000000000000000000000000000000000001001111001010111
100111101010001011010100110101100000000000000000000000000000000000000000000000101111110010111011
100111101010001011010100110101100000000000000000000000000000000000000000000000010100010000011101
100111101010001011010100110101100000000000000000000000000000000000000000000000110101111110000101
100111101010001011010100110101100000000000000000000000000000000000000000000000101110110111110011
100111101010001011010100110101100000000000000000000000000000000000000000000001000111001111001000
100111101010001011010100110101100000000000000000000000000000000000000000000001000000111010110101
100111101010001011010100110101100000000000000000000000000000000000000000000000011000010111011100
100111101010001011010100110101100000000000000000000000000000000000000000000000110000010101110101
100111101010001011010100110101100000000000000000000000000000000000000000000001000111001001100000
100111101010001011010100110101100000000000000000000000000000000000000000000000011100110101001010
100111101010001011010100110101100000000000000000000000000000000000000000000000100000011010110011
100111101010001011010100110101100000000000000000000000000000000000000000000000101110010010001011
100111101010001011010100110101100000000000000000000000000000000000000000000000011100010101001101
100111101010001011010100110101100000000000000000000000000000000000000000000000101000000110100110
100111101010001011010100110101100000000000000000000000000000000000000000000000000001010001010110
100111101010001011010100110101100000000000000000000000000000000000000000000000000001001011011011
100111101010001011010100110101100000000000000000000000000000000000000000000000010000110100100000
100111101010001011010100110101100000000000000000000000000000000000000000000000010100001111011111
100111101010001011010100110101100000000000000000000000000000000000000000000000101110110001011110
100111101010001011010100110101100000000000000000000000000000000000000000000000111101101011101010
100111101010001011010100110101100000000000000000000000000000000000000000000000011110110000011101
100111101010001011010100110101100000000000000000000000000000000000000000000001000111111110101000
100111101010001011010100110101100000000000000000000000000000000000000000000000111001101001111100
100111101010001011010100110101100000000000000000000000000000000000000000000000100100001100001111
100111101010001011010100110101100000000000000000000000000000000000000000000000011110000011101001
100111101010001011010100110101100000000000000000000000000000000000000000000000011001010110001011
100111101010001011010100110101100000000000000000000000000000000000000000000000110010101011110011
100111101010001011010100110101100000000000000000000000000000000000000000000000101110111111010000
100111101010001011010100110101100000000000000000000000000000000000000000000000000000100011001100
100111101010001011010100110101100000000000000000000000000000000000000000000000000110101001001010
100111101010001011010100110101100000000000000000000000000000000000000000000000000110000100000110
100111101010001011010100110101100000000000000000000000000000000000000000000000011110000011111010
100111101010001011010100110101100000000000000000000000000000000000000000000000110010100000000101
100111101010001011010100110101100000000000000000000000000000000000000000000001000111111100011001
100111101010001011010100110101100000000000000000000000000000000000000000000000110100100111110111
100111101010001011010100110101100000000000000000000000000000000000000000000001000101111111000011
100111101010001011010100110101100000000000000000000000000000000000000000000000101111101001001001
100111101010001011010100110101100000000000000000000000000000000000000000000000011101000100100111
100111101010001011010100110101100000000000000000000000000000000000000000000000001010101010000000
100111101010001011010100110101100000000000000000000000000000000000000000000000001001110111011100
100111101010001011010100110101100000000000000000000000000000000000000000000000010010101110100000
100111101010001011010100110101100000000000000000000000000000000000000000000000111011010110001100
100111101010001011010100110101100000000000000000000000000000000000000000000001000011010100010001
100111101010001011010100110101100000000000000000000000000000000000000000000000011000000010011011
100111101010001011010100110101100000000000000000000000000000000000000000000000110010000111011100
100111101010001011010100110101100000000000000000000000000000000000000000000000110010101110010001
100111101010001011010100110101100000000000000000000000000000000000000000000000111110001101111011
100111101010001011010100110101100000000000000000000000000000000000000000000000011000101101001001
100111101010001011010100110101100000000000000000000000000000000000000000000000000011111111001110
100111101010001011010100110101100000000000000000000000000000000000000000000000111101001011110010
100111101010001011010100110101100000000000000000000000000000000000000000000000111010010011110111
100111101010001011010100110101100000000000000000000000000000000000000000000000001011110000010110
100111101010001011010100110101100000000000000000000000000000000000000000000000110000101010001111
100111101010001011010100110101100000000000000000000000000000000000000000000000010100101111010110
100111101010001011010100110101100000000000000000000000000000000000000000000000001111100001110011
100111101010001011010100110101100000000000000000000000000000000000000000000000011110001110101110
100111101010001011010100110101100000000000000000000000000000000000000000000000000010100110001001
100111101010001011010100110101100000000000000000000000000000000000000000000000010011000001101010
100111101010001011010100110101100000000000000000000000000000000000000000000001001000101100110110
100111101010001011010100110101100000000000000000000000000000000000000000000000100000111111110000
100111101010001011010100110101100000000000000000000000000000000000000000000000011010011110110000
100111101010001011010100110101100000000000000000000000000000000000000000000000110011111011010110
100111101010001011010100110101100000000000000000000000000000000000000000000000000011101101010001
100111101010001011010100110101100000000000000000000000000000000000000000000000100000111001101000
100111101010001011010100110101100000000000000000000000000000000000000000000001001000000101000010
100111101010001011010100110101100000000000000000000000000000000000000000000000010011011110010000
100111101010001011010100110101100000000000000000000000000000000000000000000001000110010111100110
100111101010001011010100110101100000000000000000000000000000000000000000000000110011100100100011
100111101010001011010100110101100000000000000000000000000000000000000000000000000001001010100011
100111101010001011010100110101100000000000000000000000000000000000000000000001000110010000001111
100111101010001011010100110101100000000000000000000000000000000000000000000000011001000110110110
100111101010001011010100110101100000000000000000000000000000000000000000000001000000000100100001
100111101010001011010100110101100000000000000000000000000000000000000000000000000000010000010111
100111101010001011010100110101100000000000000000000000000000000000000000000000110000000110111010
100111101010001011010100110101100000000000000000000000000000000000000000000000011101110000111011
100111101010001011010100110101100000000000000000000000000000000000000000000000101000110001111101
100111101010001011010100110101100000000000000000000000000000000000000000000001001001000000101000
100111101010001011010100110101100000000000000000000000000000000000000000000000010001000001100000
100111101010001011010100110101100000000000000000000000000000000000000000000000011010011001001110
100111101010001011010100110101100000000000000000000000000000000000000000000000100111011111110100
100111101010001011010100110101100000000000000000000000000000000000000000000000000110100100010010
100111101010001011010100110101100000000000000000000000000000000000000000000000011001000101010011
100111101010001011010100110101100000000000000000000000000000000000000000000000100001011000010101
100111101010001011010100110101100000000000000000000000000000000000000000000000001111111011011100
100111101010001011010100110101100000000000000000000000000000000000000000000000100111000010011001
100111101010001011010100110101100000000000000000000000000000000000000000000000111010100110101110
100111101010001011010100110101100000000000000000000000000000000000000000000000001111011100110011
100111101010001011010100110101100000000000000000000000000000000000000000000000101100010001010010
100111101010001011010100110101100000000000000000000000000000000000000000000000010101011100011110
100111101010001011010100110101100000000000000000000000000000000000000000000000001010001011001101
100111101010001011010100110101100000000000000000000000000000000000000000000000001100101110000000
100111101010001011010100110101100000000000000000000000000000000000000000000000111011011010101010
100111101010001011010100110101100000000000000000000000000000000000000000000000100010100101101011
100111101010001011010100110101100000000000000000000000000000000000000000000000000010000100110110
100111101010001011010100110101100000000000000000000000000000000000000000000000001001100011000010
100111101010001011010100110101100000000000000000000000000000000000000000000001000001101011101110
100111101010001011010100110101100000000000000000000000000000000000000000000000101000111010110100
100111101010001011010100110101100000000000000000000000000000000000000000000000100011100011111111
100111101010001011010100110101100000000000000000000000000000000000000000000001000010011110001110
100111101010001011010100110101100000000000000000000000000000000000000000000000010000001000011001
100111101010001011010100110101100000000000000000000000000000000000000000000001000110011000100101
100111101010001011010100110101100000000000000000000000000000000000000000000000110101101110110010
100111101010001011010100110101100000000000000000000000000000000000000000000000100011100111001001
100111101010001011010100110101100000000000000000000000000000000000000000000000011111110011001001
100111101010001011010100110101100000000000000000000000000000000000000000000000100001011000000110
100111101010001011010100110101100000000000000000000000000000000000000000000000111001010001011001
100111101010001011010100110101100000000000000000000000000000000000000000000000101100111111111110
100111101010001011010100110101100000000000000000000000000000000000000000000000100010100010100101
100111101010001011010100110101100000000000000000000000000000000000000000000000001101001101111010
100111101010001011010100110101100000000000000000000000000000000000000000000000110010110000111011
100111101010001011010100110101100000000000000000000000000000000000000000000000001011010100110100
100111101010001011010100110101100000000000000000000000000000000000000000000000000000010101000011
100111101010001011010100110101100000000000000000000000000000000000000000000000111110111111000101
100111101010001011010100110101100000000000000000000000000000000000000000000000110001011010011000
100111101010001011010100110101100000000000000000000000000000000000000000000000101100111000100111
100111101010001011010100110101100000000000000000000000000000000000000000000000010010110000011101
100111101010001011010100110101100000000000000000000000000000000000000000000001000010011000110100
100111101010001011010100110101100000000000000000000000000000000000000000000000100101000001011101
100111101010001011010100110101100000000000000000000000000000000000000000000000000101101101101101
100111101010001011010100110101100000000000000000000000000000000000000000000000010100111111000001
100111101010001011010100110101100000000000000000000000000000000000000000000000010000010011101001
100111101010001011010100110101100000000000000000000000000000000000000000000001000011110111000010
100111101010001011010100110101100000000000000000000000000000000000000000000000101000110000111001
100111101010001011010100110101100000000000000000000000000000000000000000000000011101000100111101
100111101010001011010100110101100000000000000000000000000000000000000000000000000110110100100111
100111101010001011010100110101100000000000000000000000000000000000000000000000001010011101010000
100111101010001011010100110101100000000000000000000000000000000000000000000000111110000111011001
100111101010001011010100110101100000000000000000000000000000000000000000000001000010100100001011
100111101010001011010100110101100000000000000000000000000000000000000000000001000110111101000111
100111101010001011010100110101100000000000000000000000000000000000000000000000110000000111000111
100111101010001011010100110101100000000000000000000000000000000000000000000001000111010110110111
100111101010001011010100110101100000000000000000000000000000000000000000000000011000111101010110
100111101010001011010100110101100000000000000000000000000000000000000000000000001101001111000110
100111101010001011010100110101100000000000000000000000000000000000000000000000001101000111110101
100111101010001011010100110101100000000000000000000000000000000000000000000000010000001100011011
100111101010001011010100110101100000000000000000000000000000000000000000000000010100010010110000
100111101010001011010100110101100000000000000000000000000000000000000000000000111110101001111000
100111101010001011010100110101100000000000000000000000000000000000000000000000001111010011101111
100111101010001011010100110101100000000000000000000000000000000000000000000000010100000111110111
100111101010001011010100110101100000000000000000000000000000000000000000000000000111011100110011
100111101010001011010100110101100000000000000000000000000000000000000000000000011111000000111111
100111101010001011010100110101100000000000000000000000000000000000000000000000111101111010011000
100111101010001011010100110101100000000000000000000000000000000000000000000000101011101011100101
100111101010001011010100110101100000000000000000000000000000000000000000000001000111010010110110
100111101010001011010100110101100000000000000000000000000000000000000000000000010011000101111101
100111101010001011010100110101100000000000000000000000000000000000000000000000100001100111110001
100111101010001011010100110101100000000000000000000000000000000000000000000000100100110010100110
100111101010001011010100110101100000000000000000000000000000000000000000000000100010100001001101
100111101010001011010100110101100000000000000000000000000000000000000000000000011010001011000101
100111101010001011010100110101100000000000000000000000000000000000000000000000110000111111100111
100111101010001011010100110101100000000000000000000000000000000000000000000000110100101001001101
100111101010001011010100110101100000000000000000000000000000000000000000000000101011110000111011
100111101010001011010100110101100000000000000000000000000000000000000000000000110010110010111011
100111101010001011010100110101100000000000000000000000000000000000000000000000111101111110010001
100111101010001011010100110101100000000000000000000000000000000000000000000000001101101111011001
100111101010001011010100110101100000000000000000000000000000000000000000000001000000010101111011
100111101010001011010100110101100000000000000000000000000000000000000000000001000100010110110100
100111101010001011010100110101100000000000000000000000000000000000000000000000010001010111110100
100111101010001011010100110101100000000000000000000000000000000000000000000000100001110100110110
100111101010001011010100110101100000000000000000000000000000000000000000000001000010000100110111
100111101010001011010100110101100000000000000000000000000000000000000000000000010011101011001110
100111101010001011010100110101100000000000000000000000000000000000000000000000101111011000100111
100111101010001011010100110101100000000000000000000000000000000000000000000000101101010111100111
100111101010001011010100110101100000000000000000000000000000000000000000000001000100100011001011
100111101010001011010100110101100000000000000000000000000000000000000000000000001001110001110111
100111101010001011010100110101100000000000000000000000000000000000000000000000101011000101001101
100111101010001011010100110101100000000000000000000000000000000000000000000000110001011000110000
100111101010001011010100110101100000000000000000000000000000000000000000000001000000111100011111
100111101010001011010100110101100000000000000000000000000000000000000000000000010101011101100101
100111101010001011010100110101100000000000000000000000000000000000000000000000001100101100110101
100111101010001011010100110101100000000000000000000000000000000000000000000000100000110001000000
100111101010001011010100110101100000000000000000000000000000000000000000000000110111010001110110
100111101010001011010100110101100000000000000000000000000000000000000000000000101110011010111011
100111101010001011010100110101100000000000000000000000000000000000000000000001000100100110100000
100111101010001011010100110101100000000000000000000000000000000000000000000000010100100100111101
100111101010001011010100110101100000000000000000000000000000000000000000000000001010011011110000
100111101010001011010100110101100000000000000000000000000000000000000000000000000111110011100000
100111101010001011010100110101100000000000000000000000000000000000000000000000101011100011101011
100111101010001011010100110101100000000000000000000000000000000000000000000000010110111111110011
100111101010001011010100110101100000000000000000000000000000000000000000000000010011011100100101
100111101010001011010100110101100000000000000000000000000000000000000000000001000011101111100111
100111101010001011010100110101100000000000000000000000000000000000000000000000111111100110011001
100111101010001011010100110101100000000000000000000000000000000000000000000000111010010000000011
100111101010001011010100110101100000000000000000000000000000000000000000000000110110101011100001
100111101010001011010100110101100000000000000000000000000000000000000000000000101110100011010001
100111101010001011010100110101100000000000000000000000000000000000000000000000111111010011010000
100111101010001011010100110101100000000000000000000000000000000000000000000000011010111110100000
100111101010001011010100110101100000000000000000000000000000000000000000000000011110011110000010
100111101010001011010100110101100000000000000000000000000000000000000000000000000101001100001100
100111101010001011010100110101100000000000000000000000000000000000000000000000111001110011011111
100111101010001011010100110101100000000000000000000000000000000000000000000000001011100000000010
100111101010001011010100110101100000000000000000000000000000000000000000000000011110001101011101
100111101010001011010100110101100000000000000000000000000000000000000000000000110110101011100000
100111101010001011010100110101100000000000000000000000000000000000000000000000000000101001000010
100111101010001011010100110101100000000000000000000000000000000000000000000000101001111111000100
100111101010001011010100110101100000000000000000000000000000000000000000000000011100001100101000
100111101010001011010100110101100000000000000000000000000000000000000000000001000011010001101010
100111101010001011010100110101100000000000000000000000000000000000000000000000100111101110001110
100111101010001011010100110101100000000000000000000000000000000000000000000000010100010001001001
100111101010001011010100110101100000000000000000000000000000000000000000000000001101101101001001
100111101010001011010100110101100000000000000000000000000000000000000000000000011010001100000000
100111101010001011010100110101100000000000000000000000000000000000000000000000100000111000101011
100111101010001011010100110101100000000000000000000000000000000000000000000001000001010111000011
100111101010001011010100110101100000000000000000000000000000000000000000000000000111101110111011
100111101010001011010100110101100000000000000000000000000000000000000000000000100101010011100010
100111101010001011010100110101100000000000000000000000000000000000000000000000111011001110011101
100111101010001011010100110101100000000000000000000000000000000000000000000000001010011111000101
100111101010001011010100110101100000000000000000000000000000000000000000000000001101000110011100
100111101010001011010100110101100000000000000000000000000000000000000000000000101100110110101101
100111101010001011010100110101100000000000000000000000000000000000000000000000011011111111000111
100111101010001011010100110101100000000000000000000000000000000000000000000001000111001011101001
100111101010001011010100110101100000000000000000000000000000000000000000000000101111010001000101
100111101010001011010100110101100000000000000000000000000000000000000000000000001101111011101110
100111101010001011010100110101100000000000000000000000000000000000000000000000001101111010010001
100111101010001011010100110101100000000000000000000000000000000000000000000000011101100101010100
100111101010001011010100110101100000000000000000000000000000000000000000000000111001101100011100
100111101010001011010100110101100000000000000000000000000000000000000000000000111001011101101011
100111101010001011010100110101100000000000000000000000000000000000000000000000001011110011100101
100111101010001011010100110101100000000000000000000000000000000000000000000000111011011011101001
100111101010001011010100110101100000000000000000000000000000000000000000000000000110001000010010
100111101010001011010100110101100000000000000000000000000000000000000000000000111100011010011011
100111101010001011010100110101100000000000000000000000000000000000000000000000001111101100100100
100111101010001011010100110101100000000000000000000000000000000000000000000000010001010011100001
100111101010001011010100110101100000000000000000000000000000000000000000000000111111010111000011
100111101010001011010100110101100000000000000000000000000000000000000000000000000111111110111001
100111101010001011010100110101100000000000000000000000000000000000000000000000111110010110010101
100111101010001011010100110101100000000000000000000000000000000000000000000000100001011001100000
100111101010001011010100110101100000000000000000000000000000000000000000000000010101000110111101
100111101010001011010100110101100000000000000000000000000000000000000000000000110111001100001101
100111101010001011010100110101100000000000000000000000000000000000000000000000000001010010100111
100111101010001011010100110101100000000000000000000000000000000000000000000000101000011100100111
100111101010001011010100110101100000000000000000000000000000000000000000000000111001000100010000
100111101010001011010100110101100000000000000000000000000000000000000000000000011000010001011111
100111101010001011010100110101100000000000000000000000000000000000000000000000100010011101100110
100111101010001011010100110101100000000000000000000000000000000000000000000000010100011110000100
100111101010001011010100110101100000000000000000000000000000000000000000000000100001110110000001
100111101010001011010100110101100000000000000000000000000000000000000000000000100101111011010110
100111101010001011010100110101100000000000000000000000000000000000000000000001000010011011010010
100111101010001011010100110101100000000000000000000000000000000000000000000000000110011000011011
100111101010001011010100110101100000000000000000000000000000000000000000000000010010001110110111
100111101010001011010100110101100000000000000000000000000000000000000000000000111001111111011001
100111101010001011010100110101100000000000000000000000000000000000000000000001000001000100011000
100111101010001011010100110101100000000000000000000000000000000000000000000000001010001110110110
100111101010001011010100110101100000000000000000000000000000000000000000000000001000110110011000
100111101010001011010100110101100000000000000000000000000000000000000000000000011111111101100000
100111101010001011010100110101100000000000000000000000000000000000000000000000000100000000010010
100111101010001011010100110101100000000000000000000000000000000000000000000000001010011100101010
100111101010001011010100110101100000000000000000000000000000000000000000000001000111000110110100
100111101010001011010100110101100000000000000000000000000000000000000000000001000011100100011011
100111101010001011010100110101100000000000000000000000000000000000000000000000011001011110100100
100111101010001011010100110101100000000000000000000000000000000000000000000000000110101011111010
100111101010001011010100110101100000000000000000000000000000000000000000000000110101001101111100
100111101010001011010100110101100000000000000000000000000000000000000000000000111110000100101011
100111101010001011010100110101100000000000000000000000000000000000000000000000100010101000010111
100111101010001011010100110101100000000000000000000000000000000000000000000000110011010011011001
100111101010001011010100110101100000000000000000000000000000000000000000000000110111100100000001
100111101010001011010100110101100000000000000000000000000000000000000000000001000011011011010010
100111101010001011010100110101100000000000000000000000000000000000000000000000011100010111001101
100111101010001011010100110101100000000000000000000000000000000000000000000000101011100011000111
100111101010001011010100110101100000000000000000000000000000000000000000000000000110010000001110
100111101010001011010100110101100000000000000000000000000000000000000000000001000101110001010011
100111101010001011010100110101100000000000000000000000000000000000000000000000010110111011110011
100111101010001011010100110101100000000000000000000000000000000000000000000001001000010111000100
100111101010001011010100110101100000000000000000000000000000000000000000000000010100111000110001
100111101010001011010100110101100000000000000000000000000000000000000000000000111100010011110110
100111101010001011010100110101100000000000000000000000000000000000000000000000100101100111010111
100111101010001011010100110101100000000000000000000000000000000000000000000000100111000111011111
100111101010001011010100110101100000000000000000000000000000000000000000000000010101000100011111
100111101010001011010100110101100000000000000000000000000000000000000000000000011001101010110101
100111101010001011010100110101100000000000000000000000000000000000000000000000011101110011110101
100111101010001011010100110101100000000000000000000000000000000000000000000000111110000011001001
100111101010001011010100110101100000000000000000000000000000000000000000000000000010100000001000
100111101010001011010100110101100000000000000000000000000000000000000000000000000000000100101001
100111101010001011010100110101100000000000000000000000000000000000000000000000100001000000000000
100111101010001011010100110101100000000000000000000000000000000000000000000000101010111001000000
100111101010001011010100110101100000000000000000000000000000000000000000000000001001110001000011
100111101010001011010100110101100000000000000000000000000000000000000000000001001000010010000011
100111101010001011010100110101100000000000000000000000000000000000000000000000101111100101100111
100111101010001011010100110101100000000000000000000000000000000000000000000000100100001101100100
100111101010001011010100110101100000000000000000000000000000000000000000000000010110010100011110
100111101010001011010100110101100000000000000000000000000000000000000000000000100000011100001110
100111101010001011010100110101100000000000000000000000000000000000000000000000010111000001110101
100111101010001011010100110101100000000000000000000000000000000000000000000001000110111000110011
100111101010001011010100110101100000000000000000000000000000000000000000000000011001101011010011
100111101010001011010100110101100000000000000000000000000000000000000000000000100001011010001110
100111101010001011010100110101100000000000000000000000000000000000000000000000001010011110111001
100111101010001011010100110101100000000000000000000000000000000000000000000000110010001101100110
100111101010001011010100110101100000000000000000000000000000000000000000000000100010101101010101
100111101010001011010100110101100000000000000000000000000000000000000000000000010111110011001111
100111101010001011010100110101100000000000000000000000000000000000000000000000000010000111101100
100111101010001011010100110101100000000000000000000000000000000000000000000000000000100110001101
100111101010001011010100110101100000000000000000000000000000000000000000000000111110100010001100
100111101010001011010100110101100000000000000000000000000000000000000000000000100011111000111110
100111101010001011010100110101100000000000000000000000000000000000000000000000001011111101010000
100111101010001011010100110101100000000000000000000000000000000000000000000000111110000010101100
100111101010001011010100110101100000000000000000000000000000000000000000000000001010010110010101
100111101010001011010100110101100000000000000000000000000000000000000000000000100111000111011000
100111101010001011010100110101100000000000000000000000000000000000000000000000101001110111110011
100111101010001011010100110101100000000000000000000000000000000000000000000000111111111110000101
100111101010001011010100110101100000000000000000000000000000000000000000000000100101011100110000
100111101010001011010100110101100000000000000000000000000000000000000000000000001010001111111010
100111101010001011010100110101100000000000000000000000000000000000000000000000000101110101010010
100111101010001011010100110101100000000000000000000000000000000000000000000000100100011010101101
100111101010001011010100110101100000000000000000000000000000000000000000000000000100110001000010
100111101010001011010100110101100000000000000000000000000000000000000000000000101110111000010101
100111101010001011010100110101100000000000000000000000000000000000000000000000110111110010110111
100111101010001011010100110101100000000000000000000000000000000000000000000000101001111011110000
100111101010001011010100110101100000000000000000000000000000000000000000000001000011010010101100
100111101010001011010100110101100000000000000000000000000000000000000000000000101111111000000001
100111101010001011010100110101100000000000000000000000000000000000000000000000001101100000011011
100111101010001011010100110101100000000000000000000000000000000000000000000000011011000110111110
100111101010001011010100110101100000000000000000000000000000000000000000000000110000101001010111
100111101010001011010100110101100000000000000000000000000000000000000000000000111101101001001011
100111101010001011010100110101100000000000000000000000000000000000000000000000111011110000101001
100111101010001011010100110101100000000000000000000000000000000000000000000000110000001110001101
100111101010001011010100110101100000000000000000000000000000000000000000000000000011010011101010
100111101010001011010100110101100000000000000000000000000000000000000000000000101110101011101110
100111101010001011010100110101100000000000000000000000000000000000000000000000100010101000010101
100111101010001011010100110101100000000000000000000000000000000000000000000000111100011011110001
100111101010001011010100110101100000000000000000000000000000000000000000000000000001100101100100
100111101010001011010100110101100000000000000000000000000000000000000000000000101001010101100011
100111101010001011010100110101100000000000000000000000000000000000000000000000100110010111001111
100111101010001011010100110101100000000000000000000000000000000000000000000000011010000111001001
100111101010001011010100110101100000000000000000000000000000000000000000000000101010000000011100
100111101010001011010100110101100000000000000000000000000000000000000000000000011011110000011001
100111101010001011010100110101100000000000000000000000000000000000000000000000011111011100100110
100111101010001011010100110101100000000000000000000000000000000000000000000000011101110101000010
100111101010001011010100110101100000000000000000000000000000000000000000000000110101000010001100
100111101010001011010100110101100000000000000000000000000000000000000000000000010101101110110011
100111101010001011010100110101100000000000000000000000000000000000000000000000011011111011101001
100111101010001011010100110101100000000000000000000000000000000000000000000000110001010110001100
100111101010001011010100110101100000000000000000000000000000000000000000000000011111001100001111
100111101010001011010100110101100000000000000000000000000000000000000000000000001001111110111000
100111101010001011010100110101100000000000000000000000000000000000000000000000100110011011110111
100111101010001011010100110101100000000000000000000000000000000000000000000000010000100100000100
100111101010001011010100110101100000000000000000000000000000000000000000000000100100010011100000
100111101010001011010100110101100000000000000000000000000000000000000000000000111110011101010101
100111101010001011010100110101100000000000000000000000000000000000000000000000000010101110100101
100111101010001011010100110101100000000000000000000000000000000000000000000000010111111000001110
100111101010001011010100110101100000000000000000000000000000000000000000000000011110010111000010
100111101010001011010100110101100000000000000000000000000000000000000000000000011011101000101110
100111101010001011010100110101100000000000000000000000000000000000000000000000010101101000011100
100111101010001011010100110101100000000000000000000000000000000000000000000001000010111111000110
100111101010001011010100110101100000000000000000000000000000000000000000000000110100000111001010
100111101010001011010100110101100000000000000000000000000000000000000000000000001111110111100001
100111101010001011010100110101100000000000000000000000000000000000000000000000001110110101011111
100111101010001011010100110101100000000000000000000000000000000000000000000000001100000101010101
100111101010001011010100110101100000000000000000000000000000000000000000000000000100011000010110
100111101010001011010100110101100000000000000000000000000000000000000000000000000011001100100100
100111101010001011010100110101100000000000000000000000000000000000000000000000101100111101101100
100111101010001011010100110101100000000000000000000000000000000000000000000000000010111111101100
100111101010001011010100110101100000000000000000000000000000000000000000000001001000010110001011
100111101010001011010100110101100000000000000000000000000000000000000000000000101101001111001010
100111101010001011010100110101100000000000000000000000000000000000000000000000011110111010001000
100111101010001011010100110101100000000000000000000000000000000000000000000000010101100101010110
100111101010001011010100110101100000000000000000000000000000000000000000000000010010000010111010
100111101010001011010100110101100000000000000000000000000000000000000000000000010010000111101110
100111101010001011010100110101100000000000000000000000000000000000000000000000000110101110101001
100111101010001011010100110101100000000000000000000000000000000000000000000000100110000110100101
100111101010001011010100110101100000000000000000000000000000000000000000000000000001011111011100
100111101010001011010100110101100000000000000000000000000000000000000000000000000111011111101110
100111101010001011010100110101100000000000000000000000000000000000000000000001001001001110111011
100111101010001011010100110101100000000000000000000000000000000000000000000001000100010110010010
100111101010001011010100110101100000000000000000000000000000000000000000000000111101000100011111
100111101010001011010100110101100000000000000000000000000000000000000000000000110100110010110010
100111101010001011010100110101100000000000000000000000000000000000000000000000001111111001010011
100111101010001011010100110101100000000000000000000000000000000000000000000000010110001101101010
100111101010001011010100110101100000000000000000000000000000000000000000000000100101010110010110
100111101010001011010100110101100000000000000000000000000000000000000000000000000101111100100101
100111101010001011010100110101100000000000000000000000000000000000000000000000110101110001010111
100111101010001011010100110101100000000000000000000000000000000000000000000000000001001000010011
100111101010001011010100110101100000000000000000000000000000000000000000000000001010111011000110
100111101010001011010100110101100000000000000000000000000000000000000000000000001001001100011010
100111101010001011010100110101100000000000000000000000000000000000000000000000110010110100001010
100111101010001011010100110101100000000000000000000000000000000000000000000000101111000111111110
100111101010001011010100110101100000000000000000000000000000000000000000000000111101000111000000
100111101010001011010100110101100000000000000000000000000000000000000000000000010100010010010011
100111101010001011010100110101100000000000000000000000000000000000000000000000101010010110010000
100111101010001011010100110101100000000000000000000000000000000000000000000001000001000110111010
100111101010001011010100110101100000000000000000000000000000000000000000000000101000111011001010
100111101010001011010100110101100000000000000000000000000000000000000000000000110000011000100001
100111101010001011010100110101100000000000000000000000000000000000000000000000111011100001001000
100111101010001011010100110101100000000000000000000000000000000000000000000000101011111111111010
100111101010001011010100110101100000000000000000000000000000000000000000000000000110011010001010
100111101010001011010100110101100000000000000000000000000000000000000000000000000010111100010001
100111101010001011010100110101100000000000000000000000000000000000000000000000100110010011000010
100111101010001011010100110101100000000000000000000000000000000000000000000000001100001101101001
100111101010001011010100110101100000000000000000000000000000000000000000000000001110100001001000
100111101010001011010100110101100000000000000000000000000000000000000000000000001001101001011010
100111101010001011010100110101100000000000000000000000000000000000000000000000010101000000000110
100111101010001011010100110101100000000000000000000000000000000000000000000000111111001010010111
100111101010001011010100110101100000000000000000000000000000000000000000000000100011000001111110
100111101010001011010100110101100000000000000000000000000000000000000000000001000101100101011000
100111101010001011010100110101100000000000000000000000000000000000000000000000110000100111111000
100111101010001011010100110101100000000000000000000000000000000000000000000000011001110001010010
100111101010001011010100110101100000000000000000000000000000000000000000000000001100010010010100
100111101010001011010100110101100000000000000000000000000000000000000000000000011000001110001101
100111101010001011010100110101100000000000000000000000000000000000000000000000100000011110010101
100111101010001011010100110101100000000000000000000000000000000000000000000000100100101111101100
100111101010001011010100110101100000000000000000000000000000000000000000000000011010000000011011
100111101010001011010100110101100000000000000000000000000000000000000000000000010101111001100100
100111101010001011010100110101100000000000000000000000000000000000000000000000001110001000110011
100111101010001011010100110101100000000000000000000000000000000000000000000000010110110101111000
100111101010001011010100110101100000000000000000000000000000000000000000000000100110101000111010
100111101010001011010100110101100000000000000000000000000000000000000000000000111010110001110010
100111101010001011010100110101100000000000000000000000000000000000000000000000011001111111000001
100111101010001011010100110101100000000000000000000000000000000000000000000000111010100100100111
100111101010001011010100110101100000000000000000000000000000000000000000000000001100001000111101
100111101010001011010100110101100000000000000000000000000000000000000000000001000000010000110100
100111101010001011010100110101100000000000000000000000000000000000000000000000000010010110000010
100111101010001011010100110101100000000000000000000000000000000000000000000000010111110000100101
100111101010001011010100110101100000000000000000000000000000000000000000000000100000100001100011
100111101010001011010100110101100000000000000000000000000000000000000000000001000111000110001010
100111101010001011010100110101100000000000000000000000000000000000000000000001000101110010110001
100111101010001011010100110101100000000000000000000000000000000000000000000001000101000110001001
100111101010001011010100110101100000000000000000000000000000000000000000000000111111100100111010
100111101010001011010100110101100000000000000000000000000000000000000000000000110010000101111111
100111101010001011010100110101100000000000000000000000000000000000000000000000101101010111100010
100111101010001011010100110101100000000000000000000000000000000000000000000000100111100010010001
100111101010001011010100110101100000000000000000000000000000000000000000000001000101111110001010
100111101010001011010100110101100000000000000000000000000000000000000000000001000110000001011010
100111101010001011010100110101100000000000000000000000000000000000000000000000110000100011110011
100111101010001011010100110101100000000000000000000000000000000000000000000000001011110111001010
100111101010001011010100110101100000000000000000000000000000000000000000000000000010111110111011
100111101010001011010100110101100000000000000000000000000000000000000000000000000111101001110101
100111101010001011010100110101100000000000000000000000000000000000000000000000001010101110101001
100111101010001011010100110101100000000000000000000000000000000000000000000000001010110001111110
100111101010001011010100110101100000000000000000000000000000000000000000000000110111111001110111
100111101010001011010100110101100000000000000000000000000000000000000000000000010110101101001010
100111101010001011010100110101100000000000000000000000000000000000000000000000010101100000100011
100111101010001011010100110101100000000000000000000000000000000000000000000000001001100100000010
100111101010001011010100110101100000000000000000000000000000000000000000000000100010111111111100
100111101010001011010100110101100000000000000000000000000000000000000000000000000111110001100010
100111101010001011010100110101100000000000000000000000000000000000000000000000111010110000011100
100111101010001011010100110101100000000000000000000000000000000000000000000000000011110110111001
100111101010001011010100110101100000000000000000000000000000000000000000000000111010001001010010
100111101010001011010100110101100000000000000000000000000000000000000000000001000100000101001010
100111101010001011010100110101100000000000000000000000000000000000000000000000001011110011000010
100111101010001011010100110101100000000000000000000000000000000000000000000000110011000011110010
100111101010001011010100110101100000000000000000000000000000000000000000000000011110010001000110
100111101010001011010100110101100000000000000000000000000000000000000000000000111001110001010000
100111101010001011010100110101100000000000000000000000000000000000000000000000010011100011010010
100111101010001011010100110101100000000000000000000000000000000000000000000000011000101111011100
100111101010001011010100110101100000000000000000000000000000000000000000000000100010110000010111
100111101010001011010100110101100000000000000000000000000000000000000000000000000100100100011010
100111101010001011010100110101100000000000000000000000000000000000000000000000100111101111111100
100111101010001011010100110101100000000000000000000000000000000000000000000000010100111001001111
100111101010001011010100110101100000000000000000000000000000000000000000000001000111001011010110
100111101010001011010100110101100000000000000000000000000000000000000000000000000001011010011110
100111101010001011010100110101100000000000000000000000000000000000000000000001000111100000010100
100111101010001011010100110101100000000000000000000000000000000000000000000001000101111100011001
100111101010001011010100110101100000000000000000000000000000000000000000000001000110100111101101
100111101010001011010100110101100000000000000000000000000000000000000000000000111111011100010110
100111101010001011010100110101100000000000000000000000000000000000000000000000110010011001010011
100111101010001011010100110101100000000000000000000000000000000000000000000000101011000001100111
100111101010001011010100110101100000000000000000000000000000000000000000000000000110100111001010
100111101010001011010100110101100000000000000000000000000000000000000000000000010011110100001010
100111101010001011010100110101100000000000000000000000000000000000000000000000011011100010100001
100111101010001011010100110101100000000000000000000000000000000000000000000000011000001111100101
100111101010001011010100110101100000000000000000000000000000000000000000000000000011110010001001
100111101010001011010100110101100000000000000000000000000000000000000000000000110010101111001001
100111101010001011010100110101100000000000000000000000000000000000000000000000011110111001100001
100111101010001011010100110101100000000000000000000000000000000000000000000000011000110000110000
100111101010001011010100110101100000000000000000000000000000000000000000000000110011111101011010
100111101010001011010100110101100000000000000000000000000000000000000000000000110011000110011100
100111101010001011010100110101100000000000000000000000000000000000000000000000011000100111010001
100111101010001011010100110101100000000000000000000000000000000000000000000000100010110100110011
100111101010001011010100110101100000000000000000000000000000000000000000000000001011011010011001
100111101010001011010100110101100000000000000000000000000000000000000000000000111010000110001011
100111101010001011010100110101100000000000000000000000000000000000000000000000000111010101000011
100111101010001011010100110101100000000000000000000000000000000000000000000000000110010000000000
100111101010001011010100110101100000000000000000000000000000000000000000000000100001011100000011
100111101010001011010100110101100000000000000000000000000000000000000000000000111000101001010111
100111101010001011010100110101100000000000000000000000000000000000000000000000101011000010101101
100111101010001011010100110101100000000000000000000000000000000000000000000000111011010110000010
100111101010001011010100110101100000000000000000000000000000000000000000000000001000010101111110
100111101010001011010100110101100000000000000000000000000000000000000000000000001100001100101000
100111101010001011010100110101100000000000000000000000000000000000000000000000110110000101111111
100111101010001011010100110101100000000000000000000000000000000000000000000000100101001101011010
100111101010001011010100110101100000000000000000000000000000000000000000000000101101100101001010
100111101010001011010100110101100000000000000000000000000000000000000000000000110111100001001111
100111101010001011010100110101100000000000000000000000000000000000000000000000011011011001010010
100111101010001011010100110101100000000000000000000000000000000000000000000001000011001010010111
100111101010001011010100110101100000000000000000000000000000000000000000000000111111101111110110
100111101010001011010100110101100000000000000000000000000000000000000000000001000111000010000100
100111101010001011010100110101100000000000000000000000000000000000000000000000011110001111101100
100111101010001011010100110101100000000000000000000000000000000000000000000000001001101001101011
100111101010001011010100110101100000000000000000000000000000000000000000000000111011000100101111
100111101010001011010100110101100000000000000000000000000000000000000000000000100011111101101101
100111101010001011010100110101100000000000000000000000000000000000000000000000110011101001000001
100111101010001011010100110101100000000000000000000000000000000000000000000000101110011010011000
100111101010001011010100110101100000000000000000000000000000000000000000000000110110010001011000
100111101010001011010100110101100000000000000000000000000000000000000000000000000100111011001011
100111101010001011010100110101100000000000000000000000000000000000000000000000001110001011011100
100111101010001011010100110101100000000000000000000000000000000000000000000000111110111111001100
100111101010001011010100110101100000000000000000000000000000000000000000000000000110110101110110
100111101010001011010100110101100000000000000000000000000000000000000000000000100010100111011000
100111101010001011010100110101100000000000000000000000000000000000000000000000011110101111000001
100111101010001011010100110101100000000000000000000000000000000000000000000000111110010100000111
100111101010001011010100110101100000000000000000000000000000000000000000000000000101001001011111
100111101010001011010100110101100000000000000000000000000000000000000000000000000111011110010101
100111101010001011010100110101100000000000000000000000000000000000000000000000111110101000011100
100111101010001011010100110101100000000000000000000000000000000000000000000000111011011101111011
100111101010001011010100110101100000000000000000000000000000000000000000000000001011111000010101
100111101010001011010100110101100000000000000000000000000000000000000000000000100001011111011011
100111101010001011010100110101100000000000000000000000000000000000000000000000011011001111001110
100111101010001011010100110101100000000000000000000000000000000000000000000000110010110011100110
100111101010001011010100110101100000000000000000000000000000000000000000000000100100011010011001
100111101010001011010100110101100000000000000000000000000000000000000000000000110010001010000111
100111101010001011010100110101100000000000000000000000000000000000000000000000011000100111110010
100111101010001011010100110101100000000000000000000000000000000000000000000000010110000110011000
100111101010001011010100110101100000000000000000000000000000000000000000000000110100110001111010
100111101010001011010100110101100000000000000000000000000000000000000000000000111100110100001000
100111101010001011010100110101100000000000000000000000000000000000000000000000110000110110010011
100111101010001011010100110101100000000000000000000000000000000000000000000000010011100111101011
100111101010001011010100110101100000000000000000000000000000000000000000000000110010110011001110
100111101010001011010100110101100000000000000000000000000000000000000000000000010010011110110011
100111101010001011010100110101100000000000000000000000000000000000000000000000101100110110010110
100111101010001011010100110101100000000000000000000000000000000000000000000000101011010100001001
100111101010001011010100110101100000000000000000000000000000000000000000000000101010110010010011
100111101010001011010100110101100000000000000000000000000000000000000000000000100011010001000101
100111101010001011010100110101100000000000000000000000000000000000000000000000001001101011111001
100111101010001011010100110101100000000000000000000000000000000000000000000000001110011111101100
100111101010001011010100110101100000000000000000000000000000000000000000000000111010000110011110
100111101010001011010100110101100000000000000000000000000000000000000000000000100010101111011001
100111101010001011010100110101100000000000000000000000000000000000000000000000100011100000011000
100111101010001011010100110101100000000000000000000000000000000000000000000000110010011101000110
100111101010001011010100110101100000000000000000000000000000000000000000000000000111110111111101
100111101010001011010100110101100000000000000000000000000000000000000000000000011111111101100001
100111101010001011010100110101100000000000000000000000000000000000000000000000100000000011110000
100111101010001011010100110101100000000000000000000000000000000000000000000000000111101010011000
100111101010001011010100110101100000000000000000000000000000000000000000000000101000111100100111
100111101010001011010100110101100000000000000000000000000000000000000000000000000001000001101100
100111101010001011010100110101100000000000000000000000000000000000000000000000001011001111110111
100111101010001011010100110101100000000000000000000000000000000000000000000000100110100110011110
100111101010001011010100110101100000000000000000000000000000000000000000000000011010011010100101
100111101010001011010100110101100000000000000000000000000000000000000000000000101010010000101111
100111101010001011010100110101100000000000000000000000000000000000000000000000000110000111001011
100111101010001011010100110101100000000000000000000000000000000000000000000000001111111100101011
100111101010001011010100110101100000000000000000000000000000000000000000000000000011010010001011
100111101010001011010100110101100000000000000000000000000000000000000000000000010001111100010010
100111101010001011010100110101100000000000000000000000000000000000000000000000101100110111111100
100111101010001011010100110101100000000000000000000000000000000000000000000000000101011110011110
100111101010001011010100110101100000000000000000000000000000000000000000000000111101111110100110
100111101010001011010100110101100000000000000000000000000000000000000000000000100000001101010100
100111101010001011010100110101100000000000000000000000000000000000000000000000111101110101011001
100111101010001011010100110101100000000000000000000000000000000000000000000000010001000111110001
100111101010001011010100110101100000000000000000000000000000000000000000000000110111101100001100
100111101010001011010100110101100000000000000000000000000000000000000000000000101100100101111001
100111101010001011010100110101100000000000000000000000000000000000000000000000111000101001001101
100111101010001011010100110101100000000000000000000000000000000000000000000000101000111100100110
100111101010001011010100110101100000000000000000000000000000000000000000000000010010010100001110
100111101010001011010100110101100000000000000000000000000000000000000000000000000100111110111010
100111101010001011010100110101100000000000000000000000000000000000000000000000010011100100011110
100111101010001011010100110101100000000000000000000000000000000000000000000001000010000010001101
100111101010001011010100110101100000000000000000000000000000000000000000000000000111001100001000
100111101010001011010100110101100000000000000000000000000000000000000000000000111111001000000100
100111101010001011010100110101100000000000000000000000000000000000000000000001000001010110100010
100111101010001011010100110101100000000000000000000000000000000000000000000001000001000101110110
100111101010001011010100110101100000000000000000000000000000000000000000000000110000011001000000
100111101010001011010100110101100000000000000000000000000000000000000000000000011010000011010101
100111101010001011010100110101100000000000000000000000000000000000000000000000011010000100110101
100111101010001011010100110101100000000000000000000000000000000000000000000000100101011101111101
100111101010001011010100110101100000000000000000000000000000000000000000000000111011011011110000
100111101010001011010100110101100000000000000000000000000000000000000000000000100000111011101010
100111101010001011010100110101100000000000000000000000000000000000000000000000110111010101111111
100111101010001011010100110101100000000000000000000000000000000000000000000001000100111010010011
100111101010001011010100110101100000000000000000000000000000000000000000000000000101101011101100
100111101010001011010100110101100000000000000000000000000000000000000000000000000100011001111101
100111101010001011010100110101100000000000000000000000000000000000000000000000000100101000011100
100111101010001011010100110101100000000000000000000000000000000000000000000000001000110010001001
100111101010001011010100110101100000000000000000000000000000000000000000000000101000011101100110
100111101010001011010100110101100000000000000000000000000000000000000000000000101111100000010111
100111101010001011010100110101100000000000000000000000000000000000000000000000100010101001010100
100111101010001011010100110101100000000000000000000000000000000000000000000000001111101000100010
100111101010001011010100110101100000000000000000000000000000000000000000000000001010000100001010
100111101010001011010100110101100000000000000000000000000000000000000000000000000010001111001110
100111101010001011010100110101100000000000000000000000000000000000000000000000010111000110111011
100111101010001011010100110101100000000000000000000000000000000000000000000000010010001100101010
100111101010001011010100110101100000000000000000000000000000000000000000000000011100000110010000
100111101010001011010100110101100000000000000000000000000000000000000000000000101001011011010110
100111101010001011010100110101100000000000000000000000000000000000000000000000001110010101100110
100111101010001011010100110101100000000000000000000000000000000000000000000001000110111110110000
100111101010001011010100110101100000000000000000000000000000000000000000000000100001101000000000
100111101010001011010100110101100000000000000000000000000000000000000000000000000010101011001011
100111101010001011010100110101100000000000000000000000000000000000000000000000001011001000000101
100111101010001011010100110101100000000000000000000000000000000000000000000000110010011101010111
100111101010001011010100110101100000000000000000000000000000000000000000000000111100110011000000
100111101010001011010100110101100000000000000000000000000000000000000000000000100000011110000011
100111101010001011010100110101100000000000000000000000000000000000000000000000001010100101000000
100111101010001011010100110101100000000000000000000000000000000000000000000000000000001010010110
100111101010001011010100110101100000000000000000000000000000000000000000000000101111111011011100
