001100011111000110000000000000000000000000000000000000000000000010011110101000101101010011010110
011000110111100010000000000000000000000000000000000000000000000010011110101000101101010011010110
111000111100100000000000000000000000000000000000000000000000000010011110101000101101010011010110
101100010001000110000000000000000000000000000000000000000000000010011110101000101101010011010110
101101001010011011000000000000000000000000000000000000000000000010011110101000101101010011010110
101000001111001010000000000000000000000000000000000000000000000010011110101000101101010011010110
010110111101110111000000000000000000000000000000000000000000000010011110101000101101010011010110
110011010011010111000000000000000000000000000000000000000000000010011110101000101101010011010110
101001011001011001000000000000000000000000000000000000000000000010011110101000101101010011010110
011111011001010000000000000000000000000000000000000000000000000010011110101000101101010011010110
010000000001111011000000000000000000000000000000000000000000000010011110101000101101010011010110
010000011010000110000000000000000000000000000000000000000000000010011110101000101101010011010110
010111010100110101000000000000000000000000000000000000000000000010011110101000101101010011010110
111010010111010001000000000000000000000000000000000000000000000010011110101000101101010011010110
001011001111101111000000000000000000000000000000000000000000000010011110101000101101010011010110
100011100011101010000000000000000000000000000000000000000000000010011110101000101101010011010110
000010100001111000000000000000000000000000000000000000000000000010011110101000101101010011010110
110010000110010000000000000000000000000000000000000000000000000010011110101000101101010011010110
010110100011101000100000000000000000000000000000000000000000000010011110101000101101010011010110
111011110001101001000000000000000000000000000000000000000000000010011110101000101101010011010110
111000100101111010000000000000000000000000000000000000000000000010011110101000101101010011010110
001111000100101101000000000000000000000000000000000000000000000010011110101000101101010011010110
101000000001001101000000000000000000000000000000000000000000000010011110101000101101010011010110
100100000011000111000000000000000000000000000000000000000000000010011110101000101101010011010110
100101010100000110000000000000000000000000000000000000000000000010011110101000101101010011010110
111111000100101011000000000000000000000000000000000000000000000010011110101000101101010011010110
001100010101110101000000000000000000000000000000000000000000000010011110101000101101010011010110
110111110110001010000000000000000000000000000000000000000000000010011110101000101101010011010110
010000101001010010000000000000000000000000000000000000000000000010011110101000101101010011010110
000101101011101111000000000000000000000000000000000000000000000010011110101000101101010011010110
000101111011110000000000000000000000000000000000000000000000000010011110101000101101010011010110
101001010101100111000000000000000000000000000000000000000000000010011110101000101101010011010110
100000111001000001000000000000000000000000000000000000000000000010011110101000101101010011010110
100101000110100000000000000000000000000000000000000000000000000010011110101000101101010011010110
100011101011111011000000000000000000000000000000000000000000000010011110101000101101010011010110
011100010011110000000000000000000000000000000000000000000000000010011110101000101101010011010110
110100000110001000100000000000000000000000000000000000000000000010011110101000101101010011010110
100100011011101111000000000000000000000000000000000000000000000010011110101000101101010011010110
101001011101101000000000000000000000000000000000000000000000000010011110101000101101010011010110
011010000101011110000000000000000000000000000000000000000000000010011110101000101101010011010110
101100100111011111000000000000000000000000000000000000000000000010011110101000101101010011010110
101010110110000001000000000000000000000000000000000000000000000010011110101000101101010011010110
011110101010101101000000000000000000000000000000000000000000000010011110101000101101010011010110
110101101110001000000000000000000000000000000000000000000000000010011110101000101101010011010110
000010010010110011000000000000000000000000000000000000000000000010011110101000101101010011010110
111100010111111011000000000000000000000000000000000000000000000010011110101000101101010011010110
111110101110110010000000000000000000000000000000000000000000000010011110101000101101010011010110
011011010000101010000000000000000000000000000000000000000000000010011110101000101101010011010110
000100100101110011000000000000000000000000000000000000000000000010011110101000101101010011010110
001001001110010001000000000000000000000000000000000000000000000010011110101000101101010011010110
011001110110111011000000000000000000000000000000000000000000000010011110101000101101010011010110
000111100100000000000000000000000000000000000000000000000000000010011110101000101101010011010110
101001011000011000000000000000000000000000000000000000000000000010011110101000101101010011010110
110101011000110010000000000000000000000000000000000000000000000010011110101000101101010011010110
110001110101110001000000000000000000000000000000000000000000000010011110101000101101010011010110
100100111100010011000000000000000000000000000000000000000000000010011110101000101101010011010110
011010010101011010000000000000000000000000000000000000000000000010011110101000101101010011010110
100001000110011101000000000000000000000000000000000000000000000010011110101000101101010011010110
001100111010001010000000000000000000000000000000000000000000000010011110101000101101010011010110
011000010000111100000000000000000000000000000000000000000000000010011110101000101101010011010110
001011111110110100000000000000000000000000000000000000000000000010011110101000101101010011010110
011110101000100100000000000000000000000000000000000000000000000010011110101000101101010011010110
111000100011110000000000000000000000000000000000000000000000000010011110101000101101010011010110
110011111000101111000000000000000000000000000000000000000000000010011110101000101101010011010110
010001001000001001000000000000000000000000000000000000000000000010011110101000101101010011010110
110100011011110010000000000000000000000000000000000000000000000010011110101000101101010011010110
111111101010010010000000000000000000000000000000000000000000000010011110101000101101010011010110
110011001100100110000000000000000000000000000000000000000000000010011110101000101101010011010110
101101001101111100000000000000000000000000000000000000000000000010011110101000101101010011010110
010100001110111111000000000000000000000000000000000000000000000010011110101000101101010011010110
000110111010010000000000000000000000000000000000000000000000000010011110101000101101010011010110
010001010010010011000000000000000000000000000000000000000000000010011110101000101101010011010110
011100110110001111000000000000000000000000000000000000000000000010011110101000101101010011010110
001111000100011111000000000000000000000000000000000000000000000010011110101000101101010011010110
011011101101100011000000000000000000000000000000000000000000000010011110101000101101010011010110
001011010110110110000000000000000000000000000000000000000000000010011110101000101101010011010110
101011111011011010000000000000000000000000000000000000000000000010011110101000101101010011010110
100101101011001001000000000000000000000000000000000000000000000010011110101000101101010011010110
101100111000001100000000000000000000000000000000000000000000000010011110101000101101010011010110
111011100110000101000000000000000000000000000000000000000000000010011110101000101101010011010110
001001000001101010000000000000000000000000000000000000000000000010011110101000101101010011010110
100010101010000111000000000000000000000000000000000000000000000010011110101000101101010011010110
011011010000000010000000000000000000000000000000000000000000000010011110101000101101010011010110
011101010001100111000000000000000000000000000000000000000000000010011110101000101101010011010110
111101010110000101000000000000000000000000000000000000000000000010011110101000101101010011010110
011101011110000011000000000000000000000000000000000000000000000010011110101000101101010011010110
010101010011010101000000000000000000000000000000000000000000000010011110101000101101010011010110
100100100000000110000000000000000000000000000000000000000000000010011110101000101101010011010110
111111011100100100100000000000000000000000000000000000000000000010011110101000101101010011010110
010110000010101110000000000000000000000000000000000000000000000010011110101000101101010011010110
100111010100111001000000000000000000000000000000000000000000000010011110101000101101010011010110
000100101010110101000000000000000000000000000000000000000000000010011110101000101101010011010110
010010000010101111000000000000000000000000000000000000000000000010011110101000101101010011010110
000110001111001010000000000000000000000000000000000000000000000010011110101000101101010011010110
010111111010101100000000000000000000000000000000000000000000000010011110101000101101010011010110
101101010011101011000000000000000000000000000000000000000000000010011110101000101101010011010110
111010110000111010000000000000000000000000000000000000000000000010011110101000101101010011010110
000101111100111001000000000000000000000000000000000000000000000010011110101000101101010011010110
001100000100111101000000000000000000000000000000000000000000000010011110101000101101010011010110
011111010010110111000000000000000000000000000000000000000000000010011110101000101101010011010110
111011110010001000000000000000000000000000000000000000000000000010011110101000101101010011010110
001110111000110100000000000000000000000000000000000000000000000010011110101000101101010011010110
000100101010100111000000000000000000000000000000000000000000000010011110101000101101010011010110
110001101111111101000000000000000000000000000000000000000000000010011110101000101101010011010110
000100010101011001000000000000000000000000000000000000000000000010011110101000101101010011010110
001110110100001010000000000000000000000000000000000000000000000010011110101000101101010011010110
100101101111010001000000000000000000000000000000000000000000000010011110101000101101010011010110
110101101010001110000000000000000000000000000000000000000000000010011110101000101101010011010110
111011100100000111000000000000000000000000000000000000000000000010011110101000101101010011010110
111100011101111110000000000000000000000000000000000000000000000010011110101000101101010011010110
111110101000001000000000000000000000000000000000000000000000000010011110101000101101010011010110
001001010001101001000000000000000000000000000000000000000000000010011110101000101101010011010110
000100010001101010000000000000000000000000000000000000000000000010011110101000101101010011010110
010110000010011000100000000000000000000000000000000000000000000010011110101000101101010011010110
100101001110000000100000000000000000000000000000000000000000000010011110101000101101010011010110
011111100110010110000000000000000000000000000000000000000000000010011110101000101101010011010110
101101001000000101000000000000000000000000000000000000000000000010011110101000101101010011010110
101011110111011110000000000000000000000000000000000000000000000010011110101000101101010011010110
000100111011110001000000000000000000000000000000000000000000000010011110101000101101010011010110
000010001100111000000000000000000000000000000000000000000000000010011110101000101101010011010110
000010000000000111000000000000000000000000000000000000000000000010011110101000101101010011010110
001101110101010001000000000000000000000000000000000000000000000010011110101000101101010011010110
101011001011110010000000000000000000000000000000000000000000000010011110101000101101010011010110
111111100011101101000000000000000000000000000000000000000000000010011110101000101101010011010110
101001011010110000000000000000000000000000000000000000000000000010011110101000101101010011010110
011001111100110101000000000000000000000000000000000000000000000010011110101000101101010011010110
110010011101001000000000000000000000000000000000000000000000000010011110101000101101010011010110
101111001000110001000000000000000000000000000000000000000000000010011110101000101101010011010110
110000011101011010000000000000000000000000000000000000000000000010011110101000101101010011010110
010010011101110000100000000000000000000000000000000000000000000010011110101000101101010011010110
010011010000001100000000000000000000000000000000000000000000000010011110101000101101010011010110
111000100111100111000000000000000000000000000000000000000000000010011110101000101101010011010110
000010000101111000100000000000000000000000000000000000000000000010011110101000101101010011010110
101001110100011000100000000000000000000000000000000000000000000010011110101000101101010011010110
010111001110000000000000000000000000000000000000000000000000000010011110101000101101010011010110
100011010000001001000000000000000000000000000000000000000000000010011110101000101101010011010110
001000101000010010000000000000000000000000000000000000000000000010011110101000101101010011010110
111101110100110000100000000000000000000000000000000000000000000010011110101000101101010011010110
001110011001101101000000000000000000000000000000000000000000000010011110101000101101010011010110
100011011010111001000000000000000000000000000000000000000000000010011110101000101101010011010110
100011001010010001000000000000000000000000000000000000000000000010011110101000101101010011010110
110110100011100011000000000000000000000000000000000000000000000010011110101000101101010011010110
001001001101001111000000000000000000000000000000000000000000000010011110101000101101010011010110
110111000010101111000000000000000000000000000000000000000000000010011110101000101101010011010110
100100110100110000100000000000000000000000000000000000000000000010011110101000101101010011010110
001100101000110101000000000000000000000000000000000000000000000010011110101000101101010011010110
010010001110001011000000000000000000000000000000000000000000000010011110101000101101010011010110
010100100101100011000000000000000000000000000000000000000000000010011110101000101101010011010110
110110000110000110000000000000000000000000000000000000000000000010011110101000101101010011010110
011011111100000010000000000000000000000000000000000000000000000010011110101000101101010011010110
111010100111100001000000000000000000000000000000000000000000000010011110101000101101010011010110
010101001111111000100000000000000000000000000000000000000000000010011110101000101101010011010110
101001111001000000100000000000000000000000000000000000000000000010011110101000101101010011010110
010011000000101111000000000000000000000000000000000000000000000010011110101000101101010011010110
110111001010011011000000000000000000000000000000000000000000000010011110101000101101010011010110
101100001100111000100000000000000000000000000000000000000000000010011110101000101101010011010110
100001010100101011000000000000000000000000000000000000000000000010011110101000101101010011010110
000000101110110000000000000000000000000000000000000000000000000010011110101000101101010011010110
010110100000001001000000000000000000000000000000000000000000000010011110101000101101010011010110
001010100010010000000000000000000000000000000000000000000000000010011110101000101101010011010110
111010010111111101000000000000000000000000000000000000000000000010011110101000101101010011010110
000110001010101111000000000000000000000000000000000000000000000010011110101000101101010011010110
111101011000110111000000000000000000000000000000000000000000000010011110101000101101010011010110
110100110100000100000000000000000000000000000000000000000000000010011110101000101101010011010110
010010000001010001000000000000000000000000000000000000000000000010011110101000101101010011010110
000110010110000111000000000000000000000000000000000000000000000010011110101000101101010011010110
100011110110101101000000000000000000000000000000000000000000000010011110101000101101010011010110
011110100100110100000000000000000000000000000000000000000000000010011110101000101101010011010110
111110111011000100000000000000000000000000000000000000000000000010011110101000101101010011010110
011001000001000101000000000000000000000000000000000000000000000010011110101000101101010011010110
110010001110110000000000000000000000000000000000000000000000000010011110101000101101010011010110
101110101100111001000000000000000000000000000000000000000000000010011110101000101101010011010110
001111001000110111000000000000000000000000000000000000000000000010011110101000101101010011010110
011100011001100000100000000000000000000000000000000000000000000010011110101000101101010011010110
110111100011001000000000000000000000000000000000000000000000000010011110101000101101010011010110
001101011011100011000000000000000000000000000000000000000000000010011110101000101101010011010110
101100110000111001000000000000000000000000000000000000000000000010011110101000101101010011010110
000010101101001001000000000000000000000000000000000000000000000010011110101000101101010011010110
111010100111000010000000000000000000000000000000000000000000000010011110101000101101010011010110
010010010010101000000000000000000000000000000000000000000000000010011110101000101101010011010110
111001001110010101000000000000000000000000000000000000000000000010011110101000101101010011010110
100111110000000001000000000000000000000000000000000000000000000010011110101000101101010011010110
011101101111001011000000000000000000000000000000000000000000000010011110101000101101010011010110
111001110000011000100000000000000000000000000000000000000000000010011110101000101101010011010110
101000110010000111000000000000000000000000000000000000000000000010011110101000101101010011010110
001110111101000000000000000000000000000000000000000000000000000010011110101000101101010011010110
001110110100110000100000000000000000000000000000000000000000000010011110101000101101010011010110
110110101110000111000000000000000000000000000000000000000000000010011110101000101101010011010110
111101110001110010000000000000000000000000000000000000000000000010011110101000101101010011010110
101010111011110000000000000000000000000000000000000000000000000010011110101000101101010011010110
101010010111111000000000000000000000000000000000000000000000000010011110101000101101010011010110
110110011110001110000000000000000000000000000000000000000000000010011110101000101101010011010110
110100011110100001000000000000000000000000000000000000000000000010011110101000101101010011010110
010001010111101000100000000000000000000000000000000000000000000010011110101000101101010011010110
101000010011100001000000000000000000000000000000000000000000000010011110101000101101010011010110
111100011110100110000000000000000000000000000000000000000000000010011110101000101101010011010110
011010001001101000000000000000000000000000000000000000000000000010011110101000101101010011010110
100100001011111101000000000000000000000000000000000000000000000010011110101000101101010011010110
000111011100000100000000000000000000000000000000000000000000000010011110101000101101010011010110
001010001011011000100000000000000000000000000000000000000000000010011110101000101101010011010110
111011011101010111000000000000000000000000000000000000000000000010011110101000101101010011010110
000110001010110000100000000000000000000000000000000000000000000010011110101000101101010011010110
101000000101001000000000000000000000000000000000000000000000000010011110101000101101010011010110
100100100000010010000000000000000000000000000000000000000000000010011110101000101101010011010110
111011011100101000000000000000000000000000000000000000000000000010011110101000101101010011010110
100000111100001101000000000000000000000000000000000000000000000010011110101000101101010011010110
100111100010100101000000000000000000000000000000000000000000000010011110101000101101010011010110
101011000101100111000000000000000000000000000000000000000000000010011110101000101101010011010110
001000110011010111000000000000000000000000000000000000000000000010011110101000101101010011010110
111011010010111011000000000000000000000000000000000000000000000010011110101000101101010011010110
100000110100001111000000000000000000000000000000000000000000000010011110101000101101010011010110
000111100111011000000000000000000000000000000000000000000000000010011110101000101101010011010110
001111100011111001000000000000000000000000000000000000000000000010011110101000101101010011010110
110011010000011111000000000000000000000000000000000000000000000010011110101000101101010011010110
001010111010101000000000000000000000000000000000000000000000000010011110101000101101010011010110
010101101011001000100000000000000000000000000000000000000000000010011110101000101101010011010110
100111110110101101000000000000000000000000000000000000000000000010011110101000101101010011010110
001001110011100100000000000000000000000000000000000000000000000010011110101000101101010011010110
000000110000110000000000000000000000000000000000000000000000000010011110101000101101010011010110
001101001001011000100000000000000000000000000000000000000000000010011110101000101101010011010110
011000011001100110000000000000000000000000000000000000000000000010011110101000101101010011010110
000110110110011010000000000000000000000000000000000000000000000010011110101000101101010011010110
001101111011110000100000000000000000000000000000000000000000000010011110101000101101010011010110
001011100100000110000000000000000000000000000000000000000000000010011110101000101101010011010110
001010110110010110000000000000000000000000000000000000000000000010011110101000101101010011010110
111011010011000110000000000000000000000000000000000000000000000010011110101000101101010011010110
010100001011110010000000000000000000000000000000000000000000000010011110101000101101010011010110
101101000101110010000000000000000000000000000000000000000000000010011110101000101101010011010110
101100110101000011000000000000000000000000000000000000000000000010011110101000101101010011010110
100011110101110001000000000000000000000000000000000000000000000010011110101000101101010011010110
010000010111011011000000000000000000000000000000000000000000000010011110101000101101010011010110
010100110010000100100000000000000000000000000000000000000000000010011110101000101101010011010110
001000110010101001000000000000000000000000000000000000000000000010011110101000101101010011010110
011001011111101011000000000000000000000000000000000000000000000010011110101000101101010011010110
100111111110110111000000000000000000000000000000000000000000000010011110101000101101010011010110
000010001000100111000000000000000000000000000000000000000000000010011110101000101101010011010110
001110001100101010000000000000000000000000000000000000000000000010011110101000101101010011010110
100010000110110110000000000000000000000000000000000000000000000010011110101000101101010011010110
110000111110011000100000000000000000000000000000000000000000000010011110101000101101010011010110
111100011010010001000000000000000000000000000000000000000000000010011110101000101101010011010110
011100011100000100000000000000000000000000000000000000000000000010011110101000101101010011010110
001100001011011100000000000000000000000000000000000000000000000010011110101000101101010011010110
111000001100010000000000000000000000000000000000000000000000000010011110101000101101010011010110
011000111111000100100000000000000000000000000000000000000000000010011110101000101101010011010110
001000000001100011000000000000000000000000000000000000000000000010011110101000101101010011010110
001001111111101000000000000000000000000000000000000000000000000010011110101000101101010011010110
101101000001010101000000000000000000000000000000000000000000000010011110101000101101010011010110
101011010110000011000000000000000000000000000000000000000000000010011110101000101101010011010110
101101010010110110000000000000000000000000000000000000000000000010011110101000101101010011010110
100010001101110011000000000000000000000000000000000000000000000010011110101000101101010011010110
000100101011101000000000000000000000000000000000000000000000000010011110101000101101010011010110
111101100011000101000000000000000000000000000000000000000000000010011110101000101101010011010110
000001110110000110000000000000000000000000000000000000000000000010011110101000101101010011010110
100110100111101101000000000000000000000000000000000000000000000010011110101000101101010011010110
111101010000101000100000000000000000000000000000000000000000000010011110101000101101010011010110
111101111010101000100000000000000000000000000000000000000000000010011110101000101101010011010110
011110110100111011000000000000000000000000000000000000000000000010011110101000101101010011010110
111110111110001000000000000000000000000000000000000000000000000010011110101000101101010011010110
000011011000010010000000000000000000000000000000000000000000000010011110101000101101010011010110
000101101000100111000000000000000000000000000000000000000000000010011110101000101101010011010110
010011010101010001000000000000000000000000000000000000000000000010011110101000101101010011010110
010010011100000100000000000000000000000000000000000000000000000010011110101000101101010011010110
110000110010111010000000000000000000000000000000000000000000000010011110101000101101010011010110
110110100010101001000000000000000000000000000000000000000000000010011110101000101101010011010110
000100100000001111000000000000000000000000000000000000000000000010011110101000101101010011010110
101101111101010001000000000000000000000000000000000000000000000010011110101000101101010011010110
100001001011110101000000000000000000000000000000000000000000000010011110101000101101010011010110
011010000010111000000000000000000000000000000000000000000000000010011110101000101101010011010110
010010001100001000000000000000000000000000000000000000000000000010011110101000101101010011010110
011111010111010100000000000000000000000000000000000000000000000010011110101000101101010011010110
111111001000011111000000000000000000000000000000000000000000000010011110101000101101010011010110
101010000011011010000000000000000000000000000000000000000000000010011110101000101101010011010110
010100000010110000100000000000000000000000000000000000000000000010011110101000101101010011010110
101000111001110010000000000000000000000000000000000000000000000010011110101000101101010011010110
001110110100101011000000000000000000000000000000000000000000000010011110101000101101010011010110
001011100101000111000000000000000000000000000000000000000000000010011110101000101101010011010110
100011100111111111000000000000000000000000000000000000000000000010011110101000101101010011010110
011110100100101110000000000000000000000000000000000000000000000010011110101000101101010011010110
110011001001101101000000000000000000000000000000000000000000000010011110101000101101010011010110
100011011001001010000000000000000000000000000000000000000000000010011110101000101101010011010110
100101011100001101000000000000000000000000000000000000000000000010011110101000101101010011010110
111101111000101011000000000000000000000000000000000000000000000010011110101000101101010011010110
001011100101000100100000000000000000000000000000000000000000000010011110101000101101010011010110
010010010111010111000000000000000000000000000000000000000000000010011110101000101101010011010110
011110010000110001000000000000000000000000000000000000000000000010011110101000101101010011010110
111010011100100000100000000000000000000000000000000000000000000010011110101000101101010011010110
110011000010000001000000000000000000000000000000000000000000000010011110101000101101010011010110
110111001111110100000000000000000000000000000000000000000000000010011110101000101101010011010110
011101110110110101000000000000000000000000000000000000000000000010011110101000101101010011010110
000110111011111001000000000000000000000000000000000000000000000010011110101000101101010011010110
111000010001110001000000000000000000000000000000000000000000000010011110101000101101010011010110
010101110010100000100000000000000000000000000000000000000000000010011110101000101101010011010110
100110000001001000100000000000000000000000000000000000000000000010011110101000101101010011010110
100111101110100000000000000000000000000000000000000000000000000010011110101000101101010011010110
111001100001001001000000000000000000000000000000000000000000000010011110101000101101010011010110
001010111111100010000000000000000000000000000000000000000000000010011110101000101101010011010110
000110000100000100000000000000000000000000000000000000000000000010011110101000101101010011010110
011001110010001100000000000000000000000000000000000000000000000010011110101000101101010011010110
010000111101101110000000000000000000000000000000000000000000000010011110101000101101010011010110
101101100000010100000000000000000000000000000000000000000000000010011110101000101101010011010110
000111000011111111000000000000000000000000000000000000000000000010011110101000101101010011010110
010001111100100001000000000000000000000000000000000000000000000010011110101000101101010011010110
001000110010111111000000000000000000000000000000000000000000000010011110101000101101010011010110
110100100011111101000000000000000000000000000000000000000000000010011110101000101101010011010110
010111110110011000000000000000000000000000000000000000000000000010011110101000101101010011010110
100110110000110000100000000000000000000000000000000000000000000010011110101000101101010011010110
101010101100011100000000000000000000000000000000000000000000000010011110101000101101010011010110
111100000101111101000000000000000000000000000000000000000000000010011110101000101101010011010110
010101101101001110000000000000000000000000000000000000000000000010011110101000101101010011010110
001110101110001111000000000000000000000000000000000000000000000010011110101000101101010011010110
011001010100100101000000000000000000000000000000000000000000000010011110101000101101010011010110
001101100110101110000000000000000000000000000000000000000000000010011110101000101101010011010110
110000110010011001000000000000000000000000000000000000000000000010011110101000101101010011010110
001000111000011101000000000000000000000000000000000000000000000010011110101000101101010011010110
101101110100101111000000000000000000000000000000000000000000000010011110101000101101010011010110
101111111001001111000000000000000000000000000000000000000000000010011110101000101101010011010110
001011100011110100000000000000000000000000000000000000000000000010011110101000101101010011010110
111010011111001101000000000000000000000000000000000000000000000010011110101000101101010011010110
100011110000000000000000000000000000000000000000000000000000000010011110101000101101010011010110
110001011100110111000000000000000000000000000000000000000000000010011110101000101101010011010110
110110001001110000100000000000000000000000000000000000000000000010011110101000101101010011010110
100011111111111111000000000000000000000000000000000000000000000010011110101000101101010011010110
100100100011101011000000000000000000000000000000000000000000000010011110101000101101010011010110
110111100111000110000000000000000000000000000000000000000000000010011110101000101101010011010110
001010010010000110000000000000000000000000000000000000000000000010011110101000101101010011010110
000010011110111011000000000000000000000000000000000000000000000010011110101000101101010011010110
100111101010010110000000000000000000000000000000000000000000000010011110101000101101010011010110
011111111011010011000000000000000000000000000000000000000000000010011110101000101101010011010110
000001000000111010000000000000000000000000000000000000000000000010011110101000101101010011010110
100001000000101010000000000000000000000000000000000000000000000010011110101000101101010011010110
100110011001110111000000000000000000000000000000000000000000000010011110101000101101010011010110
101010110011110011000000000000000000000000000000000000000000000010011110101000101101010011010110
011000001101011101000000000000000000000000000000000000000000000010011110101000101101010011010110
110001001000001000000000000000000000000000000000000000000000000010011110101000101101010011010110
010011110011110000100000000000000000000000000000000000000000000010011110101000101101010011010110
111001110011101101000000000000000000000000000000000000000000000010011110101000101101010011010110
010101010111110000000000000000000000000000000000000000000000000010011110101000101101010011010110
010111110000000000000000000000000000000000000000000000000000000010011110101000101101010011010110
001100101111101101000000000000000000000000000000000000000000000010011110101000101101010011010110
001000101110011000000000000000000000000000000000000000000000000010011110101000101101010011010110
100101100110110000000000000000000000000000000000000000000000000010011110101000101101010011010110
111101010001011100000000000000000000000000000000000000000000000010011110101000101101010011010110
110110101100110111000000000000000000000000000000000000000000000010011110101000101101010011010110
101111100010001111000000000000000000000000000000000000000000000010011110101000101101010011010110
001001011100110110000000000000000000000000000000000000000000000010011110101000101101010011010110
010100111111100111000000000000000000000000000000000000000000000010011110101000101101010011010110
010011001101010000100000000000000000000000000000000000000000000010011110101000101101010011010110
101100111101000100000000000000000000000000000000000000000000000010011110101000101101010011010110
010110101001101001000000000000000000000000000000000000000000000010011110101000101101010011010110
001101000011011001000000000000000000000000000000000000000000000010011110101000101101010011010110
111101101111110010000000000000000000000000000000000000000000000010011110101000101101010011010110
111111010001000110000000000000000000000000000000000000000000000010011110101000101101010011010110
110011101111110101000000000000000000000000000000000000000000000010011110101000101101010011010110
000000111000001110000000000000000000000000000000000000000000000010011110101000101101010011010110
100111000000000101000000000000000000000000000000000000000000000010011110101000101101010011010110
000011011111011111000000000000000000000000000000000000000000000010011110101000101101010011010110
111111101100110000000000000000000000000000000000000000000000000010011110101000101101010011010110
111000101001010000000000000000000000000000000000000000000000000010011110101000101101010011010110
011010010111000110000000000000000000000000000000000000000000000010011110101000101101010011010110
110110000111011101000000000000000000000000000000000000000000000010011110101000101101010011010110
110101001000100101000000000000000000000000000000000000000000000010011110101000101101010011010110
100000100010110000000000000000000000000000000000000000000000000010011110101000101101010011010110
100100100001010000000000000000000000000000000000000000000000000010011110101000101101010011010110
011101100101101001000000000000000000000000000000000000000000000010011110101000101101010011010110
001011011111001111000000000000000000000000000000000000000000000010011110101000101101010011010110
100111010001101000100000000000000000000000000000000000000000000010011110101000101101010011010110
110111010000011000000000000000000000000000000000000000000000000010011110101000101101010011010110
111110001000101010000000000000000000000000000000000000000000000010011110101000101101010011010110
011100101101110001000000000000000000000000000000000000000000000010011110101000101101010011010110
110011110010001011000000000000000000000000000000000000000000000010011110101000101101010011010110
000111111111010110000000000000000000000000000000000000000000000010011110101000101101010011010110
110011011010010110000000000000000000000000000000000000000000000010011110101000101101010011010110
001010100000110000000000000000000000000000000000000000000000000010011110101000101101010011010110
011001011000011000000000000000000000000000000000000000000000000010011110101000101101010011010110
101100101011111001000000000000000000000000000000000000000000000010011110101000101101010011010110
011100101001110010000000000000000000000000000000000000000000000010011110101000101101010011010110
001010110000110101000000000000000000000000000000000000000000000010011110101000101101010011010110
000001100100100011000000000000000000000000000000000000000000000010011110101000101101010011010110
001111000110010000100000000000000000000000000000000000000000000010011110101000101101010011010110
111001111010010100000000000000000000000000000000000000000000000010011110101000101101010011010110
010001110011101101000000000000000000000000000000000000000000000010011110101000101101010011010110
100001010101011000000000000000000000000000000000000000000000000010011110101000101101010011010110
111011111101010000000000000000000000000000000000000000000000000010011110101000101101010011010110
100110010011111000100000000000000000000000000000000000000000000010011110101000101101010011010110
110010000110101111000000000000000000000000000000000000000000000010011110101000101101010011010110
111001000100011111000000000000000000000000000000000000000000000010011110101000101101010011010110
010110001001000000000000000000000000000000000000000000000000000010011110101000101101010011010110
111000101000101111000000000000000000000000000000000000000000000010011110101000101101010011010110
111001101111011000000000000000000000000000000000000000000000000010011110101000101101010011010110
000001101010100100000000000000000000000000000000000000000000000010011110101000101101010011010110
011010000000000000100000000000000000000000000000000000000000000010011110101000101101010011010110
110110100110010000000000000000000000000000000000000000000000000010011110101000101101010011010110
111010101100010101000000000000000000000000000000000000000000000010011110101000101101010011010110
111010110110101000000000000000000000000000000000000000000000000010011110101000101101010011010110
110001011100100100000000000000000000000000000000000000000000000010011110101000101101010011010110
010010101001011001000000000000000000000000000000000000000000000010011110101000101101010011010110
011101001110110010000000000000000000000000000000000000000000000010011110101000101101010011010110
111000101001000000000000000000000000000000000000000000000000000010011110101000101101010011010110
010111101100111110000000000000000000000000000000000000000000000010011110101000101101010011010110
001111111100110110000000000000000000000000000000000000000000000010011110101000101101010011010110
011001001111101010000000000000000000000000000000000000000000000010011110101000101101010011010110
101111111010111011000000000000000000000000000000000000000000000010011110101000101101010011010110
011011011011000001000000000000000000000000000000000000000000000010011110101000101101010011010110
100000100011011100000000000000000000000000000000000000000000000010011110101000101101010011010110
101100001011100010000000000000000000000000000000000000000000000010011110101000101101010011010110
000100001110110011000000000000000000000000000000000000000000000010011110101000101101010011010110
111101111010110101000000000000000000000000000000000000000000000010011110101000101101010011010110
101111111101101000000000000000000000000000000000000000000000000010011110101000101101010011010110
110110011011100100000000000000000000000000000000000000000000000010011110101000101101010011010110
000011000101010000000000000000000000000000000000000000000000000010011110101000101101010011010110
011010010101010000000000000000000000000000000000000000000000000010011110101000101101010011010110
100011110101110000000000000000000000000000000000000000000000000010011110101000101101010011010110
011110100001100100000000000000000000000000000000000000000000000010011110101000101101010011010110
101000111100000011000000000000000000000000000000000000000000000010011110101000101101010011010110
110010100111011110000000000000000000000000000000000000000000000010011110101000101101010011010110
001111001011111100000000000000000000000000000000000000000000000010011110101000101101010011010110
011011000000100000100000000000000000000000000000000000000000000010011110101000101101010011010110
111101000111111000100000000000000000000000000000000000000000000010011110101000101101010011010110
101000001110011000000000000000000000000000000000000000000000000010011110101000101101010011010110
101000010110101111000000000000000000000000000000000000000000000010011110101000101101010011010110
011010110100100100000000000000000000000000000000000000000000000010011110101000101101010011010110
001011010111001110000000000000000000000000000000000000000000000010011110101000101101010011010110
101010010111100010000000000000000000000000000000000000000000000010011110101000101101010011010110
110011001111010011000000000000000000000000000000000000000000000010011110101000101101010011010110
001001000111100001000000000000000000000000000000000000000000000010011110101000101101010011010110
010110001100100010000000000000000000000000000000000000000000000010011110101000101101010011010110
111100110001100101000000000000000000000000000000000000000000000010011110101000101101010011010110
001111111000000000000000000000000000000000000000000000000000000010011110101000101101010011010110
110101100101110110000000000000000000000000000000000000000000000010011110101000101101010011010110
111010101110001101000000000000000000000000000000000000000000000010011110101000101101010011010110
101110011000100000000000000000000000000000000000000000000000000010011110101000101101010011010110
111100110101001000000000000000000000000000000000000000000000000010011110101000101101010011010110
111000101000101100000000000000000000000000000000000000000000000010011110101000101101010011010110
010001011000010011000000000000000000000000000000000000000000000010011110101000101101010011010110
110100001100001111000000000000000000000000000000000000000000000010011110101000101101010011010110
001101101000110110000000000000000000000000000000000000000000000010011110101000101101010011010110
010110100101001100000000000000000000000000000000000000000000000010011110101000101101010011010110
111111010001011001000000000000000000000000000000000000000000000010011110101000101101010011010110
010000001000110101000000000000000000000000000000000000000000000010011110101000101101010011010110
111101110000110011000000000000000000000000000000000000000000000010011110101000101101010011010110
101111010101001001000000000000000000000000000000000000000000000010011110101000101101010011010110
011000100101001001000000000000000000000000000000000000000000000010011110101000101101010011010110
000100101111011110000000000000000000000000000000000000000000000010011110101000101101010011010110
000000011001100000000000000000000000000000000000000000000000000010011110101000101101010011010110
011000111000011001000000000000000000000000000000000000000000000010011110101000101101010011010110
100100111111100111000000000000000000000000000000000000000000000010011110101000101101010011010110
010010001000111011000000000000000000000000000000000000000000000010011110101000101101010011010110
110000011001100111000000000000000000000000000000000000000000000010011110101000101101010011010110
100111110111011010000000000000000000000000000000000000000000000010011110101000101101010011010110
001110001100010000100000000000000000000000000000000000000000000010011110101000101101010011010110
000000101000001100000000000000000000000000000000000000000000000010011110101000101101010011010110
101010000111010010000000000000000000000000000000000000000000000010011110101000101101010011010110
110100110100101110000000000000000000000000000000000000000000000010011110101000101101010011010110
001011100111111001000000000000000000000000000000000000000000000010011110101000101101010011010110
010011111011000111000000000000000000000000000000000000000000000010011110101000101101010011010110
011011110000101000100000000000000000000000000000000000000000000010011110101000101101010011010110
101000100001011101000000000000000000000000000000000000000000000010011110101000101101010011010110
110011011101110001000000000000000000000000000000000000000000000010011110101000101101010011010110
101101011110111101000000000000000000000000000000000000000000000010011110101000101101010011010110
011100010111111101000000000000000000000000000000000000000000000010011110101000101101010011010110
010100110100101001000000000000000000000000000000000000000000000010011110101000101101010011010110
001100100010110110000000000000000000000000000000000000000000000010011110101000101101010011010110
001100011011100100000000000000000000000000000000000000000000000010011110101000101101010011010110
011010000110101011000000000000000000000000000000000000000000000010011110101000101101010011010110
010100101111001000100000000000000000000000000000000000000000000010011110101000101101010011010110
110110010111110101000000000000000000000000000000000000000000000010011110101000101101010011010110
101001010000110000000000000000000000000000000000000000000000000010011110101000101101010011010110
111011001110111000100000000000000000000000000000000000000000000010011110101000101101010011010110
111000110000011110000000000000000000000000000000000000000000000010011110101000101101010011010110
010011100011101000000000000000000000000000000000000000000000000010011110101000101101010011010110
001111001011101111000000000000000000000000000000000000000000000010011110101000101101010011010110
000101111101001000100000000000000000000000000000000000000000000010011110101000101101010011010110
100001101010011100000000000000000000000000000000000000000000000010011110101000101101010011010110
101001010010010000000000000000000000000000000000000000000000000010011110101000101101010011010110
111000110010110010000000000000000000000000000000000000000000000010011110101000101101010011010110
100110100110101011000000000000000000000000000000000000000000000010011110101000101101010011010110
110111010110111110000000000000000000000000000000000000000000000010011110101000101101010011010110
100111000010111001000000000000000000000000000000000000000000000010011110101000101101010011010110
100100010001011111000000000000000000000000000000000000000000000010011110101000101101010011010110
010111111111110000000000000000000000000000000000000000000000000010011110101000101101010011010110
110101110001011000000000000000000000000000000000000000000000000010011110101000101101010011010110
011110110101000000000000000000000000000000000000000000000000000010011110101000101101010011010110
100101011110111001000000000000000000000000000000000000000000000010011110101000101101010011010110
100010110010000011000000000000000000000000000000000000000000000010011110101000101101010011010110
011000111001010001000000000000000000000000000000000000000000000010011110101000101101010011010110
000101111100110000000000000000000000000000000000000000000000000010011110101000101101010011010110
000001010111101011000000000000000000000000000000000000000000000010011110101000101101010011010110
010100001111111111000000000000000000000000000000000000000000000010011110101000101101010011010110
101000001101100011000000000000000000000000000000000000000000000010011110101000101101010011010110
010101010111000111000000000000000000000000000000000000000000000010011110101000101101010011010110
110011000110010110000000000000000000000000000000000000000000000010011110101000101101010011010110
010110101110110010000000000000000000000000000000000000000000000010011110101000101101010011010110
110000111000001110000000000000000000000000000000000000000000000010011110101000101101010011010110
010010111100110000100000000000000000000000000000000000000000000010011110101000101101010011010110
100000111100000000100000000000000000000000000000000000000000000010011110101000101101010011010110
110100110101111000100000000000000000000000000000000000000000000010011110101000101101010011010110
110001101011010111000000000000000000000000000000000000000000000010011110101000101101010011010110
111001001000101000100000000000000000000000000000000000000000000010011110101000101101010011010110
000110111110011011000000000000000000000000000000000000000000000010011110101000101101010011010110
111111110000100010000000000000000000000000000000000000000000000010011110101000101101010011010110
001001111000010000100000000000000000000000000000000000000000000010011110101000101101010011010110
011001001101110111000000000000000000000000000000000000000000000010011110101000101101010011010110
100000011110011100000000000000000000000000000000000000000000000010011110101000101101010011010110
100100101111000001000000000000000000000000000000000000000000000010011110101000101101010011010110
011010111001110011000000000000000000000000000000000000000000000010011110101000101101010011010110
101101110000010110000000000000000000000000000000000000000000000010011110101000101101010011010110
111001001100010101000000000000000000000000000000000000000000000010011110101000101101010011010110
010000001111101010000000000000000000000000000000000000000000000010011110101000101101010011010110
100011101100101001000000000000000000000000000000000000000000000010011110101000101101010011010110
011111111000110110000000000000000000000000000000000000000000000010011110101000101101010011010110
000101010110000001000000000000000000000000000000000000000000000010011110101000101101010011010110
111011111001010001000000000000000000000000000000000000000000000010011110101000101101010011010110
100110000011000000100000000000000000000000000000000000000000000010011110101000101101010011010110
001110000100000000100000000000000000000000000000000000000000000010011110101000101101010011010110
001110111110110101000000000000000000000000000000000000000000000010011110101000101101010011010110
010110011100001000000000000000000000000000000000000000000000000010011110101000101101010011010110
001010001010100111000000000000000000000000000000000000000000000010011110101000101101010011010110
111000000010111101000000000000000000000000000000000000000000000010011110101000101101010011010110
101000100011010110000000000000000000000000000000000000000000000010011110101000101101010011010110
000011001001011111000000000000000000000000000000000000000000000010011110101000101101010011010110
010100000101111001000000000000000000000000000000000000000000000010011110101000101101010011010110
011010101110111000100000000000000000000000000000000000000000000010011110101000101101010011010110
110010000100010010000000000000000000000000000000000000000000000010011110101000101101010011010110
011010000110000000100000000000000000000000000000000000000000000010011110101000101101010011010110
110001011000010110000000000000000000000000000000000000000000000010011110101000101101010011010110
110000101111100000100000000000000000000000000000000000000000000010011110101000101101010011010110
001110110101010110000000000000000000000000000000000000000000000010011110101000101101010011010110
111001111110100011000000000000000000000000000000000000000000000010011110101000101101010011010110
000010010011101000000000000000000000000000000000000000000000000010011110101000101101010011010110
101000010110011101000000000000000000000000000000000000000000000010011110101000101101010011010110
110101010000010000000000000000000000000000000000000000000000000010011110101000101101010011010110
011000100000011001000000000000000000000000000000000000000000000010011110101000101101010011010110
100101010110111000100000000000000000000000000000000000000000000010011110101000101101010011010110
000110111001011101000000000000000000000000000000000000000000000010011110101000101101010011010110
000101101110001000000000000000000000000000000000000000000000000010011110101000101101010011010110
000010010001011110000000000000000000000000000000000000000000000010011110101000101101010011010110
001000010000010000000000000000000000000000000000000000000000000010011110101000101101010011010110
010001110110011101000000000000000000000000000000000000000000000010011110101000101101010011010110
000011110100000111000000000000000000000000000000000000000000000010011110101000101101010011010110
001010101111100010000000000000000000000000000000000000000000000010011110101000101101010011010110
001001011001110011000000000000000000000000000000000000000000000010011110101000101101010011010110
001000110110000100100000000000000000000000000000000000000000000010011110101000101101010011010110
011100111100111101000000000000000000000000000000000000000000000010011110101000101101010011010110
101110010110001100000000000000000000000000000000000000000000000010011110101000101101010011010110
011000100111010011000000000000000000000000000000000000000000000010011110101000101101010011010110
111001001100110111000000000000000000000000000000000000000000000010011110101000101101010011010110
001000101100110010000000000000000000000000000000000000000000000010011110101000101101010011010110
100101000010101111000000000000000000000000000000000000000000000010011110101000101101010011010110
110001001011110100000000000000000000000000000000000000000000000010011110101000101101010011010110
111100110011011111000000000000000000000000000000000000000000000010011110101000101101010011010110
111111001111111000000000000000000000000000000000000000000000000010011110101000101101010011010110
001101001011111110000000000000000000000000000000000000000000000010011110101000101101010011010110
001001110110001000100000000000000000000000000000000000000000000010011110101000101101010011010110
001011010111110010000000000000000000000000000000000000000000000010011110101000101101010011010110
001011000000100010000000000000000000000000000000000000000000000010011110101000101101010011010110
001101101010100001000000000000000000000000000000000000000000000010011110101000101101010011010110
111101011110001010000000000000000000000000000000000000000000000010011110101000101101010011010110
111111101011100001000000000000000000000000000000000000000000000010011110101000101101010011010110
100111101110011100000000000000000000000000000000000000000000000010011110101000101101010011010110
001011000110100000000000000000000000000000000000000000000000000010011110101000101101010011010110
011000011001111101000000000000000000000000000000000000000000000010011110101000101101010011010110
110110100000001100000000000000000000000000000000000000000000000010011110101000101101010011010110
100000100111101000100000000000000000000000000000000000000000000010011110101000101101010011010110
100001101100011011000000000000000000000000000000000000000000000010011110101000101101010011010110
011110011000100101000000000000000000000000000000000000000000000010011110101000101101010011010110
101100110010000101000000000000000000000000000000000000000000000010011110101000101101010011010110
000111011011110001000000000000000000000000000000000000000000000010011110101000101101010011010110
000110111101011011000000000000000000000000000000000000000000000010011110101000101101010011010110
011111001011101111000000000000000000000000000000000000000000000010011110101000101101010011010110
111000110011011011000000000000000000000000000000000000000000000010011110101000101101010011010110
010100110110101101000000000000000000000000000000000000000000000010011110101000101101010011010110
001000110100111100000000000000000000000000000000000000000000000010011110101000101101010011010110
000010110110001010000000000000000000000000000000000000000000000010011110101000101101010011010110
110011001110111000000000000000000000000000000000000000000000000010011110101000101101010011010110
110110110010001001000000000000000000000000000000000000000000000010011110101000101101010011010110
100000110010100100000000000000000000000000000000000000000000000010011110101000101101010011010110
001100100011101100000000000000000000000000000000000000000000000010011110101000101101010011010110
111110111101101111000000000000000000000000000000000000000000000010011110101000101101010011010110
001000010011101110000000000000000000000000000000000000000000000010011110101000101101010011010110
001101000001110001000000000000000000000000000000000000000000000010011110101000101101010011010110
011011100100011000100000000000000000000000000000000000000000000010011110101000101101010011010110
001111101010010000000000000000000000000000000000000000000000000010011110101000101101010011010110
011111100101010100000000000000000000000000000000000000000000000010011110101000101101010011010110
110111101111011000100000000000000000000000000000000000000000000010011110101000101101010011010110
101111101111100000000000000000000000000000000000000000000000000010011110101000101101010011010110
011101100000001101000000000000000000000000000000000000000000000010011110101000101101010011010110
111010111111111011000000000000000000000000000000000000000000000010011110101000101101010011010110
001101010111111111000000000000000000000000000000000000000000000010011110101000101101010011010110
010110010000011101000000000000000000000000000000000000000000000010011110101000101101010011010110
101101010001001000000000000000000000000000000000000000000000000010011110101000101101010011010110
010001001101001010000000000000000000000000000000000000000000000010011110101000101101010011010110
001001011000000111000000000000000000000000000000000000000000000010011110101000101101010011010110
101010110100110111000000000000000000000000000000000000000000000010011110101000101101010011010110
000010011110011011000000000000000000000000000000000000000000000010011110101000101101010011010110
000101101110110101000000000000000000000000000000000000000000000010011110101000101101010011010110
010011000110001001000000000000000000000000000000000000000000000010011110101000101101010011010110
111001000100110000100000000000000000000000000000000000000000000010011110101000101101010011010110
001011110110011100000000000000000000000000000000000000000000000010011110101000101101010011010110
011100001000000100000000000000000000000000000000000000000000000010011110101000101101010011010110
011110011101100101000000000000000000000000000000000000000000000010011110101000101101010011010110
