000111111110100101000000000000000000000000000000000000000000000010011110101000101101010011010110
100101101100011100000000000000000000000000000000000000000000000010011110101000101101010011010110
110010001000011001000000000000000000000000000000000000000000000010011110101000101101010011010110
111010111001000001000000000000000000000000000000000000000000000010011110101000101101010011010110
001001010000001011000000000000000000000000000000000000000000000010011110101000101101010011010110
100100000111101111000000000000000000000000000000000000000000000010011110101000101101010011010110
011101111111001000000000000000000000000000000000000000000000000010011110101000101101010011010110
111010010001001101000000000000000000000000000000000000000000000010011110101000101101010011010110
110110100100100001000000000000000000000000000000000000000000000010011110101000101101010011010110
101110011100001111000000000000000000000000000000000000000000000010011110101000101101010011010110
011001001011110101000000000000000000000000000000000000000000000010011110101000101101010011010110
001100100001111100000000000000000000000000000000000000000000000010011110101000101101010011010110
110111001111011110000000000000000000000000000000000000000000000010011110101000101101010011010110
000011010100101010000000000000000000000000000000000000000000000010011110101000101101010011010110
101100100110000011000000000000000000000000000000000000000000000010011110101000101101010011010110
100011001111111100000000000000000000000000000000000000000000000010011110101000101101010011010110
011111101110001100000000000000000000000000000000000000000000000010011110101000101101010011010110
111011110010100101000000000000000000000000000000000000000000000010011110101000101101010011010110
101011101011000011000000000000000000000000000000000000000000000010011110101000101101010011010110
010100110010101001000000000000000000000000000000000000000000000010011110101000101101010011010110
000101000100101110000000000000000000000000000000000000000000000010011110101000101101010011010110
001111100001001101000000000000000000000000000000000000000000000010011110101000101101010011010110
111011011101101111000000000000000000000000000000000000000000000010011110101000101101010011010110
010010100010111010000000000000000000000000000000000000000000000010011110101000101101010011010110
000000110100111110000000000000000000000000000000000000000000000010011110101000101101010011010110
010001000010010100000000000000000000000000000000000000000000000010011110101000101101010011010110
000101011110111011000000000000000000000000000000000000000000000010011110101000101101010011010110
100101100000010000000000000000000000000000000000000000000000000010011110101000101101010011010110
100100101000000110000000000000000000000000000000000000000000000010011110101000101101010011010110
001110100001001001000000000000000000000000000000000000000000000010011110101000101101010011010110
001000000100001101000000000000000000000000000000000000000000000010011110101000101101010011010110
100100101000101000100000000000000000000000000000000000000000000010011110101000101101010011010110
001010011110011000000000000000000000000000000000000000000000000010011110101000101101010011010110
110011000100110111000000000000000000000000000000000000000000000010011110101000101101010011010110
010001010010111000000000000000000000000000000000000000000000000010011110101000101101010011010110
110100101010010101000000000000000000000000000000000000000000000010011110101000101101010011010110
111010101100110001000000000000000000000000000000000000000000000010011110101000101101010011010110
000100111110100001000000000000000000000000000000000000000000000010011110101000101101010011010110
011011100001100000000000000000000000000000000000000000000000000010011110101000101101010011010110
101101001111100111000000000000000000000000000000000000000000000010011110101000101101010011010110
010011011000111110000000000000000000000000000000000000000000000010011110101000101101010011010110
110110111100101011000000000000000000000000000000000000000000000010011110101000101101010011010110
010011101111011101000000000000000000000000000000000000000000000010011110101000101101010011010110
110000010111111010000000000000000000000000000000000000000000000010011110101000101101010011010110
011011000011010011000000000000000000000000000000000000000000000010011110101000101101010011010110
111101111000110110000000000000000000000000000000000000000000000010011110101000101101010011010110
111011111100110001000000000000000000000000000000000000000000000010011110101000101101010011010110
111111111111001100000000000000000000000000000000000000000000000010011110101000101101010011010110
110001001001111100000000000000000000000000000000000000000000000010011110101000101101010011010110
100111110011111100000000000000000000000000000000000000000000000010011110101000101101010011010110
101100011101000100100000000000000000000000000000000000000000000010011110101000101101010011010110
000101100111001001000000000000000000000000000000000000000000000010011110101000101101010011010110
110011001011000110000000000000000000000000000000000000000000000010011110101000101101010011010110
011000110000110000100000000000000000000000000000000000000000000010011110101000101101010011010110
100001011111000011000000000000000000000000000000000000000000000010011110101000101101010011010110
100010001101101101000000000000000000000000000000000000000000000010011110101000101101010011010110
001111000111100000100000000000000000000000000000000000000000000010011110101000101101010011010110
001111111010110010000000000000000000000000000000000000000000000010011110101000101101010011010110
111101010001011101000000000000000000000000000000000000000000000010011110101000101101010011010110
101101001011111000100000000000000000000000000000000000000000000010011110101000101101010011010110
010100001110101010000000000000000000000000000000000000000000000010011110101000101101010011010110
100001001100000110000000000000000000000000000000000000000000000010011110101000101101010011010110
101100111111001101000000000000000000000000000000000000000000000010011110101000101101010011010110
111000111101000000100000000000000000000000000000000000000000000010011110101000101101010011010110
100110111111011001000000000000000000000000000000000000000000000010011110101000101101010011010110
010111101101010000100000000000000000000000000000000000000000000010011110101000101101010011010110
110111111101100000100000000000000000000000000000000000000000000010011110101000101101010011010110
110010110001000010000000000000000000000000000000000000000000000010011110101000101101010011010110
100110011001011101000000000000000000000000000000000000000000000010011110101000101101010011010110
111100101100100101000000000000000000000000000000000000000000000010011110101000101101010011010110
100011001100010100000000000000000000000000000000000000000000000010011110101000101101010011010110
010100110000101001000000000000000000000000000000000000000000000010011110101000101101010011010110
101000011100110110000000000000000000000000000000000000000000000010011110101000101101010011010110
101101000100111110000000000000000000000000000000000000000000000010011110101000101101010011010110
100000011001010101000000000000000000000000000000000000000000000010011110101000101101010011010110
101110010110010110000000000000000000000000000000000000000000000010011110101000101101010011010110
111001111010000100100000000000000000000000000000000000000000000010011110101000101101010011010110
100111000010110101000000000000000000000000000000000000000000000010011110101000101101010011010110
100110101111100010000000000000000000000000000000000000000000000010011110101000101101010011010110
010011110010111101000000000000000000000000000000000000000000000010011110101000101101010011010110
011111010001100001000000000000000000000000000000000000000000000010011110101000101101010011010110
000000111111000011000000000000000000000000000000000000000000000010011110101000101101010011010110
011001010111000010000000000000000000000000000000000000000000000010011110101000101101010011010110
101100111111101101000000000000000000000000000000000000000000000010011110101000101101010011010110
011011011110100000000000000000000000000000000000000000000000000010011110101000101101010011010110
010101010010000101000000000000000000000000000000000000000000000010011110101000101101010011010110
001100111100100100000000000000000000000000000000000000000000000010011110101000101101010011010110
001011110100100011000000000000000000000000000000000000000000000010011110101000101101010011010110
111110011010011111000000000000000000000000000000000000000000000010011110101000101101010011010110
110000010110000110000000000000000000000000000000000000000000000010011110101000101101010011010110
000011000101111001000000000000000000000000000000000000000000000010011110101000101101010011010110
010001001100101000100000000000000000000000000000000000000000000010011110101000101101010011010110
011111000110010010000000000000000000000000000000000000000000000010011110101000101101010011010110
010100101100000001000000000000000000000000000000000000000000000010011110101000101101010011010110
101110110100000000100000000000000000000000000000000000000000000010011110101000101101010011010110
011000101110100101000000000000000000000000000000000000000000000010011110101000101101010011010110
100011101111011010000000000000000000000000000000000000000000000010011110101000101101010011010110
101000101110010111000000000000000000000000000000000000000000000010011110101000101101010011010110
100001111001001011000000000000000000000000000000000000000000000010011110101000101101010011010110
110011011110100010000000000000000000000000000000000000000000000010011110101000101101010011010110
011011000011001000000000000000000000000000000000000000000000000010011110101000101101010011010110
011111111100011000000000000000000000000000000000000000000000000010011110101000101101010011010110
001000001111011000100000000000000000000000000000000000000000000010011110101000101101010011010110
101110100100011110000000000000000000000000000000000000000000000010011110101000101101010011010110
010001100001000100100000000000000000000000000000000000000000000010011110101000101101010011010110
001101111100001110000000000000000000000000000000000000000000000010011110101000101101010011010110
010101111101000011000000000000000000000000000000000000000000000010011110101000101101010011010110
101100111111010101000000000000000000000000000000000000000000000010011110101000101101010011010110
011000001100111000000000000000000000000000000000000000000000000010011110101000101101010011010110
111100111001011111000000000000000000000000000000000000000000000010011110101000101101010011010110
011111000101000010000000000000000000000000000000000000000000000010011110101000101101010011010110
101100101101111010000000000000000000000000000000000000000000000010011110101000101101010011010110
000100010110001000000000000000000000000000000000000000000000000010011110101000101101010011010110
110000001100010110000000000000000000000000000000000000000000000010011110101000101101010011010110
000100110101110000100000000000000000000000000000000000000000000010011110101000101101010011010110
111111110000010100000000000000000000000000000000000000000000000010011110101000101101010011010110
010011111111000010000000000000000000000000000000000000000000000010011110101000101101010011010110
001111011111101111000000000000000000000000000000000000000000000010011110101000101101010011010110
110011011110010101000000000000000000000000000000000000000000000010011110101000101101010011010110
111111001011001010000000000000000000000000000000000000000000000010011110101000101101010011010110
010000110010001001000000000000000000000000000000000000000000000010011110101000101101010011010110
110100111010111111000000000000000000000000000000000000000000000010011110101000101101010011010110
101010101000001001000000000000000000000000000000000000000000000010011110101000101101010011010110
100011011110111000000000000000000000000000000000000000000000000010011110101000101101010011010110
000111101011000101000000000000000000000000000000000000000000000010011110101000101101010011010110
011000111101111101000000000000000000000000000000000000000000000010011110101000101101010011010110
111110000011001101000000000000000000000000000000000000000000000010011110101000101101010011010110
000111111010101101000000000000000000000000000000000000000000000010011110101000101101010011010110
011101110111110010000000000000000000000000000000000000000000000010011110101000101101010011010110
011100100110011000100000000000000000000000000000000000000000000010011110101000101101010011010110
001011010000100010000000000000000000000000000000000000000000000010011110101000101101010011010110
010110010001101110000000000000000000000000000000000000000000000010011110101000101101010011010110
001011010001101010000000000000000000000000000000000000000000000010011110101000101101010011010110
111001100000010100000000000000000000000000000000000000000000000010011110101000101101010011010110
100101100111010000000000000000000000000000000000000000000000000010011110101000101101010011010110
011001111000100000100000000000000000000000000000000000000000000010011110101000101101010011010110
010100010010110001000000000000000000000000000000000000000000000010011110101000101101010011010110
101100011110010100000000000000000000000000000000000000000000000010011110101000101101010011010110
010100000010111000000000000000000000000000000000000000000000000010011110101000101101010011010110
010011001001100000100000000000000000000000000000000000000000000010011110101000101101010011010110
100100011001110000000000000000000000000000000000000000000000000010011110101000101101010011010110
111111110100011010000000000000000000000000000000000000000000000010011110101000101101010011010110
000010000101111110000000000000000000000000000000000000000000000010011110101000101101010011010110
100011010101010010000000000000000000000000000000000000000000000010011110101000101101010011010110
101000101001111100000000000000000000000000000000000000000000000010011110101000101101010011010110
001100001111110000100000000000000000000000000000000000000000000010011110101000101101010011010110
110100001111100100000000000000000000000000000000000000000000000010011110101000101101010011010110
100111000011101001000000000000000000000000000000000000000000000010011110101000101101010011010110
010011010101100000100000000000000000000000000000000000000000000010011110101000101101010011010110
110010010110001110000000000000000000000000000000000000000000000010011110101000101101010011010110
000110100111011101000000000000000000000000000000000000000000000010011110101000101101010011010110
101101111000011000000000000000000000000000000000000000000000000010011110101000101101010011010110
000001011111000110000000000000000000000000000000000000000000000010011110101000101101010011010110
000110101011000000100000000000000000000000000000000000000000000010011110101000101101010011010110
110110111100011000100000000000000000000000000000000000000000000010011110101000101101010011010110
110111110100000000100000000000000000000000000000000000000000000010011110101000101101010011010110
111100110101101110000000000000000000000000000000000000000000000010011110101000101101010011010110
000011001101000000100000000000000000000000000000000000000000000010011110101000101101010011010110
000010000100011100000000000000000000000000000000000000000000000010011110101000101101010011010110
111110101000000010000000000000000000000000000000000000000000000010011110101000101101010011010110
101000100010011001000000000000000000000000000000000000000000000010011110101000101101010011010110
111111111010010000100000000000000000000000000000000000000000000010011110101000101101010011010110
100101100011000111000000000000000000000000000000000000000000000010011110101000101101010011010110
001111111110111011000000000000000000000000000000000000000000000010011110101000101101010011010110
100001000010011001000000000000000000000000000000000000000000000010011110101000101101010011010110
000011011010001011000000000000000000000000000000000000000000000010011110101000101101010011010110
001100011011100101000000000000000000000000000000000000000000000010011110101000101101010011010110
001111001110011101000000000000000000000000000000000000000000000010011110101000101101010011010110
110111110100101000000000000000000000000000000000000000000000000010011110101000101101010011010110
101000110001001100000000000000000000000000000000000000000000000010011110101000101101010011010110
111010110011100011000000000000000000000000000000000000000000000010011110101000101101010011010110
110001111010000011000000000000000000000000000000000000000000000010011110101000101101010011010110
001111111001010011000000000000000000000000000000000000000000000010011110101000101101010011010110
101100011000010000000000000000000000000000000000000000000000000010011110101000101101010011010110
111010010011101110000000000000000000000000000000000000000000000010011110101000101101010011010110
001001001110110011000000000000000000000000000000000000000000000010011110101000101101010011010110
001101110110010101000000000000000000000000000000000000000000000010011110101000101101010011010110
100110001110010000000000000000000000000000000000000000000000000010011110101000101101010011010110
100110011011001111000000000000000000000000000000000000000000000010011110101000101101010011010110
110001011011001010000000000000000000000000000000000000000000000010011110101000101101010011010110
101111100110001000000000000000000000000000000000000000000000000010011110101000101101010011010110
011001010101001000000000000000000000000000000000000000000000000010011110101000101101010011010110
001101111000101011000000000000000000000000000000000000000000000010011110101000101101010011010110
111110100100011101000000000000000000000000000000000000000000000010011110101000101101010011010110
001101100111100101000000000000000000000000000000000000000000000010011110101000101101010011010110
111111010010000000100000000000000000000000000000000000000000000010011110101000101101010011010110
101101111001000110000000000000000000000000000000000000000000000010011110101000101101010011010110
100110001111111011000000000000000000000000000000000000000000000010011110101000101101010011010110
010100101110101010000000000000000000000000000000000000000000000010011110101000101101010011010110
011101000110110110000000000000000000000000000000000000000000000010011110101000101101010011010110
011001110000100101000000000000000000000000000000000000000000000010011110101000101101010011010110
001000001001110000000000000000000000000000000000000000000000000010011110101000101101010011010110
000100100111101111000000000000000000000000000000000000000000000010011110101000101101010011010110
111100100010001011000000000000000000000000000000000000000000000010011110101000101101010011010110
011111010010000000000000000000000000000000000000000000000000000010011110101000101101010011010110
010100001000110100000000000000000000000000000000000000000000000010011110101000101101010011010110
101100110000011011000000000000000000000000000000000000000000000010011110101000101101010011010110
100001000110000010000000000000000000000000000000000000000000000010011110101000101101010011010110
110000111011001100000000000000000000000000000000000000000000000010011110101000101101010011010110
011011000101000101000000000000000000000000000000000000000000000010011110101000101101010011010110
000011011110011110000000000000000000000000000000000000000000000010011110101000101101010011010110
001101010011010001000000000000000000000000000000000000000000000010011110101000101101010011010110
001001110011110001000000000000000000000000000000000000000000000010011110101000101101010011010110
110010010011110000000000000000000000000000000000000000000000000010011110101000101101010011010110
111011010101000111000000000000000000000000000000000000000000000010011110101000101101010011010110
010011011010111101000000000000000000000000000000000000000000000010011110101000101101010011010110
011110010000110011000000000000000000000000000000000000000000000010011110101000101101010011010110
011000001101110100000000000000000000000000000000000000000000000010011110101000101101010011010110
000101010100000000100000000000000000000000000000000000000000000010011110101000101101010011010110
000000000100101000100000000000000000000000000000000000000000000010011110101000101101010011010110
100001000011010110000000000000000000000000000000000000000000000010011110101000101101010011010110
000010101101011100000000000000000000000000000000000000000000000010011110101000101101010011010110
101101101010001101000000000000000000000000000000000000000000000010011110101000101101010011010110
011000011010111101000000000000000000000000000000000000000000000010011110101000101101010011010110
000111100011111000100000000000000000000000000000000000000000000010011110101000101101010011010110
010110110011110010000000000000000000000000000000000000000000000010011110101000101101010011010110
111110111111111000100000000000000000000000000000000000000000000010011110101000101101010011010110
000011000111110011000000000000000000000000000000000000000000000010011110101000101101010011010110
011010000100001000000000000000000000000000000000000000000000000010011110101000101101010011010110
011101010101111111000000000000000000000000000000000000000000000010011110101000101101010011010110
101010001110110000100000000000000000000000000000000000000000000010011110101000101101010011010110
011001010011111110000000000000000000000000000000000000000000000010011110101000101101010011010110
011111000010011111000000000000000000000000000000000000000000000010011110101000101101010011010110
001110100110111000000000000000000000000000000000000000000000000010011110101000101101010011010110
101001001010110010000000000000000000000000000000000000000000000010011110101000101101010011010110
111111100110111101000000000000000000000000000000000000000000000010011110101000101101010011010110
111000100100000011000000000000000000000000000000000000000000000010011110101000101101010011010110
011001011000110101000000000000000000000000000000000000000000000010011110101000101101010011010110
000010010000101010000000000000000000000000000000000000000000000010011110101000101101010011010110
011100000101000100100000000000000000000000000000000000000000000010011110101000101101010011010110
100101000101101111000000000000000000000000000000000000000000000010011110101000101101010011010110
100111011010010000000000000000000000000000000000000000000000000010011110101000101101010011010110
000111111001001100000000000000000000000000000000000000000000000010011110101000101101010011010110
110100001011001000100000000000000000000000000000000000000000000010011110101000101101010011010110
011100010010110111000000000000000000000000000000000000000000000010011110101000101101010011010110
011011000100110000000000000000000000000000000000000000000000000010011110101000101101010011010110
101110100010001101000000000000000000000000000000000000000000000010011110101000101101010011010110
001001011000101000000000000000000000000000000000000000000000000010011110101000101101010011010110
101101001010010011000000000000000000000000000000000000000000000010011110101000101101010011010110
111010011001101001000000000000000000000000000000000000000000000010011110101000101101010011010110
101000011101011111000000000000000000000000000000000000000000000010011110101000101101010011010110
000010000101000111000000000000000000000000000000000000000000000010011110101000101101010011010110
110000111101000010000000000000000000000000000000000000000000000010011110101000101101010011010110
000011111101011000000000000000000000000000000000000000000000000010011110101000101101010011010110
011001100110001000000000000000000000000000000000000000000000000010011110101000101101010011010110
100110101000101011000000000000000000000000000000000000000000000010011110101000101101010011010110
001000100011001110000000000000000000000000000000000000000000000010011110101000101101010011010110
001011000101110011000000000000000000000000000000000000000000000010011110101000101101010011010110
001110111001011101000000000000000000000000000000000000000000000010011110101000101101010011010110
001101010010001000100000000000000000000000000000000000000000000010011110101000101101010011010110
011010100001001101000000000000000000000000000000000000000000000010011110101000101101010011010110
101101000010100000100000000000000000000000000000000000000000000010011110101000101101010011010110
000001111111100101000000000000000000000000000000000000000000000010011110101000101101010011010110
101011101010111011000000000000000000000000000000000000000000000010011110101000101101010011010110
110100110110101111000000000000000000000000000000000000000000000010011110101000101101010011010110
010100010010101100000000000000000000000000000000000000000000000010011110101000101101010011010110
100101010101111100000000000000000000000000000000000000000000000010011110101000101101010011010110
111011100010010111000000000000000000000000000000000000000000000010011110101000101101010011010110
001011111001001000100000000000000000000000000000000000000000000010011110101000101101010011010110
111000110011000000000000000000000000000000000000000000000000000010011110101000101101010011010110
110000101101001000000000000000000000000000000000000000000000000010011110101000101101010011010110
100110110010111101000000000000000000000000000000000000000000000010011110101000101101010011010110
101010101110000000100000000000000000000000000000000000000000000010011110101000101101010011010110
010001110100111100000000000000000000000000000000000000000000000010011110101000101101010011010110
100001010000000000000000000000000000000000000000000000000000000010011110101000101101010011010110
110000000001101101000000000000000000000000000000000000000000000010011110101000101101010011010110
010001110010011111000000000000000000000000000000000000000000000010011110101000101101010011010110
000001010010100001000000000000000000000000000000000000000000000010011110101000101101010011010110
011011111100000000000000000000000000000000000000000000000000000010011110101000101101010011010110
100100000000111110000000000000000000000000000000000000000000000010011110101000101101010011010110
100011111000101011000000000000000000000000000000000000000000000010011110101000101101010011010110
111100100001111100000000000000000000000000000000000000000000000010011110101000101101010011010110
011111101101110110000000000000000000000000000000000000000000000010011110101000101101010011010110
110101111100100011000000000000000000000000000000000000000000000010011110101000101101010011010110
110100000110110000100000000000000000000000000000000000000000000010011110101000101101010011010110
111101000000000111000000000000000000000000000000000000000000000010011110101000101101010011010110
001110000111001000100000000000000000000000000000000000000000000010011110101000101101010011010110
101110011001011100000000000000000000000000000000000000000000000010011110101000101101010011010110
001111010001000011000000000000000000000000000000000000000000000010011110101000101101010011010110
011101001110001101000000000000000000000000000000000000000000000010011110101000101101010011010110
011000100111111101000000000000000000000000000000000000000000000010011110101000101101010011010110
001010100001100000000000000000000000000000000000000000000000000010011110101000101101010011010110
101111011001101000000000000000000000000000000000000000000000000010011110101000101101010011010110
001010101000000011000000000000000000000000000000000000000000000010011110101000101101010011010110
001000101101011110000000000000000000000000000000000000000000000010011110101000101101010011010110
101101010110111000100000000000000000000000000000000000000000000010011110101000101101010011010110
011101101011100000100000000000000000000000000000000000000000000010011110101000101101010011010110
100011111001001010000000000000000000000000000000000000000000000010011110101000101101010011010110
101110111111010111000000000000000000000000000000000000000000000010011110101000101101010011010110
111010010001000110000000000000000000000000000000000000000000000010011110101000101101010011010110
010111111010001001000000000000000000000000000000000000000000000010011110101000101101010011010110
011110000100001110000000000000000000000000000000000000000000000010011110101000101101010011010110
011111111101010000000000000000000000000000000000000000000000000010011110101000101101010011010110
100111110111001110000000000000000000000000000000000000000000000010011110101000101101010011010110
110001111110111110000000000000000000000000000000000000000000000010011110101000101101010011010110
111100010000000100000000000000000000000000000000000000000000000010011110101000101101010011010110
001011001111011010000000000000000000000000000000000000000000000010011110101000101101010011010110
010111101111000110000000000000000000000000000000000000000000000010011110101000101101010011010110
011011011100011001000000000000000000000000000000000000000000000010011110101000101101010011010110
000110111100011010000000000000000000000000000000000000000000000010011110101000101101010011010110
111011011011010000000000000000000000000000000000000000000000000010011110101000101101010011010110
110001001001100000000000000000000000000000000000000000000000000010011110101000101101010011010110
100001111011100110000000000000000000000000000000000000000000000010011110101000101101010011010110
011110100001001101000000000000000000000000000000000000000000000010011110101000101101010011010110
100111000111101110000000000000000000000000000000000000000000000010011110101000101101010011010110
110010001111100100000000000000000000000000000000000000000000000010011110101000101101010011010110
000011000111001000100000000000000000000000000000000000000000000010011110101000101101010011010110
000111100000100101000000000000000000000000000000000000000000000010011110101000101101010011010110
111110001011011011000000000000000000000000000000000000000000000010011110101000101101010011010110
111111011111001000000000000000000000000000000000000000000000000010011110101000101101010011010110
100110000101110111000000000000000000000000000000000000000000000010011110101000101101010011010110
010001101110001101000000000000000000000000000000000000000000000010011110101000101101010011010110
100001000101101011000000000000000000000000000000000000000000000010011110101000101101010011010110
000001110111001111000000000000000000000000000000000000000000000010011110101000101101010011010110
110001010100111011000000000000000000000000000000000000000000000010011110101000101101010011010110
101000101101111000000000000000000000000000000000000000000000000010011110101000101101010011010110
110010000110111000000000000000000000000000000000000000000000000010011110101000101101010011010110
101100100100000111000000000000000000000000000000000000000000000010011110101000101101010011010110
110010111010111111000000000000000000000000000000000000000000000010011110101000101101010011010110
001101001000101000000000000000000000000000000000000000000000000010011110101000101101010011010110
101101001101111110000000000000000000000000000000000000000000000010011110101000101101010011010110
111001011000011110000000000000000000000000000000000000000000000010011110101000101101010011010110
001011101110101101000000000000000000000000000000000000000000000010011110101000101101010011010110
011000011101001011000000000000000000000000000000000000000000000010011110101000101101010011010110
101000100111101101000000000000000000000000000000000000000000000010011110101000101101010011010110
000110001001011010000000000000000000000000000000000000000000000010011110101000101101010011010110
001000000001001011000000000000000000000000000000000000000000000010011110101000101101010011010110
101010001000000100000000000000000000000000000000000000000000000010011110101000101101010011010110
100011101111101000100000000000000000000000000000000000000000000010011110101000101101010011010110
101011001110010010000000000000000000000000000000000000000000000010011110101000101101010011010110
101111111110001010000000000000000000000000000000000000000000000010011110101000101101010011010110
010010011010101110000000000000000000000000000000000000000000000010011110101000101101010011010110
010000001001100100000000000000000000000000000000000000000000000010011110101000101101010011010110
011001001011000000100000000000000000000000000000000000000000000010011110101000101101010011010110
100111101111000000000000000000000000000000000000000000000000000010011110101000101101010011010110
001010010000101110000000000000000000000000000000000000000000000010011110101000101101010011010110
000110010110101010000000000000000000000000000000000000000000000010011110101000101101010011010110
101000011111000000000000000000000000000000000000000000000000000010011110101000101101010011010110
011011110001010110000000000000000000000000000000000000000000000010011110101000101101010011010110
111001111101010110000000000000000000000000000000000000000000000010011110101000101101010011010110
111101110101110010000000000000000000000000000000000000000000000010011110101000101101010011010110
001000010010111011000000000000000000000000000000000000000000000010011110101000101101010011010110
101111000010011000100000000000000000000000000000000000000000000010011110101000101101010011010110
110000111000100000000000000000000000000000000000000000000000000010011110101000101101010011010110
000001101001010110000000000000000000000000000000000000000000000010011110101000101101010011010110
111101111000111001000000000000000000000000000000000000000000000010011110101000101101010011010110
110110110100000011000000000000000000000000000000000000000000000010011110101000101101010011010110
011110100000111100000000000000000000000000000000000000000000000010011110101000101101010011010110
100101011000010000100000000000000000000000000000000000000000000010011110101000101101010011010110
110110011110000110000000000000000000000000000000000000000000000010011110101000101101010011010110
010111001110010000000000000000000000000000000000000000000000000010011110101000101101010011010110
100010110110011000100000000000000000000000000000000000000000000010011110101000101101010011010110
111110110001101001000000000000000000000000000000000000000000000010011110101000101101010011010110
110100110100100000100000000000000000000000000000000000000000000010011110101000101101010011010110
111101111100110100000000000000000000000000000000000000000000000010011110101000101101010011010110
001010101011111101000000000000000000000000000000000000000000000010011110101000101101010011010110
111000010001100110000000000000000000000000000000000000000000000010011110101000101101010011010110
111100000010010100000000000000000000000000000000000000000000000010011110101000101101010011010110
010111100010010010000000000000000000000000000000000000000000000010011110101000101101010011010110
110100101010111000000000000000000000000000000000000000000000000010011110101000101101010011010110
001011001110101000000000000000000000000000000000000000000000000010011110101000101101010011010110
100010100001100000000000000000000000000000000000000000000000000010011110101000101101010011010110
110110101111100000100000000000000000000000000000000000000000000010011110101000101101010011010110
011100001110101110000000000000000000000000000000000000000000000010011110101000101101010011010110
101100010111010100000000000000000000000000000000000000000000000010011110101000101101010011010110
110111011100000111000000000000000000000000000000000000000000000010011110101000101101010011010110
101101101001110011000000000000000000000000000000000000000000000010011110101000101101010011010110
100001111000011011000000000000000000000000000000000000000000000010011110101000101101010011010110
101101101110000111000000000000000000000000000000000000000000000010011110101000101101010011010110
111000001011101001000000000000000000000000000000000000000000000010011110101000101101010011010110
101001000010101000000000000000000000000000000000000000000000000010011110101000101101010011010110
000000111100100000100000000000000000000000000000000000000000000010011110101000101101010011010110
101110001001100010000000000000000000000000000000000000000000000010011110101000101101010011010110
100100111101011100000000000000000000000000000000000000000000000010011110101000101101010011010110
110001100000101100000000000000000000000000000000000000000000000010011110101000101101010011010110
010110011010110010000000000000000000000000000000000000000000000010011110101000101101010011010110
110111100011001101000000000000000000000000000000000000000000000010011110101000101101010011010110
111011001100010110000000000000000000000000000000000000000000000010011110101000101101010011010110
110011101111100111000000000000000000000000000000000000000000000010011110101000101101010011010110
011110100001101000000000000000000000000000000000000000000000000010011110101000101101010011010110
011101100001100101000000000000000000000000000000000000000000000010011110101000101101010011010110
100011010001101000000000000000000000000000000000000000000000000010011110101000101101010011010110
100011101000100111000000000000000000000000000000000000000000000010011110101000101101010011010110
111001110011000110000000000000000000000000000000000000000000000010011110101000101101010011010110
111100000000011011000000000000000000000000000000000000000000000010011110101000101101010011010110
100100001010101101000000000000000000000000000000000000000000000010011110101000101101010011010110
001111101100100000100000000000000000000000000000000000000000000010011110101000101101010011010110
111110110101110100000000000000000000000000000000000000000000000010011110101000101101010011010110
010110100111111100000000000000000000000000000000000000000000000010011110101000101101010011010110
000000110100010011000000000000000000000000000000000000000000000010011110101000101101010011010110
111111110000011111000000000000000000000000000000000000000000000010011110101000101101010011010110
010110110111111011000000000000000000000000000000000000000000000010011110101000101101010011010110
110010001100000100100000000000000000000000000000000000000000000010011110101000101101010011010110
011110101001010010000000000000000000000000000000000000000000000010011110101000101101010011010110
010101100100010000000000000000000000000000000000000000000000000010011110101000101101010011010110
011100011100101000000000000000000000000000000000000000000000000010011110101000101101010011010110
100010100110000100000000000000000000000000000000000000000000000010011110101000101101010011010110
011001111010010000000000000000000000000000000000000000000000000010011110101000101101010011010110
100101010111100011000000000000000000000000000000000000000000000010011110101000101101010011010110
000011000101100101000000000000000000000000000000000000000000000010011110101000101101010011010110
010011101011001000100000000000000000000000000000000000000000000010011110101000101101010011010110
000110011000110101000000000000000000000000000000000000000000000010011110101000101101010011010110
110000011001111000100000000000000000000000000000000000000000000010011110101000101101010011010110
100101111011011000000000000000000000000000000000000000000000000010011110101000101101010011010110
100001010101100111000000000000000000000000000000000000000000000010011110101000101101010011010110
111110010001001110000000000000000000000000000000000000000000000010011110101000101101010011010110
100100011101111001000000000000000000000000000000000000000000000010011110101000101101010011010110
111010100010001011000000000000000000000000000000000000000000000010011110101000101101010011010110
000100100111000010000000000000000000000000000000000000000000000010011110101000101101010011010110
010111111000111011000000000000000000000000000000000000000000000010011110101000101101010011010110
100111010011101000100000000000000000000000000000000000000000000010011110101000101101010011010110
101010000000001110000000000000000000000000000000000000000000000010011110101000101101010011010110
110111111100100000100000000000000000000000000000000000000000000010011110101000101101010011010110
100100001011000010000000000000000000000000000000000000000000000010011110101000101101010011010110
101101100011010011000000000000000000000000000000000000000000000010011110101000101101010011010110
001011100011101000100000000000000000000000000000000000000000000010011110101000101101010011010110
111110011011101110000000000000000000000000000000000000000000000010011110101000101101010011010110
110101110001111100000000000000000000000000000000000000000000000010011110101000101101010011010110
000100100000011000100000000000000000000000000000000000000000000010011110101000101101010011010110
110110001100010100000000000000000000000000000000000000000000000010011110101000101101010011010110
111100010110001011000000000000000000000000000000000000000000000010011110101000101101010011010110
100100010001000101000000000000000000000000000000000000000000000010011110101000101101010011010110
010001001100110110000000000000000000000000000000000000000000000010011110101000101101010011010110
110011001000011111000000000000000000000000000000000000000000000010011110101000101101010011010110
011011000101111111000000000000000000000000000000000000000000000010011110101000101101010011010110
011001001111110000100000000000000000000000000000000000000000000010011110101000101101010011010110
101001100101111010000000000000000000000000000000000000000000000010011110101000101101010011010110
000001000111000101000000000000000000000000000000000000000000000010011110101000101101010011010110
010101011100000100000000000000000000000000000000000000000000000010011110101000101101010011010110
110111101101110000000000000000000000000000000000000000000000000010011110101000101101010011010110
100010010101111001000000000000000000000000000000000000000000000010011110101000101101010011010110
011001110111001011000000000000000000000000000000000000000000000010011110101000101101010011010110
000011000011011100000000000000000000000000000000000000000000000010011110101000101101010011010110
010110111000111101000000000000000000000000000000000000000000000010011110101000101101010011010110
011100000010011101000000000000000000000000000000000000000000000010011110101000101101010011010110
100000000010110011000000000000000000000000000000000000000000000010011110101000101101010011010110
101100100001001101000000000000000000000000000000000000000000000010011110101000101101010011010110
100011011110101011000000000000000000000000000000000000000000000010011110101000101101010011010110
001111000110001110000000000000000000000000000000000000000000000010011110101000101101010011010110
000100111101001000100000000000000000000000000000000000000000000010011110101000101101010011010110
011101001011111111000000000000000000000000000000000000000000000010011110101000101101010011010110
010110111000011010000000000000000000000000000000000000000000000010011110101000101101010011010110
000000110111100010000000000000000000000000000000000000000000000010011110101000101101010011010110
000100001111010101000000000000000000000000000000000000000000000010011110101000101101010011010110
000100110010001101000000000000000000000000000000000000000000000010011110101000101101010011010110
100110010100000100100000000000000000000000000000000000000000000010011110101000101101010011010110
111110101001001101000000000000000000000000000000000000000000000010011110101000101101010011010110
001110101111110111000000000000000000000000000000000000000000000010011110101000101101010011010110
111110110111000011000000000000000000000000000000000000000000000010011110101000101101010011010110
110010001010101101000000000000000000000000000000000000000000000010011110101000101101010011010110
101010101110110010000000000000000000000000000000000000000000000010011110101000101101010011010110
101000111100010111000000000000000000000000000000000000000000000010011110101000101101010011010110
111100010100111100000000000000000000000000000000000000000000000010011110101000101101010011010110
101000101110110100000000000000000000000000000000000000000000000010011110101000101101010011010110
101000101100110010000000000000000000000000000000000000000000000010011110101000101101010011010110
101110011100000111000000000000000000000000000000000000000000000010011110101000101101010011010110
010010001100000010000000000000000000000000000000000000000000000010011110101000101101010011010110
101111010111000001000000000000000000000000000000000000000000000010011110101000101101010011010110
011111001010001110000000000000000000000000000000000000000000000010011110101000101101010011010110
010011100111000010000000000000000000000000000000000000000000000010011110101000101101010011010110
111011111110101110000000000000000000000000000000000000000000000010011110101000101101010011010110
101011010110001000000000000000000000000000000000000000000000000010011110101000101101010011010110
010101101001111000100000000000000000000000000000000000000000000010011110101000101101010011010110
011110000110110000100000000000000000000000000000000000000000000010011110101000101101010011010110
100111110010001101000000000000000000000000000000000000000000000010011110101000101101010011010110
101110001010000000100000000000000000000000000000000000000000000010011110101000101101010011010110
101101101100100011000000000000000000000000000000000000000000000010011110101000101101010011010110
101010101110010110000000000000000000000000000000000000000000000010011110101000101101010011010110
101010100001110111000000000000000000000000000000000000000000000010011110101000101101010011010110
001001100000110001000000000000000000000000000000000000000000000010011110101000101101010011010110
001010111000110111000000000000000000000000000000000000000000000010011110101000101101010011010110
001101110101100100000000000000000000000000000000000000000000000010011110101000101101010011010110
010011000000011100000000000000000000000000000000000000000000000010011110101000101101010011010110
111101011000000100100000000000000000000000000000000000000000000010011110101000101101010011010110
110011000010111111000000000000000000000000000000000000000000000010011110101000101101010011010110
111010100010100101000000000000000000000000000000000000000000000010011110101000101101010011010110
111011010011000110000000000000000000000000000000000000000000000010011110101000101101010011010110
000101110011001000000000000000000000000000000000000000000000000010011110101000101101010011010110
101000110101101001000000000000000000000000000000000000000000000010011110101000101101010011010110
101101101001010101000000000000000000000000000000000000000000000010011110101000101101010011010110
010001110000010100000000000000000000000000000000000000000000000010011110101000101101010011010110
101110011001111001000000000000000000000000000000000000000000000010011110101000101101010011010110
101010000010110000100000000000000000000000000000000000000000000010011110101000101101010011010110
110000111100100010000000000000000000000000000000000000000000000010011110101000101101010011010110
000001001000101110000000000000000000000000000000000000000000000010011110101000101101010011010110
011010101010010101000000000000000000000000000000000000000000000010011110101000101101010011010110
011011000010101011000000000000000000000000000000000000000000000010011110101000101101010011010110
000000111011010000000000000000000000000000000000000000000000000010011110101000101101010011010110
000000001101011000100000000000000000000000000000000000000000000010011110101000101101010011010110
010001000011111011000000000000000000000000000000000000000000000010011110101000101101010011010110
110010010010011010000000000000000000000000000000000000000000000010011110101000101101010011010110
110100110111001011000000000000000000000000000000000000000000000010011110101000101101010011010110
000010111111001000000000000000000000000000000000000000000000000010011110101000101101010011010110
100111010101101110000000000000000000000000000000000000000000000010011110101000101101010011010110
100101010111010001000000000000000000000000000000000000000000000010011110101000101101010011010110
010001011100101000000000000000000000000000000000000000000000000010011110101000101101010011010110
011110010111110111000000000000000000000000000000000000000000000010011110101000101101010011010110
000000100001101000000000000000000000000000000000000000000000000010011110101000101101010011010110
101101000100101111000000000000000000000000000000000000000000000010011110101000101101010011010110
111110101110101011000000000000000000000000000000000000000000000010011110101000101101010011010110
111111100111111000000000000000000000000000000000000000000000000010011110101000101101010011010110
110010011101011001000000000000000000000000000000000000000000000010011110101000101101010011010110
000100010010011010000000000000000000000000000000000000000000000010011110101000101101010011010110
001001000011110000100000000000000000000000000000000000000000000010011110101000101101010011010110
000000110000110101000000000000000000000000000000000000000000000010011110101000101101010011010110
100001100100000101000000000000000000000000000000000000000000000010011110101000101101010011010110
101000010111000000000000000000000000000000000000000000000000000010011110101000101101010011010110
001110010111101000000000000000000000000000000000000000000000000010011110101000101101010011010110
101000011010111100000000000000000000000000000000000000000000000010011110101000101101010011010110
110000110100100010000000000000000000000000000000000000000000000010011110101000101101010011010110
010101100101010101000000000000000000000000000000000000000000000010011110101000101101010011010110
111000111010100010000000000000000000000000000000000000000000000010011110101000101101010011010110
101010110011011100000000000000000000000000000000000000000000000010011110101000101101010011010110
011011110010111111000000000000000000000000000000000000000000000010011110101000101101010011010110
101001011001101110000000000000000000000000000000000000000000000010011110101000101101010011010110
001001100111101011000000000000000000000000000000000000000000000010011110101000101101010011010110
100100101011010100000000000000000000000000000000000000000000000010011110101000101101010011010110
111000011011111111000000000000000000000000000000000000000000000010011110101000101101010011010110
001011011110101011000000000000000000000000000000000000000000000010011110101000101101010011010110
101111100100110111000000000000000000000000000000000000000000000010011110101000101101010011010110
010010111011010010000000000000000000000000000000000000000000000010011110101000101101010011010110
001101110100111100000000000000000000000000000000000000000000000010011110101000101101010011010110
100101111101000111000000000000000000000000000000000000000000000010011110101000101101010011010110
110110001010100101000000000000000000000000000000000000000000000010011110101000101101010011010110
010110000110010011000000000000000000000000000000000000000000000010011110101000101101010011010110
000111110101001010000000000000000000000000000000000000000000000010011110101000101101010011010110
111011011111101110000000000000000000000000000000000000000000000010011110101000101101010011010110
001001001001011111000000000000000000000000000000000000000000000010011110101000101101010011010110
000110011000010111000000000000000000000000000000000000000000000010011110101000101101010011010110
000110011000010000100000000000000000000000000000000000000000000010011110101000101101010011010110
100100010110000001000000000000000000000000000000000000000000000010011110101000101101010011010110
110000011001100100000000000000000000000000000000000000000000000010011110101000101101010011010110
001101101000011110000000000000000000000000000000000000000000000010011110101000101101010011010110
001011110100000000100000000000000000000000000000000000000000000010011110101000101101010011010110
100110010100100000000000000000000000000000000000000000000000000010011110101000101101010011010110
100101110010100000000000000000000000000000000000000000000000000010011110101000101101010011010110
100000001001111010000000000000000000000000000000000000000000000010011110101000101101010011010110
001000111000001011000000000000000000000000000000000000000000000010011110101000101101010011010110
100001010000011000000000000000000000000000000000000000000000000010011110101000101101010011010110
110000101110000100100000000000000000000000000000000000000000000010011110101000101101010011010110
111100010010110000000000000000000000000000000000000000000000000010011110101000101101010011010110
000110101000111110000000000000000000000000000000000000000000000010011110101000101101010011010110
010111011111101000100000000000000000000000000000000000000000000010011110101000101101010011010110
110010111111111010000000000000000000000000000000000000000000000010011110101000101101010011010110
111110110101010110000000000000000000000000000000000000000000000010011110101000101101010011010110
111000101111101101000000000000000000000000000000000000000000000010011110101000101101010011010110
100111001100010010000000000000000000000000000000000000000000000010011110101000101101010011010110
010011110100010111000000000000000000000000000000000000000000000010011110101000101101010011010110
010010011000100000100000000000000000000000000000000000000000000010011110101000101101010011010110
011010101000101000100000000000000000000000000000000000000000000010011110101000101101010011010110
101110011000111100000000000000000000000000000000000000000000000010011110101000101101010011010110
101000000110101011000000000000000000000000000000000000000000000010011110101000101101010011010110
010110000111111000000000000000000000000000000000000000000000000010011110101000101101010011010110
010110111001011101000000000000000000000000000000000000000000000010011110101000101101010011010110
001010110100011100000000000000000000000000000000000000000000000010011110101000101101010011010110
010110110010010111000000000000000000000000000000000000000000000010011110101000101101010011010110
010110001111000100000000000000000000000000000000000000000000000010011110101000101101010011010110
100111000101101100000000000000000000000000000000000000000000000010011110101000101101010011010110
001011100010010101000000000000000000000000000000000000000000000010011110101000101101010011010110
011110111010100000100000000000000000000000000000000000000000000010011110101000101101010011010110
001000000010101100000000000000000000000000000000000000000000000010011110101000101101010011010110
000101101110010000000000000000000000000000000000000000000000000010011110101000101101010011010110
101101010101101110000000000000000000000000000000000000000000000010011110101000101101010011010110
111111011110010010000000000000000000000000000000000000000000000010011110101000101101010011010110
001001000011101110000000000000000000000000000000000000000000000010011110101000101101010011010110
011011010001011011000000000000000000000000000000000000000000000010011110101000101101010011010110
000100010101100101000000000000000000000000000000000000000000000010011110101000101101010011010110
110001011110111100000000000000000000000000000000000000000000000010011110101000101101010011010110
001010110110011011000000000000000000000000000000000000000000000010011110101000101101010011010110
001101100111000000000000000000000000000000000000000000000000000010011110101000101101010011010110
001100111011111101000000000000000000000000000000000000000000000010011110101000101101010011010110
000001101000011000000000000000000000000000000000000000000000000010011110101000101101010011010110
000001101001100100000000000000000000000000000000000000000000000010011110101000101101010011010110
101101010110110100000000000000000000000000000000000000000000000010011110101000101101010011010110
010111110100100001000000000000000000000000000000000000000000000010011110101000101101010011010110
100001100010010101000000000000000000000000000000000000000000000010011110101000101101010011010110
110110011010101010000000000000000000000000000000000000000000000010011110101000101101010011010110
111101011101011101000000000000000000000000000000000000000000000010011110101000101101010011010110
010010011011101100000000000000000000000000000000000000000000000010011110101000101101010011010110
010001100101110001000000000000000000000000000000000000000000000010011110101000101101010011010110
100110000000100010000000000000000000000000000000000000000000000010011110101000101101010011010110
101011000000000011000000000000000000000000000000000000000000000010011110101000101101010011010110
100101000101100000100000000000000000000000000000000000000000000010011110101000101101010011010110
000101100111100001000000000000000000000000000000000000000000000010011110101000101101010011010110
101010001100100010000000000000000000000000000000000000000000000010011110101000101101010011010110
011010111000000000100000000000000000000000000000000000000000000010011110101000101101010011010110
000001010100101100000000000000000000000000000000000000000000000010011110101000101101010011010110
100011001011100110000000000000000000000000000000000000000000000010011110101000101101010011010110
111010011001101011000000000000000000000000000000000000000000000010011110101000101101010011010110
110101000001101110000000000000000000000000000000000000000000000010011110101000101101010011010110
010011110101000000100000000000000000000000000000000000000000000010011110101000101101010011010110
001111110110011000100000000000000000000000000000000000000000000010011110101000101101010011010110
100000001001110110000000000000000000000000000000000000000000000010011110101000101101010011010110
111000010110100011000000000000000000000000000000000000000000000010011110101000101101010011010110
000001000011010000000000000000000000000000000000000000000000000010011110101000101101010011010110
111111010111001100000000000000000000000000000000000000000000000010011110101000101101010011010110
010010011111000011000000000000000000000000000000000000000000000010011110101000101101010011010110
010110011011111101000000000000000000000000000000000000000000000010011110101000101101010011010110
010001110100000011000000000000000000000000000000000000000000000010011110101000101101010011010110
101111001101101000000000000000000000000000000000000000000000000010011110101000101101010011010110
