110001111001000001000000000000000000000000000000000000000000000010011110101000101101010011010110
000011111110100110000000000000000000000000000000000000000000000010011110101000101101010011010110
101111101111001000000000000000000000000000000000000000000000000010011110101000101101010011010110
111110111010001110000000000000000000000000000000000000000000000010011110101000101101010011010110
011101010010010000100000000000000000000000000000000000000000000010011110101000101101010011010110
111101000010000101000000000000000000000000000000000000000000000010011110101000101101010011010110
001100010011100100000000000000000000000000000000000000000000000010011110101000101101010011010110
110011110110010001000000000000000000000000000000000000000000000010011110101000101101010011010110
011001010100110001000000000000000000000000000000000000000000000010011110101000101101010011010110
100001100100100001000000000000000000000000000000000000000000000010011110101000101101010011010110
010101101001100001000000000000000000000000000000000000000000000010011110101000101101010011010110
011101000011100011000000000000000000000000000000000000000000000010011110101000101101010011010110
111111011010010101000000000000000000000000000000000000000000000010011110101000101101010011010110
010011010101101100000000000000000000000000000000000000000000000010011110101000101101010011010110
101100110110010001000000000000000000000000000000000000000000000010011110101000101101010011010110
100110111011100110000000000000000000000000000000000000000000000010011110101000101101010011010110
001101010010110101000000000000000000000000000000000000000000000010011110101000101101010011010110
111101010100001000000000000000000000000000000000000000000000000010011110101000101101010011010110
101101101110000001000000000000000000000000000000000000000000000010011110101000101101010011010110
110000000001000110000000000000000000000000000000000000000000000010011110101000101101010011010110
001010111100101011000000000000000000000000000000000000000000000010011110101000101101010011010110
011000111001101000000000000000000000000000000000000000000000000010011110101000101101010011010110
011111111000111111000000000000000000000000000000000000000000000010011110101000101101010011010110
100111101111010010000000000000000000000000000000000000000000000010011110101000101101010011010110
000011100011111111000000000000000000000000000000000000000000000010011110101000101101010011010110
110001110000010110000000000000000000000000000000000000000000000010011110101000101101010011010110
001101010101100000000000000000000000000000000000000000000000000010011110101000101101010011010110
101111001100110010000000000000000000000000000000000000000000000010011110101000101101010011010110
010011010000101000100000000000000000000000000000000000000000000010011110101000101101010011010110
110100001000100111000000000000000000000000000000000000000000000010011110101000101101010011010110
010100010100011101000000000000000000000000000000000000000000000010011110101000101101010011010110
101011111110101111000000000000000000000000000000000000000000000010011110101000101101010011010110
110100010010101110000000000000000000000000000000000000000000000010011110101000101101010011010110
010100101000000010000000000000000000000000000000000000000000000010011110101000101101010011010110
110100010100110100000000000000000000000000000000000000000000000010011110101000101101010011010110
000010111110111000100000000000000000000000000000000000000000000010011110101000101101010011010110
010110101010101110000000000000000000000000000000000000000000000010011110101000101101010011010110
100111010110110001000000000000000000000000000000000000000000000010011110101000101101010011010110
110000110100000001000000000000000000000000000000000000000000000010011110101000101101010011010110
010011000011101111000000000000000000000000000000000000000000000010011110101000101101010011010110
110111010111111100000000000000000000000000000000000000000000000010011110101000101101010011010110
001011100001101011000000000000000000000000000000000000000000000010011110101000101101010011010110
011110100110010100000000000000000000000000000000000000000000000010011110101000101101010011010110
011011110001011011000000000000000000000000000000000000000000000010011110101000101101010011010110
101010011111100001000000000000000000000000000000000000000000000010011110101000101101010011010110
101100001010101100000000000000000000000000000000000000000000000010011110101000101101010011010110
101110000101011110000000000000000000000000000000000000000000000010011110101000101101010011010110
101011000111110110000000000000000000000000000000000000000000000010011110101000101101010011010110
100110100011101110000000000000000000000000000000000000000000000010011110101000101101010011010110
000100110101100100000000000000000000000000000000000000000000000010011110101000101101010011010110
100100010101000000000000000000000000000000000000000000000000000010011110101000101101010011010110
011100001111010111000000000000000000000000000000000000000000000010011110101000101101010011010110
001110000111000111000000000000000000000000000000000000000000000010011110101000101101010011010110
001010101110001101000000000000000000000000000000000000000000000010011110101000101101010011010110
101101000010100000100000000000000000000000000000000000000000000010011110101000101101010011010110
111110010011001100000000000000000000000000000000000000000000000010011110101000101101010011010110
101110000000011100000000000000000000000000000000000000000000000010011110101000101101010011010110
100000001100101011000000000000000000000000000000000000000000000010011110101000101101010011010110
111011111001101100000000000000000000000000000000000000000000000010011110101000101101010011010110
110000100001000110000000000000000000000000000000000000000000000010011110101000101101010011010110
100110001110001000100000000000000000000000000000000000000000000010011110101000101101010011010110
011101110001101111000000000000000000000000000000000000000000000010011110101000101101010011010110
000001001111101111000000000000000000000000000000000000000000000010011110101000101101010011010110
001000110111100000100000000000000000000000000000000000000000000010011110101000101101010011010110
110000001000010111000000000000000000000000000000000000000000000010011110101000101101010011010110
000010100100101010000000000000000000000000000000000000000000000010011110101000101101010011010110
101001111000111000000000000000000000000000000000000000000000000010011110101000101101010011010110
000010100101000100000000000000000000000000000000000000000000000010011110101000101101010011010110
001000010001011110000000000000000000000000000000000000000000000010011110101000101101010011010110
100011011001111000100000000000000000000000000000000000000000000010011110101000101101010011010110
101111000101111001000000000000000000000000000000000000000000000010011110101000101101010011010110
010101101101101100000000000000000000000000000000000000000000000010011110101000101101010011010110
110011001111100110000000000000000000000000000000000000000000000010011110101000101101010011010110
001000110001100100000000000000000000000000000000000000000000000010011110101000101101010011010110
011000101100000100000000000000000000000000000000000000000000000010011110101000101101010011010110
011010010000001000100000000000000000000000000000000000000000000010011110101000101101010011010110
010100100111101011000000000000000000000000000000000000000000000010011110101000101101010011010110
000010010111010000000000000000000000000000000000000000000000000010011110101000101101010011010110
100000011000101010000000000000000000000000000000000000000000000010011110101000101101010011010110
010000101000000111000000000000000000000000000000000000000000000010011110101000101101010011010110
100001101100111000100000000000000000000000000000000000000000000010011110101000101101010011010110
110110101001000101000000000000000000000000000000000000000000000010011110101000101101010011010110
101001011001101000100000000000000000000000000000000000000000000010011110101000101101010011010110
001110011101000111000000000000000000000000000000000000000000000010011110101000101101010011010110
100111100011000001000000000000000000000000000000000000000000000010011110101000101101010011010110
000001110011000000100000000000000000000000000000000000000000000010011110101000101101010011010110
110000110100101101000000000000000000000000000000000000000000000010011110101000101101010011010110
101001111111101100000000000000000000000000000000000000000000000010011110101000101101010011010110
001010001011000100000000000000000000000000000000000000000000000010011110101000101101010011010110
101000010001011000000000000000000000000000000000000000000000000010011110101000101101010011010110
001011110101100010000000000000000000000000000000000000000000000010011110101000101101010011010110
111101011011101110000000000000000000000000000000000000000000000010011110101000101101010011010110
111010011100111110000000000000000000000000000000000000000000000010011110101000101101010011010110
101010100100011101000000000000000000000000000000000000000000000010011110101000101101010011010110
010010010101010000100000000000000000000000000000000000000000000010011110101000101101010011010110
101110010110101000100000000000000000000000000000000000000000000010011110101000101101010011010110
010000100000001110000000000000000000000000000000000000000000000010011110101000101101010011010110
011010101110010011000000000000000000000000000000000000000000000010011110101000101101010011010110
100111100000001111000000000000000000000000000000000000000000000010011110101000101101010011010110
000000010110110111000000000000000000000000000000000000000000000010011110101000101101010011010110
110100101101110111000000000000000000000000000000000000000000000010011110101000101101010011010110
000100000111001101000000000000000000000000000000000000000000000010011110101000101101010011010110
111111011100000010000000000000000000000000000000000000000000000010011110101000101101010011010110
110101110001100110000000000000000000000000000000000000000000000010011110101000101101010011010110
101101100101100100000000000000000000000000000000000000000000000010011110101000101101010011010110
010100111101101010000000000000000000000000000000000000000000000010011110101000101101010011010110
110100010101111001000000000000000000000000000000000000000000000010011110101000101101010011010110
110100010010000101000000000000000000000000000000000000000000000010011110101000101101010011010110
110110000011111010000000000000000000000000000000000000000000000010011110101000101101010011010110
110010111111011101000000000000000000000000000000000000000000000010011110101000101101010011010110
001100011011101011000000000000000000000000000000000000000000000010011110101000101101010011010110
000111011110011111000000000000000000000000000000000000000000000010011110101000101101010011010110
000011000011000000000000000000000000000000000000000000000000000010011110101000101101010011010110
000100101010010101000000000000000000000000000000000000000000000010011110101000101101010011010110
100001110000110000000000000000000000000000000000000000000000000010011110101000101101010011010110
001101001101111101000000000000000000000000000000000000000000000010011110101000101101010011010110
100111011001110111000000000000000000000000000000000000000000000010011110101000101101010011010110
110011001110101101000000000000000000000000000000000000000000000010011110101000101101010011010110
001100100000001001000000000000000000000000000000000000000000000010011110101000101101010011010110
101111011010011111000000000000000000000000000000000000000000000010011110101000101101010011010110
100011011100000001000000000000000000000000000000000000000000000010011110101000101101010011010110
000000100010011100000000000000000000000000000000000000000000000010011110101000101101010011010110
101011000010101111000000000000000000000000000000000000000000000010011110101000101101010011010110
010100110111000101000000000000000000000000000000000000000000000010011110101000101101010011010110
100111001111101101000000000000000000000000000000000000000000000010011110101000101101010011010110
011111011011101101000000000000000000000000000000000000000000000010011110101000101101010011010110
100110001011100111000000000000000000000000000000000000000000000010011110101000101101010011010110
010001110001000000100000000000000000000000000000000000000000000010011110101000101101010011010110
010011000001001111000000000000000000000000000000000000000000000010011110101000101101010011010110
010101001011111111000000000000000000000000000000000000000000000010011110101000101101010011010110
001100010100100001000000000000000000000000000000000000000000000010011110101000101101010011010110
111110100010000100000000000000000000000000000000000000000000000010011110101000101101010011010110
111111110101000000100000000000000000000000000000000000000000000010011110101000101101010011010110
011011101101110110000000000000000000000000000000000000000000000010011110101000101101010011010110
100100010011111001000000000000000000000000000000000000000000000010011110101000101101010011010110
101011100011011011000000000000000000000000000000000000000000000010011110101000101101010011010110
110001011110001000100000000000000000000000000000000000000000000010011110101000101101010011010110
100110101000001110000000000000000000000000000000000000000000000010011110101000101101010011010110
010011001001101000100000000000000000000000000000000000000000000010011110101000101101010011010110
100011100000000010000000000000000000000000000000000000000000000010011110101000101101010011010110
001100100011111001000000000000000000000000000000000000000000000010011110101000101101010011010110
001010000000110111000000000000000000000000000000000000000000000010011110101000101101010011010110
110100010110010000000000000000000000000000000000000000000000000010011110101000101101010011010110
101100101001111000100000000000000000000000000000000000000000000010011110101000101101010011010110
111100111100010000100000000000000000000000000000000000000000000010011110101000101101010011010110
101101000101100111000000000000000000000000000000000000000000000010011110101000101101010011010110
110000101111110001000000000000000000000000000000000000000000000010011110101000101101010011010110
011000010100101111000000000000000000000000000000000000000000000010011110101000101101010011010110
110000100110001010000000000000000000000000000000000000000000000010011110101000101101010011010110
001001001110101011000000000000000000000000000000000000000000000010011110101000101101010011010110
101110011101001001000000000000000000000000000000000000000000000010011110101000101101010011010110
000110110011011111000000000000000000000000000000000000000000000010011110101000101101010011010110
111011111010111011000000000000000000000000000000000000000000000010011110101000101101010011010110
100110010011000111000000000000000000000000000000000000000000000010011110101000101101010011010110
101110010010001110000000000000000000000000000000000000000000000010011110101000101101010011010110
100110101111010110000000000000000000000000000000000000000000000010011110101000101101010011010110
111110110001001100000000000000000000000000000000000000000000000010011110101000101101010011010110
110110000001111000100000000000000000000000000000000000000000000010011110101000101101010011010110
000101111011111011000000000000000000000000000000000000000000000010011110101000101101010011010110
000010001111011010000000000000000000000000000000000000000000000010011110101000101101010011010110
111010100001000100100000000000000000000000000000000000000000000010011110101000101101010011010110
011010011100010000100000000000000000000000000000000000000000000010011110101000101101010011010110
011011110100000110000000000000000000000000000000000000000000000010011110101000101101010011010110
000010110111101011000000000000000000000000000000000000000000000010011110101000101101010011010110
011110011110110000000000000000000000000000000000000000000000000010011110101000101101010011010110
000011010101000000100000000000000000000000000000000000000000000010011110101000101101010011010110
110100101100000101000000000000000000000000000000000000000000000010011110101000101101010011010110
110100111100111001000000000000000000000000000000000000000000000010011110101000101101010011010110
010011010001010100000000000000000000000000000000000000000000000010011110101000101101010011010110
110010110100011110000000000000000000000000000000000000000000000010011110101000101101010011010110
001010100101111100000000000000000000000000000000000000000000000010011110101000101101010011010110
100101111101101001000000000000000000000000000000000000000000000010011110101000101101010011010110
110011101110011111000000000000000000000000000000000000000000000010011110101000101101010011010110
100110011001110110000000000000000000000000000000000000000000000010011110101000101101010011010110
100001100001011110000000000000000000000000000000000000000000000010011110101000101101010011010110
110000100001110001000000000000000000000000000000000000000000000010011110101000101101010011010110
101111011010100100000000000000000000000000000000000000000000000010011110101000101101010011010110
000100001101010011000000000000000000000000000000000000000000000010011110101000101101010011010110
110101011010110111000000000000000000000000000000000000000000000010011110101000101101010011010110
110100101111111000000000000000000000000000000000000000000000000010011110101000101101010011010110
011100110000011100000000000000000000000000000000000000000000000010011110101000101101010011010110
010111110000010010000000000000000000000000000000000000000000000010011110101000101101010011010110
010001010000000100000000000000000000000000000000000000000000000010011110101000101101010011010110
100000000100011110000000000000000000000000000000000000000000000010011110101000101101010011010110
111100100001100001000000000000000000000000000000000000000000000010011110101000101101010011010110
000010101001000101000000000000000000000000000000000000000000000010011110101000101101010011010110
010110110100001000100000000000000000000000000000000000000000000010011110101000101101010011010110
011000111111101000000000000000000000000000000000000000000000000010011110101000101101010011010110
111100001000000111000000000000000000000000000000000000000000000010011110101000101101010011010110
000001111111110000100000000000000000000000000000000000000000000010011110101000101101010011010110
110000110010100110000000000000000000000000000000000000000000000010011110101000101101010011010110
101001011110001111000000000000000000000000000000000000000000000010011110101000101101010011010110
101010100101000000100000000000000000000000000000000000000000000010011110101000101101010011010110
010010101110100000100000000000000000000000000000000000000000000010011110101000101101010011010110
011111111100101111000000000000000000000000000000000000000000000010011110101000101101010011010110
101111110100011010000000000000000000000000000000000000000000000010011110101000101101010011010110
001001001101101100000000000000000000000000000000000000000000000010011110101000101101010011010110
011110110100100100100000000000000000000000000000000000000000000010011110101000101101010011010110
111101100001001011000000000000000000000000000000000000000000000010011110101000101101010011010110
010010000000010010000000000000000000000000000000000000000000000010011110101000101101010011010110
111100110111110000000000000000000000000000000000000000000000000010011110101000101101010011010110
000001100010110101000000000000000000000000000000000000000000000010011110101000101101010011010110
101000111111101100000000000000000000000000000000000000000000000010011110101000101101010011010110
010101011000101000100000000000000000000000000000000000000000000010011110101000101101010011010110
110110111100000001000000000000000000000000000000000000000000000010011110101000101101010011010110
110110111000110110000000000000000000000000000000000000000000000010011110101000101101010011010110
010100100101101100000000000000000000000000000000000000000000000010011110101000101101010011010110
111010011011101111000000000000000000000000000000000000000000000010011110101000101101010011010110
001001000111000110000000000000000000000000000000000000000000000010011110101000101101010011010110
111101100111111100000000000000000000000000000000000000000000000010011110101000101101010011010110
111011111110010000100000000000000000000000000000000000000000000010011110101000101101010011010110
100110100111100001000000000000000000000000000000000000000000000010011110101000101101010011010110
110110110101000101000000000000000000000000000000000000000000000010011110101000101101010011010110
010010101011011010000000000000000000000000000000000000000000000010011110101000101101010011010110
010001011110101011000000000000000000000000000000000000000000000010011110101000101101010011010110
001000110010011111000000000000000000000000000000000000000000000010011110101000101101010011010110
111111101000110010000000000000000000000000000000000000000000000010011110101000101101010011010110
100001101110011101000000000000000000000000000000000000000000000010011110101000101101010011010110
000000000101001100000000000000000000000000000000000000000000000010011110101000101101010011010110
010000010110101001000000000000000000000000000000000000000000000010011110101000101101010011010110
111101011111011101000000000000000000000000000000000000000000000010011110101000101101010011010110
001100110101111101000000000000000000000000000000000000000000000010011110101000101101010011010110
100011111001100110000000000000000000000000000000000000000000000010011110101000101101010011010110
111001110100111011000000000000000000000000000000000000000000000010011110101000101101010011010110
010000001010101011000000000000000000000000000000000000000000000010011110101000101101010011010110
001110010101101100000000000000000000000000000000000000000000000010011110101000101101010011010110
110100011100100011000000000000000000000000000000000000000000000010011110101000101101010011010110
101010100001100011000000000000000000000000000000000000000000000010011110101000101101010011010110
011100000100010101000000000000000000000000000000000000000000000010011110101000101101010011010110
101010001100001101000000000000000000000000000000000000000000000010011110101000101101010011010110
111100000111001111000000000000000000000000000000000000000000000010011110101000101101010011010110
110111000010010101000000000000000000000000000000000000000000000010011110101000101101010011010110
101100111001110101000000000000000000000000000000000000000000000010011110101000101101010011010110
010011101100101010000000000000000000000000000000000000000000000010011110101000101101010011010110
111100011100010110000000000000000000000000000000000000000000000010011110101000101101010011010110
011011010000111110000000000000000000000000000000000000000000000010011110101000101101010011010110
110111110010111011000000000000000000000000000000000000000000000010011110101000101101010011010110
001101100100011000000000000000000000000000000000000000000000000010011110101000101101010011010110
001000000001101000100000000000000000000000000000000000000000000010011110101000101101010011010110
000100111000010111000000000000000000000000000000000000000000000010011110101000101101010011010110
100010111100010000000000000000000000000000000000000000000000000010011110101000101101010011010110
000001111001001101000000000000000000000000000000000000000000000010011110101000101101010011010110
000010110001010000000000000000000000000000000000000000000000000010011110101000101101010011010110
101101100110000011000000000000000000000000000000000000000000000010011110101000101101010011010110
011111011011000000100000000000000000000000000000000000000000000010011110101000101101010011010110
010100111101001110000000000000000000000000000000000000000000000010011110101000101101010011010110
010100000011100110000000000000000000000000000000000000000000000010011110101000101101010011010110
100101110101001000000000000000000000000000000000000000000000000010011110101000101101010011010110
011100110000101110000000000000000000000000000000000000000000000010011110101000101101010011010110
010110101111011001000000000000000000000000000000000000000000000010011110101000101101010011010110
001010010101101110000000000000000000000000000000000000000000000010011110101000101101010011010110
000100001101100010000000000000000000000000000000000000000000000010011110101000101101010011010110
010001111110010100000000000000000000000000000000000000000000000010011110101000101101010011010110
010010111001000111000000000000000000000000000000000000000000000010011110101000101101010011010110
001010011001010110000000000000000000000000000000000000000000000010011110101000101101010011010110
110101100001000011000000000000000000000000000000000000000000000010011110101000101101010011010110
011101001011001000100000000000000000000000000000000000000000000010011110101000101101010011010110
000000011100110000000000000000000000000000000000000000000000000010011110101000101101010011010110
001011100011111000000000000000000000000000000000000000000000000010011110101000101101010011010110
100110011111010001000000000000000000000000000000000000000000000010011110101000101101010011010110
111111001001000101000000000000000000000000000000000000000000000010011110101000101101010011010110
100111001100000000100000000000000000000000000000000000000000000010011110101000101101010011010110
001001100010000100100000000000000000000000000000000000000000000010011110101000101101010011010110
101101110011011011000000000000000000000000000000000000000000000010011110101000101101010011010110
010001111100001100000000000000000000000000000000000000000000000010011110101000101101010011010110
000000100010000000000000000000000000000000000000000000000000000010011110101000101101010011010110
010111101110010011000000000000000000000000000000000000000000000010011110101000101101010011010110
000010110111100111000000000000000000000000000000000000000000000010011110101000101101010011010110
111101111101010111000000000000000000000000000000000000000000000010011110101000101101010011010110
001110010100001110000000000000000000000000000000000000000000000010011110101000101101010011010110
111101011100000011000000000000000000000000000000000000000000000010011110101000101101010011010110
011010111101100011000000000000000000000000000000000000000000000010011110101000101101010011010110
010011110111000111000000000000000000000000000000000000000000000010011110101000101101010011010110
001110001001100010000000000000000000000000000000000000000000000010011110101000101101010011010110
110100101011011110000000000000000000000000000000000000000000000010011110101000101101010011010110
000100011011100110000000000000000000000000000000000000000000000010011110101000101101010011010110
001111011100100010000000000000000000000000000000000000000000000010011110101000101101010011010110
100010011001001010000000000000000000000000000000000000000000000010011110101000101101010011010110
111101111000110000000000000000000000000000000000000000000000000010011110101000101101010011010110
100110100010110011000000000000000000000000000000000000000000000010011110101000101101010011010110
001100010111010010000000000000000000000000000000000000000000000010011110101000101101010011010110
100101001011011001000000000000000000000000000000000000000000000010011110101000101101010011010110
000100000000111110000000000000000000000000000000000000000000000010011110101000101101010011010110
100110011001000001000000000000000000000000000000000000000000000010011110101000101101010011010110
101110110001111001000000000000000000000000000000000000000000000010011110101000101101010011010110
010101101011111001000000000000000000000000000000000000000000000010011110101000101101010011010110
011010101110011011000000000000000000000000000000000000000000000010011110101000101101010011010110
100101011000100100000000000000000000000000000000000000000000000010011110101000101101010011010110
100011111010111001000000000000000000000000000000000000000000000010011110101000101101010011010110
011110111100010110000000000000000000000000000000000000000000000010011110101000101101010011010110
100100001001011100000000000000000000000000000000000000000000000010011110101000101101010011010110
000100010001000100100000000000000000000000000000000000000000000010011110101000101101010011010110
111110000000000011000000000000000000000000000000000000000000000010011110101000101101010011010110
111011101001000011000000000000000000000000000000000000000000000010011110101000101101010011010110
111101100000110000000000000000000000000000000000000000000000000010011110101000101101010011010110
011101001101111001000000000000000000000000000000000000000000000010011110101000101101010011010110
110010101111010011000000000000000000000000000000000000000000000010011110101000101101010011010110
111111010101110111000000000000000000000000000000000000000000000010011110101000101101010011010110
011001000010000110000000000000000000000000000000000000000000000010011110101000101101010011010110
100100110101011011000000000000000000000000000000000000000000000010011110101000101101010011010110
010101101101001000100000000000000000000000000000000000000000000010011110101000101101010011010110
100010100101110000000000000000000000000000000000000000000000000010011110101000101101010011010110
100100110001000000000000000000000000000000000000000000000000000010011110101000101101010011010110
010111011110001110000000000000000000000000000000000000000000000010011110101000101101010011010110
110001111110111011000000000000000000000000000000000000000000000010011110101000101101010011010110
101001001001110000000000000000000000000000000000000000000000000010011110101000101101010011010110
010011101001101010000000000000000000000000000000000000000000000010011110101000101101010011010110
111111111010101000000000000000000000000000000000000000000000000010011110101000101101010011010110
000110010010100001000000000000000000000000000000000000000000000010011110101000101101010011010110
010001111010101000000000000000000000000000000000000000000000000010011110101000101101010011010110
100000001110010001000000000000000000000000000000000000000000000010011110101000101101010011010110
110110101101110001000000000000000000000000000000000000000000000010011110101000101101010011010110
000000110100010110000000000000000000000000000000000000000000000010011110101000101101010011010110
010100001100110000000000000000000000000000000000000000000000000010011110101000101101010011010110
110100111101110111000000000000000000000000000000000000000000000010011110101000101101010011010110
100110111110101011000000000000000000000000000000000000000000000010011110101000101101010011010110
010100000110000000100000000000000000000000000000000000000000000010011110101000101101010011010110
000100011000100000100000000000000000000000000000000000000000000010011110101000101101010011010110
010110110110011101000000000000000000000000000000000000000000000010011110101000101101010011010110
111010011101011010000000000000000000000000000000000000000000000010011110101000101101010011010110
101001111001110000000000000000000000000000000000000000000000000010011110101000101101010011010110
011011011010001110000000000000000000000000000000000000000000000010011110101000101101010011010110
010001111001101010000000000000000000000000000000000000000000000010011110101000101101010011010110
001110101110011000000000000000000000000000000000000000000000000010011110101000101101010011010110
001101101001011011000000000000000000000000000000000000000000000010011110101000101101010011010110
110001111011000000000000000000000000000000000000000000000000000010011110101000101101010011010110
110100001100000100000000000000000000000000000000000000000000000010011110101000101101010011010110
100000100111001000100000000000000000000000000000000000000000000010011110101000101101010011010110
000111010101111000100000000000000000000000000000000000000000000010011110101000101101010011010110
000110010011001110000000000000000000000000000000000000000000000010011110101000101101010011010110
111101001110000100000000000000000000000000000000000000000000000010011110101000101101010011010110
100010110011110000100000000000000000000000000000000000000000000010011110101000101101010011010110
000000110001111110000000000000000000000000000000000000000000000010011110101000101101010011010110
110000000111001010000000000000000000000000000000000000000000000010011110101000101101010011010110
100011100011100110000000000000000000000000000000000000000000000010011110101000101101010011010110
101010111101010011000000000000000000000000000000000000000000000010011110101000101101010011010110
100000101010001001000000000000000000000000000000000000000000000010011110101000101101010011010110
000011111100111000100000000000000000000000000000000000000000000010011110101000101101010011010110
001101011111111011000000000000000000000000000000000000000000000010011110101000101101010011010110
001100010011110010000000000000000000000000000000000000000000000010011110101000101101010011010110
110101010110111101000000000000000000000000000000000000000000000010011110101000101101010011010110
010110000100011101000000000000000000000000000000000000000000000010011110101000101101010011010110
000000111000100100000000000000000000000000000000000000000000000010011110101000101101010011010110
110101001010010000000000000000000000000000000000000000000000000010011110101000101101010011010110
001000101010001111000000000000000000000000000000000000000000000010011110101000101101010011010110
101101001111010101000000000000000000000000000000000000000000000010011110101000101101010011010110
110101111000110101000000000000000000000000000000000000000000000010011110101000101101010011010110
000000010101111111000000000000000000000000000000000000000000000010011110101000101101010011010110
000011010000010010000000000000000000000000000000000000000000000010011110101000101101010011010110
110101010010001101000000000000000000000000000000000000000000000010011110101000101101010011010110
010011111010011000000000000000000000000000000000000000000000000010011110101000101101010011010110
101110100111011101000000000000000000000000000000000000000000000010011110101000101101010011010110
001110001011001011000000000000000000000000000000000000000000000010011110101000101101010011010110
100001110010100100000000000000000000000000000000000000000000000010011110101000101101010011010110
000110000011001100000000000000000000000000000000000000000000000010011110101000101101010011010110
110111001111110101000000000000000000000000000000000000000000000010011110101000101101010011010110
010110001000010000100000000000000000000000000000000000000000000010011110101000101101010011010110
000111010000011000100000000000000000000000000000000000000000000010011110101000101101010011010110
011001000000001010000000000000000000000000000000000000000000000010011110101000101101010011010110
001011001111001000000000000000000000000000000000000000000000000010011110101000101101010011010110
001000011110110111000000000000000000000000000000000000000000000010011110101000101101010011010110
100001011001101010000000000000000000000000000000000000000000000010011110101000101101010011010110
000001111110100101000000000000000000000000000000000000000000000010011110101000101101010011010110
000001001001000000000000000000000000000000000000000000000000000010011110101000101101010011010110
101101110111001111000000000000000000000000000000000000000000000010011110101000101101010011010110
010000100101101100000000000000000000000000000000000000000000000010011110101000101101010011010110
011010010011100000000000000000000000000000000000000000000000000010011110101000101101010011010110
111110001111000111000000000000000000000000000000000000000000000010011110101000101101010011010110
010110110100000010000000000000000000000000000000000000000000000010011110101000101101010011010110
110011000000100100000000000000000000000000000000000000000000000010011110101000101101010011010110
101101100011100111000000000000000000000000000000000000000000000010011110101000101101010011010110
110110100010011000100000000000000000000000000000000000000000000010011110101000101101010011010110
100011101000000100000000000000000000000000000000000000000000000010011110101000101101010011010110
110011011100111101000000000000000000000000000000000000000000000010011110101000101101010011010110
100100100000001000100000000000000000000000000000000000000000000010011110101000101101010011010110
001100010101100110000000000000000000000000000000000000000000000010011110101000101101010011010110
100100011101110011000000000000000000000000000000000000000000000010011110101000101101010011010110
001101100001100100000000000000000000000000000000000000000000000010011110101000101101010011010110
011010101001001010000000000000000000000000000000000000000000000010011110101000101101010011010110
011001011110010111000000000000000000000000000000000000000000000010011110101000101101010011010110
110110100101110000100000000000000000000000000000000000000000000010011110101000101101010011010110
100011011010000100100000000000000000000000000000000000000000000010011110101000101101010011010110
000101001101111000000000000000000000000000000000000000000000000010011110101000101101010011010110
000101111011000110000000000000000000000000000000000000000000000010011110101000101101010011010110
011000011101010000000000000000000000000000000000000000000000000010011110101000101101010011010110
111100010011010100000000000000000000000000000000000000000000000010011110101000101101010011010110
000011011110011100000000000000000000000000000000000000000000000010011110101000101101010011010110
010101100110000010000000000000000000000000000000000000000000000010011110101000101101010011010110
110100001111101001000000000000000000000000000000000000000000000010011110101000101101010011010110
010111110010110000000000000000000000000000000000000000000000000010011110101000101101010011010110
011010001011100101000000000000000000000000000000000000000000000010011110101000101101010011010110
100001111100000000000000000000000000000000000000000000000000000010011110101000101101010011010110
100100110100101010000000000000000000000000000000000000000000000010011110101000101101010011010110
011110110111101110000000000000000000000000000000000000000000000010011110101000101101010011010110
111011011010100111000000000000000000000000000000000000000000000010011110101000101101010011010110
110001000101100010000000000000000000000000000000000000000000000010011110101000101101010011010110
001000101111101110000000000000000000000000000000000000000000000010011110101000101101010011010110
100010100010100001000000000000000000000000000000000000000000000010011110101000101101010011010110
010011000110000000000000000000000000000000000000000000000000000010011110101000101101010011010110
100100011100110000000000000000000000000000000000000000000000000010011110101000101101010011010110
100011010101100101000000000000000000000000000000000000000000000010011110101000101101010011010110
000011010010010110000000000000000000000000000000000000000000000010011110101000101101010011010110
100010010110010110000000000000000000000000000000000000000000000010011110101000101101010011010110
110110010000001101000000000000000000000000000000000000000000000010011110101000101101010011010110
001110010100010110000000000000000000000000000000000000000000000010011110101000101101010011010110
011110101011010011000000000000000000000000000000000000000000000010011110101000101101010011010110
101100110100110011000000000000000000000000000000000000000000000010011110101000101101010011010110
001001110001010000100000000000000000000000000000000000000000000010011110101000101101010011010110
101111100000101011000000000000000000000000000000000000000000000010011110101000101101010011010110
001101110011000010000000000000000000000000000000000000000000000010011110101000101101010011010110
000001011000101100000000000000000000000000000000000000000000000010011110101000101101010011010110
111101101100010011000000000000000000000000000000000000000000000010011110101000101101010011010110
011001101111000001000000000000000000000000000000000000000000000010011110101000101101010011010110
110111111001000000000000000000000000000000000000000000000000000010011110101000101101010011010110
111001111001101101000000000000000000000000000000000000000000000010011110101000101101010011010110
001110101110100000100000000000000000000000000000000000000000000010011110101000101101010011010110
101000101110101001000000000000000000000000000000000000000000000010011110101000101101010011010110
011000100101110111000000000000000000000000000000000000000000000010011110101000101101010011010110
111100110000110011000000000000000000000000000000000000000000000010011110101000101101010011010110
111010111011000100000000000000000000000000000000000000000000000010011110101000101101010011010110
011110110000110110000000000000000000000000000000000000000000000010011110101000101101010011010110
000011000000010100000000000000000000000000000000000000000000000010011110101000101101010011010110
111010011101111110000000000000000000000000000000000000000000000010011110101000101101010011010110
010000001010000011000000000000000000000000000000000000000000000010011110101000101101010011010110
001010111000111000000000000000000000000000000000000000000000000010011110101000101101010011010110
110010101111010001000000000000000000000000000000000000000000000010011110101000101101010011010110
101100101011111101000000000000000000000000000000000000000000000010011110101000101101010011010110
111110101101110001000000000000000000000000000000000000000000000010011110101000101101010011010110
111101100111010010000000000000000000000000000000000000000000000010011110101000101101010011010110
011111110001001000100000000000000000000000000000000000000000000010011110101000101101010011010110
111011000100000110000000000000000000000000000000000000000000000010011110101000101101010011010110
000000011111100000000000000000000000000000000000000000000000000010011110101000101101010011010110
101001111110110101000000000000000000000000000000000000000000000010011110101000101101010011010110
001110000110110010000000000000000000000000000000000000000000000010011110101000101101010011010110
100000101000100100000000000000000000000000000000000000000000000010011110101000101101010011010110
001001011111011101000000000000000000000000000000000000000000000010011110101000101101010011010110
011111011100011001000000000000000000000000000000000000000000000010011110101000101101010011010110
001001010001111000100000000000000000000000000000000000000000000010011110101000101101010011010110
001010001111010110000000000000000000000000000000000000000000000010011110101000101101010011010110
000010110000011001000000000000000000000000000000000000000000000010011110101000101101010011010110
101100001010010111000000000000000000000000000000000000000000000010011110101000101101010011010110
000010001100100100000000000000000000000000000000000000000000000010011110101000101101010011010110
000111111100000100000000000000000000000000000000000000000000000010011110101000101101010011010110
101100001101011010000000000000000000000000000000000000000000000010011110101000101101010011010110
000000111110101101000000000000000000000000000000000000000000000010011110101000101101010011010110
000001001000011100000000000000000000000000000000000000000000000010011110101000101101010011010110
000101001101001100000000000000000000000000000000000000000000000010011110101000101101010011010110
000011111010111110000000000000000000000000000000000000000000000010011110101000101101010011010110
000001010010001111000000000000000000000000000000000000000000000010011110101000101101010011010110
111011010000110000100000000000000000000000000000000000000000000010011110101000101101010011010110
101101101001100100000000000000000000000000000000000000000000000010011110101000101101010011010110
110010001010111101000000000000000000000000000000000000000000000010011110101000101101010011010110
100111111000000010000000000000000000000000000000000000000000000010011110101000101101010011010110
110010001110100000000000000000000000000000000000000000000000000010011110101000101101010011010110
100100110110100011000000000000000000000000000000000000000000000010011110101000101101010011010110
000101110100110110000000000000000000000000000000000000000000000010011110101000101101010011010110
000100001001100100000000000000000000000000000000000000000000000010011110101000101101010011010110
101000000001111111000000000000000000000000000000000000000000000010011110101000101101010011010110
010110100110000000000000000000000000000000000000000000000000000010011110101000101101010011010110
111111111010010001000000000000000000000000000000000000000000000010011110101000101101010011010110
001111101101011101000000000000000000000000000000000000000000000010011110101000101101010011010110
100110110001110010000000000000000000000000000000000000000000000010011110101000101101010011010110
000010110000100110000000000000000000000000000000000000000000000010011110101000101101010011010110
111000001100000111000000000000000000000000000000000000000000000010011110101000101101010011010110
010101011100011001000000000000000000000000000000000000000000000010011110101000101101010011010110
100011100111111100000000000000000000000000000000000000000000000010011110101000101101010011010110
010101000111010000000000000000000000000000000000000000000000000010011110101000101101010011010110
110000000100101011000000000000000000000000000000000000000000000010011110101000101101010011010110
100000111010110010000000000000000000000000000000000000000000000010011110101000101101010011010110
011001101110001000000000000000000000000000000000000000000000000010011110101000101101010011010110
010111110101111011000000000000000000000000000000000000000000000010011110101000101101010011010110
111000001011011000000000000000000000000000000000000000000000000010011110101000101101010011010110
000001011101010010000000000000000000000000000000000000000000000010011110101000101101010011010110
001010100110100000100000000000000000000000000000000000000000000010011110101000101101010011010110
100100100000100000100000000000000000000000000000000000000000000010011110101000101101010011010110
101110110000111110000000000000000000000000000000000000000000000010011110101000101101010011010110
111111011001001000100000000000000000000000000000000000000000000010011110101000101101010011010110
010010101101101100000000000000000000000000000000000000000000000010011110101000101101010011010110
000100111000100100000000000000000000000000000000000000000000000010011110101000101101010011010110
010010000100001100000000000000000000000000000000000000000000000010011110101000101101010011010110
101001110101000101000000000000000000000000000000000000000000000010011110101000101101010011010110
101000010110001010000000000000000000000000000000000000000000000010011110101000101101010011010110
000011000111101000000000000000000000000000000000000000000000000010011110101000101101010011010110
010111101011010110000000000000000000000000000000000000000000000010011110101000101101010011010110
101011011100100111000000000000000000000000000000000000000000000010011110101000101101010011010110
010100000100010010000000000000000000000000000000000000000000000010011110101000101101010011010110
110010101001010100000000000000000000000000000000000000000000000010011110101000101101010011010110
100111110001011011000000000000000000000000000000000000000000000010011110101000101101010011010110
100111100000100100100000000000000000000000000000000000000000000010011110101000101101010011010110
100100010000110011000000000000000000000000000000000000000000000010011110101000101101010011010110
010000100001111100000000000000000000000000000000000000000000000010011110101000101101010011010110
000010111100110111000000000000000000000000000000000000000000000010011110101000101101010011010110
101110000100101101000000000000000000000000000000000000000000000010011110101000101101010011010110
110010001100011001000000000000000000000000000000000000000000000010011110101000101101010011010110
010111000000111101000000000000000000000000000000000000000000000010011110101000101101010011010110
111011111101100001000000000000000000000000000000000000000000000010011110101000101101010011010110
001100111011011001000000000000000000000000000000000000000000000010011110101000101101010011010110
101010111011000010000000000000000000000000000000000000000000000010011110101000101101010011010110
011111100001110000000000000000000000000000000000000000000000000010011110101000101101010011010110
111001111110101000000000000000000000000000000000000000000000000010011110101000101101010011010110
100010010111100001000000000000000000000000000000000000000000000010011110101000101101010011010110
101010001100000011000000000000000000000000000000000000000000000010011110101000101101010011010110
100011100111111110000000000000000000000000000000000000000000000010011110101000101101010011010110
101110110010100011000000000000000000000000000000000000000000000010011110101000101101010011010110
000111011100101100000000000000000000000000000000000000000000000010011110101000101101010011010110
010111110010111001000000000000000000000000000000000000000000000010011110101000101101010011010110
010000101111100111000000000000000000000000000000000000000000000010011110101000101101010011010110
111000111100100111000000000000000000000000000000000000000000000010011110101000101101010011010110
011110101000001000000000000000000000000000000000000000000000000010011110101000101101010011010110
000000110011011010000000000000000000000000000000000000000000000010011110101000101101010011010110
100000101100110000000000000000000000000000000000000000000000000010011110101000101101010011010110
101001100000001100000000000000000000000000000000000000000000000010011110101000101101010011010110
111111110010010000100000000000000000000000000000000000000000000010011110101000101101010011010110
110010100011101111000000000000000000000000000000000000000000000010011110101000101101010011010110
100100111111110110000000000000000000000000000000000000000000000010011110101000101101010011010110
010101010010011000100000000000000000000000000000000000000000000010011110101000101101010011010110
101111001110010101000000000000000000000000000000000000000000000010011110101000101101010011010110
111010111100110101000000000000000000000000000000000000000000000010011110101000101101010011010110
100000011100001000100000000000000000000000000000000000000000000010011110101000101101010011010110
101110011010011000100000000000000000000000000000000000000000000010011110101000101101010011010110
100010010000001111000000000000000000000000000000000000000000000010011110101000101101010011010110
000011001001001111000000000000000000000000000000000000000000000010011110101000101101010011010110
111101011010111100000000000000000000000000000000000000000000000010011110101000101101010011010110
110011011111101111000000000000000000000000000000000000000000000010011110101000101101010011010110
000101000001001011000000000000000000000000000000000000000000000010011110101000101101010011010110
110111011101111110000000000000000000000000000000000000000000000010011110101000101101010011010110
110101010010101000100000000000000000000000000000000000000000000010011110101000101101010011010110
110011101111000111000000000000000000000000000000000000000000000010011110101000101101010011010110
101011101100001111000000000000000000000000000000000000000000000010011110101000101101010011010110
110101100101011101000000000000000000000000000000000000000000000010011110101000101101010011010110
001001011110110010000000000000000000000000000000000000000000000010011110101000101101010011010110
100000110111101110000000000000000000000000000000000000000000000010011110101000101101010011010110
010101100000010001000000000000000000000000000000000000000000000010011110101000101101010011010110
001000000100000110000000000000000000000000000000000000000000000010011110101000101101010011010110
011011100100111011000000000000000000000000000000000000000000000010011110101000101101010011010110
011100100101011111000000000000000000000000000000000000000000000010011110101000101101010011010110
010010100100000100100000000000000000000000000000000000000000000010011110101000101101010011010110
111110010011111100000000000000000000000000000000000000000000000010011110101000101101010011010110
000101011011100001000000000000000000000000000000000000000000000010011110101000101101010011010110
101010010011000101000000000000000000000000000000000000000000000010011110101000101101010011010110
011110101000000001000000000000000000000000000000000000000000000010011110101000101101010011010110
111000011110001011000000000000000000000000000000000000000000000010011110101000101101010011010110
110100000100001000000000000000000000000000000000000000000000000010011110101000101101010011010110
000100100011101001000000000000000000000000000000000000000000000010011110101000101101010011010110
110001101000111100000000000000000000000000000000000000000000000010011110101000101101010011010110
010101100000101000100000000000000000000000000000000000000000000010011110101000101101010011010110
000000000001110100000000000000000000000000000000000000000000000010011110101000101101010011010110
111101100111001100000000000000000000000000000000000000000000000010011110101000101101010011010110
110000100100000100000000000000000000000000000000000000000000000010011110101000101101010011010110
101010001000001011000000000000000000000000000000000000000000000010011110101000101101010011010110
111011110100000011000000000000000000000000000000000000000000000010011110101000101101010011010110
010000001100001001000000000000000000000000000000000000000000000010011110101000101101010011010110
000011001001100011000000000000000000000000000000000000000000000010011110101000101101010011010110
000101001011110011000000000000000000000000000000000000000000000010011110101000101101010011010110
100100011101001011000000000000000000000000000000000000000000000010011110101000101101010011010110
101001000100110111000000000000000000000000000000000000000000000010011110101000101101010011010110
001000111100111000100000000000000000000000000000000000000000000010011110101000101101010011010110
011110001011100110000000000000000000000000000000000000000000000010011110101000101101010011010110
101111101001000111000000000000000000000000000000000000000000000010011110101000101101010011010110
001011110100101101000000000000000000000000000000000000000000000010011110101000101101010011010110
111100000110000111000000000000000000000000000000000000000000000010011110101000101101010011010110
000110101100011000100000000000000000000000000000000000000000000010011110101000101101010011010110
000101010010111001000000000000000000000000000000000000000000000010011110101000101101010011010110
000011001010100000000000000000000000000000000000000000000000000010011110101000101101010011010110
100101110001110000000000000000000000000000000000000000000000000010011110101000101101010011010110
011100010011110010000000000000000000000000000000000000000000000010011110101000101101010011010110
001110111110000110000000000000000000000000000000000000000000000010011110101000101101010011010110
000101111110110111000000000000000000000000000000000000000000000010011110101000101101010011010110
100001111000000000100000000000000000000000000000000000000000000010011110101000101101010011010110
011101100001011000000000000000000000000000000000000000000000000010011110101000101101010011010110
000000001110001100000000000000000000000000000000000000000000000010011110101000101101010011010110
110111100110100100000000000000000000000000000000000000000000000010011110101000101101010011010110
011001111110110001000000000000000000000000000000000000000000000010011110101000101101010011010110
010000001100010101000000000000000000000000000000000000000000000010011110101000101101010011010110
100110011011001110000000000000000000000000000000000000000000000010011110101000101101010011010110
011000111010110001000000000000000000000000000000000000000000000010011110101000101101010011010110
101000110101001011000000000000000000000000000000000000000000000010011110101000101101010011010110
000110110110011110000000000000000000000000000000000000000000000010011110101000101101010011010110
011010011100111111000000000000000000000000000000000000000000000010011110101000101101010011010110
000100011111110011000000000000000000000000000000000000000000000010011110101000101101010011010110
000011100110110000100000000000000000000000000000000000000000000010011110101000101101010011010110
001011101000101000100000000000000000000000000000000000000000000010011110101000101101010011010110
101101111100010011000000000000000000000000000000000000000000000010011110101000101101010011010110
111110011110110010000000000000000000000000000000000000000000000010011110101000101101010011010110
110010111101111100000000000000000000000000000000000000000000000010011110101000101101010011010110
001111010110101010000000000000000000000000000000000000000000000010011110101000101101010011010110
100111010001001010000000000000000000000000000000000000000000000010011110101000101101010011010110
111011110010111001000000000000000000000000000000000000000000000010011110101000101101010011010110
100011111100100010000000000000000000000000000000000000000000000010011110101000101101010011010110
101001000111110100000000000000000000000000000000000000000000000010011110101000101101010011010110
100001011011110011000000000000000000000000000000000000000000000010011110101000101101010011010110
011001001000110111000000000000000000000000000000000000000000000010011110101000101101010011010110
101100101011010001000000000000000000000000000000000000000000000010011110101000101101010011010110
101001111001110111000000000000000000000000000000000000000000000010011110101000101101010011010110
011011010011111110000000000000000000000000000000000000000000000010011110101000101101010011010110
000000011011010011000000000000000000000000000000000000000000000010011110101000101101010011010110
111011000100001100000000000000000000000000000000000000000000000010011110101000101101010011010110
010011101001110000000000000000000000000000000000000000000000000010011110101000101101010011010110
000000101001101000100000000000000000000000000000000000000000000010011110101000101101010011010110
100001100001110011000000000000000000000000000000000000000000000010011110101000101101010011010110
