111010111111001100011101001010111110011100111000000001001011011100111010001010010101110101111001
000111101011001010100010110001101001111001011101001101111100011010100000110001001001100100010101
010001111110100111101101100001010000110110110010110001111010010100100111100011000111100001011011
100001011000010010010001100010010011010000101001001000011001111101010100100101010100101110010101
111011111111110100010111110001000000000100101011000111111011111111000000101010001110101001000010
101011000001000011010000101100111001100001001101110111111011101110110100001010000010111000001000
101101010001111000111011100111110101011001110000100011110101000011000110101011111001000101100010
110000101110101000011100010100110001101101010001111111111101011011000100101100000011000000010111
010101101001001000100001100011111000011111000111111000000111010100001011101111001001111011110000
000100001100101010011010000110101111110111111110000101010101111111110000001001000101001001000011
111110011111001010001101110010100001000100111001011111110100010111111010001101001101110100111000
001101010100110111100000011011001000010100000000010000100000011101100010111110111100010001101000
010110111100001011000001000110010000010101010001010001000100111100111010010000000110101101110011
110101110000101010101101110010101110000111110001001011011101111101010010011001001100110010100010
010101001111101011011001101100110010101001000111001010111001001111010011000100010010010100000011
011110001000000110001011100011101111001011001100001111110011001010100001000000011011010010011001
000011100111111001111000110001111101001010011000111000110111000010001101000010100010000100010110
100110010010001010001110100101010001101010101001110001000110010101010110011000000001000000010110
111111010011101100110110001100000011100001010001001101001000100000101011000010000110011100000110
000110110111011110110001111001101100010100010001001001010001011010000101110110000110101101110001
010000111010101111101110110000110101110110101110110000010100111101110010101111110001110100001010
011111111011111000010101000011011010100101100010101000100110010101010000001001011100100001100000
010000001000100101010001011110100100111111001001011011011110111101000000000110011001011011011001
101001001000101100001001111101100110110111001010011110111100110111110000100111100000011001101101
000110111011001011010000001010011111100111001000000010100010101010010001011100110111110110100001
110000100100110110101100000111101100010101000000010001110101111000000011101111101100100000101000
110110001110011000001100011001000000011011110001010101110100111001111100110101010111000111100000
001011001010000110010101001001110010101011101110000110101011111011111000011101100011111001011101
100100010011011100011100000100010101011010001011111000110001001110000101001001111100110010000010
110101110001101011111101001000111101000101001010111111110011010000011011010110110001111011111110
010100000010100110111010100000111010111110111100111100110000111111010111000100001110101010100110
100010111101100010110110001100010110100100010101000101110111011001010010100000000001000101000101
110100111101110100101010000110100100010100110010110001101000111111001100000101100001011111101010
011100010101000100100010110010111011010100101111100100100100011110100111001100000011001100011111
010111101110001100011100000010100011101000100101110100000001011110110001110010010011010011000110
001011100010100111101001001001100111000011100101001010011101001010000100001101010110110001011110
111000101010101110101110010010011101000111010000111101011101011110001010000001001001110010100000
001001101011011101101101001011010110011011110101101111001101100101101101000101010011001110101111
101010101000010000001111001110100110001110111110100001100001011011010100010000000000111000101101
011111000101110010100000010001000000110101001000000100010110000111001110010101001001101001001111
111111100010000010100111001011011110100100000000100110010101100011010001101011100001100111100011
010100100100110000100111011100110010110001010010101100111000110100001101101111101011100110100100
011101000110001110110010110101010110000100110011010101000110101000001101101110011110101101010001
110001111011001101101011111000001001110001110110100000101101110110001011001100010101101000111110
111010000010011011100011111110100101000100101101000111010001111010110010100101111000000010111110
010010011001110011101000101110101101010001111011101011010001101111110011000100101110001001100001
110011001111010101010111000011111110110111011110100101111000101000100100101011111001111110111101
100100101100001111010000001010010011000110010111011111111010110000001101000111001101000110111110
111010111001011101111000111000110011101100010001011011000001101000101101011100010010110101110111
010101001100101011111010000110101110100111101111110001011000010010000001011010110001101101111011
111111011110011111111110111100001100010111110111000101100010010001000111111010011111100000000110
111110111000110010111100110110011101101011001000111100101010001110110000000101010111011000100011
100010101000100100000110101110000001010001110000010101010011100001101111101110001011010100111001
110011100011110111101011011110101110111110100000010001010010000011000011001001000111111100010101
000101000001011111100011110111110111011010101011110001010010101110101011011011100010010111011011
100101100001111101010101101110110010100100110101001001011100000110011111011010111100100001111111
010110001000100010101111001110111101001001011111011100100000011110101111110011010100101001001101
010101110110101011001111111001010010101100110001101001000010100000110000000011011111000010011010
011000010100011010010011101110100111100100011111011010110010101110011111101110111001110111100000
110010101000001010111011100111010110110100001111100110110011101010111001001010100100100001000010
010110011101111100100011100110111011000000011101001001011111100100001110000101011011110100000011
110100010001110000100011010010110110111101110110111110101011010100001100000100101011000010011000
110101100100111110111011011001101011100100000011110001100110111010110101001111000111011111010101
001100101001111110100010111000110111111111110000110000000100111001000110110111001011011110001001
011010010000110111011111111000110000001011001000011011100010101000010110001001010010100100010001
101101011001010000001100001010010101111111110100111010010110010100101000010000000010110111101110
010111111100000010000011101011110001001001110001100001000101101100110001000010110110010001100011
010001001010100000001010101000001111011010011001000111010100111100010110011001011011101110100110
101000011110011010101101110101001100110001001001100011010110000100001111001100111011001111001110
101111111110010011010001111110101011011101100110100101010101011000000011000010100100000010000010
011001111011111001000010000110101010111100100011111010001000110100001000100101001110101011110011
010111001111110111011101110110100101000111111101111010100000111001000000010101000111010101100100
101001001101111010000010011000011101101110101101001010100111000101000110000110100001101001010111
101001010100111011101000101001111111011001100110011000010010110110011001000000110110011100001000
000001001111110010111111000100011011110111010110011010001100111100010001000101000110101001101001
011110111010010001000010100101010100011001000101001001001001000010011110110000011011000101010001
110010001010010111110010111010010010000100110100000111100010101110101100010011100100011001110001
000101010111011011010111110000100001111110000000101000001100101101001010100001011000101100000011
010110011011000001010011110010111001000000100010011000011101010000010010010101111101111000111000
100010110111111101001010101010110010100001001100011001111000001011111101110011010110101111001100
001110010101111010010101101111110100010111111100000101100011011001101100011101000101000001000011
010011001010011110111011010001010000010101101011111001010110011111101000101000100010001100000000
001101000010010001000100011101010000101000101001000101011101101010000101101111101000100001110101
000011101000110100101111001011101101011100101001111010101001001111111110101111111010000111100011
010110011100010110101100100000011011011110011001000111011111101011100010010000000101010100101101
010010111000111011011010101000110011100100001010010001110111010001010011111011110101101101000011
101100000000111000101001000010101100001010100111000100010010100011100000110010010110110010100100
110011110100100100011110000000010011010010110011100100111010011111101001101100110000000011101111
110000001101110011001001100010001011011010111001001000110100110011111101100000010001000110101000
110110101110010011000110011111010011110010001101101110011001100000001101111001000101001110010010
001000110111001101110110111101101011001100101000100011011110111011001101111000101010100110101111
111111001001000111011001101101101100011010110101110111111010001101010111101110011010101100101101
101111000000000100010011001010001101101110111111011100111101011011100101000101001100000000110111
111000100101101111110111110101000000011100011101110010101000110010011110110101001110111001000000
010000001101010000101111001001111001001010000010101000110001010010111110111100010111101010110100
101011001001011000000011110110011110000001111100000100001010011010001010010011010001010110001110
011110000110011000011001110101101101111100011010100110001000100010101111111001101011000101100010
101011111011011011011100001011110100100000100111110111101010110101111100001100100010101000001101
011110100110111000011001011110101101111000101110000001010110010010010110000101111001100000101110
101100100011101010010100011011000001101111000001000100011010001110001100011011011110010001001011
110000110101010000011001001101010111100101011001110001101010111100001110111000010110010101010111
000010011101110001101000000101111100111111011111101111111101010000100111001000100101101011011011
111101111010111001100000111111110111001010000011100100011111110111100111111010011101000101011100
110111001011010011011001111101100111011011110011000110000010100011110101000000110110010101011010
011000110000001101010011111010010111101000011001001111010001000110010011101000100001001101001110
010110001000100100001001011101010100111101110100101100100001110011011110011001010011010000011110
000111111010101000101011100111011001010010000101111001000101101001010100101100100100111111100010
000001100011110101111101100100100000100110000111101011101110101111001010001101000000111111010010
001100001010010111100000000010111110000001100110110010001100010101111010011101111010011111101111
100101100010100101111111101000000101001100010100101011000010011010111000001110101001000110101101
001110100100100110001101000001011000101100011010001110011011110111100111000110101000000100111111
001101000110011000000000010100011001101111011001101101001011101001000100111111111001000000111110
111100110011100100010001100110001000111010010110001010000000110010101010101100010101100010000100
010111010111001011000001010110010010011001001011101101001111000111110001010001001101010000001111
111110010000010111100100101001100000001011011011111011000001001111101110111100111010001100000001
110101011111111101000111101100000101010011010001111011100000101000111000001110001010110010101010
110111000001111101100110011001101110010110101011010000011001001111010001011100101000100010111100
000110111011011111001001111000001000101100111011110011110110110000100011111111111000011011010110
111110001101010111101100001100101111101001111000011001000111001001010110111010000111000100100100
111110111111011010110100011100111010111001100110001001011000110110101000000100111010011000110100
000110101101010110111100110011000000110010110110001111100101101000111001001010100000111110110101
010010011111010000010110110010001001100101010100000100110000111010011010001111001001001100001001
010100100111001010001000101000100110010111000001000000011110100001000011111100010000101010011010
111010110110001111011001001110010000100110010010001011010011010000101100111010110011011110110110
101001110001000000110011100100011101000001001110101001101010101001101101011000011101011011000011
011110010011111100010111011010100101111110000000011111000111011010001100001100001000101000000010
111111010010100110100110000111111111101000101110000001000110010000010001101011011010001100000111
110100000001111010111011101110011001011001101011001100111101011110111010000111001111100111011110
110100101100011111000110101011110101111000110011001101110100110101001011110000101000100000000000
000100001100011101101111100000110110001101001101111110011011000101000011010101111010000101111111
100000100001010111101000101110111000111001110000001111101011101101101010011000000100000010110001
110011100101100111100011010111010001001100010110001111100110011101001000111101101110001110110101
010010011110010010110111010110100000101101101100100010101001000110101110011001011111101000111100
010101100100110000110001011110010010111100000101000001010100110000001011011111100101001001011011
010011110110000100100101100010101001111101001010111010111101011110001001001010010001111101001011
100010111110100000111110111010010111100111110010101110000110100001001111101000001001000000100100
000000001110000011100000110010000100000010000111101001001001000011010100111110000000011100010110
111011000111101001100011010011101001101111110101111100110001100111010010111000100000001010001111
000000111001111101001110010011100000111111011110100101101100110101000011011110001011101001110101
001000100010001001110011100110110001001101011101101001110100111001101100101001110011110011000101
100100011001100101010111010001101110110111110100101010011001001111101111000101010100001001010001
110001110010101101000010001011011100110101001010001101101111110100011100101111100001100010100110
000001111101010111000010111010011010001110010111100100001000001100011111101000111100001101100001
000100000010101111110100000010011111100100101100110100010001111011011111010010010100001000100111
011100111011011001111110110000111011100101110001011101101111101111010100010101101110010101001111
001110011110010000010011110010110110000010011010000110011001101010011101100001101110000010000111
000010010101011101000011110101110111110110001000110011001111111101100110000101100010010111011011
001110010011110111000000000111001110010000000010010010001101111100111110000111000111011000110100
111000000100110100000000111110110010110010111101000111011101111010010011011000010011101010101000
010101010000000110100000111011010011001110011111111010000111110110100011100100101010100100101100
000111000100011111101010111001111110001010000011110100010000100100110001110101011101010100011100
010111001110110111100010000001011000000011011011100010010011100001100111100001001001011101001001
100110110010100010101011000000100000101000010101111000001101010101111001110111011011101110000010
100000101010100010100110010011010010011011001010001111111110110100101111010001001000100110101110
110001110111110010101011110000001010110101011000001111010010011001011001110001100110111000001100
010010011000001011111110011001111110011000010011000010100010111011101111011001011001110001100010
000110100111010111011011111100111000110011011101111001111100000010110100001011011010010110111011
000111100001101101100001000010010000110000011011000110111110011011110100011111000000011111111001
010111000111110101011011111111111100011011110000101100101100001011000001100010011111010101100110
100000111011000010000101001001101001101011000110101101100011011000000111001010001010001111100010
110110010000011111100101011010001111110010011001011111111111101001110110010110010111100010000011
101110101001110011011011100000010001101101110111100111101110001101011011010011011111100000011100
111010111011100010100010111011010010001011101100010010101111011110101111001111010101001010010110
110010001101001111000111111010100101111011100001011111010000000001010101000010001001000100111010
011111011111100011000111010100100001110001100110010010101111111010110101101111110000111011011111
010011010000110010111111000100011011111100110110011110111010101110100001101100001001101101110000
111100100101000010100001111111100001001010111101100000100001101000001001010011010001001110010010
110011100011001100010100110000011101100100010100001011111010011101000101011111110000011011111011
111101101101101000000100100101010011100000110110111010110100011110010110001010101100011000110101
000000000011000100101100001110000110110101111000000010010101100101000001000100010011100110101101
001000111100111011010100010111000110011010100001011010111101111001000101100011111011111110101000
100010011011010010000001001000011110010000001111110010111101100001111001011001101000011110100000
101101000110001111010111101001110101010001010001111111110101111110010100010000010110111110101011
111010011111110100000001010011000100011011011010100111001111000000101100111011110111100011011000
001011011010011011000100010110101000111001111111000000011110011000010101010010111000101011111011
110000000011010101000010011110000001010010111110111100110001110100101000000010011001101001001011
100111010010001011011001010011011100010011111101010100000010010000100000000000010100111011000101
000111010111100011010110111010110100000110010111110001011110011000011011111110010010010011010001
100111101101111111001101100001000010000101111010110110001000101101111110010000001111111001111100
010100010010110111101101011010000100101100010000001110111011011101110101011011110011110011100111
100001111111001000001001011110001110001000111000000000001010100100010101101100111000000011010101
010001001100101011000110110101101010111110100010000100101110000101111110101111100000010000100110
010001001101101100010001010100100100110011110110111001111110100100010111001101101011000110111000
111000001101001110100100000100100100011011111101011110010000111011110101000000111001001011000011
111010100110111011100001000100111111110001001000000010000000110001011110001100001010011010000111
100101001010110000111111101000111100110001101000101100011110000111100010100000000110101101000001
101111100010110001100111010011110100110100000001011100111010110110001101110110001010010010101111
100100010000011001001101000000111111100110110000000101011111000011100010111010000110000011111101
110101011010000111100101111111110000001011011110110110110001111001000011011000101000110110011010
111110110111001100100111010101001011101001101010000011111110100101000100101000110100011010010110
011001110001100111011001101011100111111111010001111100011111101011111010111110010000101101011111
101111000001100110000010011101111111001110010111010001100001011010010010001001110101101010000001
010010110000100101111111011111101000001010101010010100010011001000011011011000000100001001010001
001011000011010001010001001010100000100110010100000000111010111101010011110000010000111101111001
110100101010100100110001111101011011001000010011100000110011011111001111001101000111111111001000
010100101110111111001111010111110100111101100101101101000110001001010001000000001011101001001000
000100101000110001110101000011101101100011111001110101001101110101100001110100110100111110010011
111100010000010111101101001110101011111101011000111011010110111000011110100010011001111000000001
110101010100100110001000010010010110011111010101110110000101010111100000111010000001110010111100
000101000101100100111100101101111001110110000100111111101011011001101101000100110011001011000111
110100100000001001110101000001001100001110110111101100100000111111100111110010010110001111000011
011100110011111101111001000001110001000000001101010111110101100111011000001100000010000011110111
101000110101001100100100001110001011010100100010001011111000000000001000100100011001000011011110
110110011010001011101100011000111100011100100010001111111001101011010100001001011101011101100001
001100001000000001101011100101111000101000110011001000111111001000001010100100010001111110010000
110100001000000100011101111101111011100000010011111010110100011100010010001001101111010110100110
100101010010011100111001011110101101011111010100110111010011000101101001000111110100001000010101
111101110101100101111010010001111101100011000000100010000101110111100011010110111001101111011100
001110010010100110100010111000101110111011100010010110100111111010111111001111000010110000110100
010000111101011110010001111010011101110111111010001101101011001110100010001000000001001010101100
011100001100011100010101100000000010011010111110111011111010100100001011010101011001101100101100
110010001101001111101011101110101000101001100110000010001000101000100001000010100100011001011100
111100100000101100110110100001000100011011011011000011110110011000010111100111111111000110011110
100101001011111110110111000110001010010111011110111000001001010101010010110001001001100001011101
000001100100001001010000011000111010001010110001011100010010000011001001011111001010010111101001
110000000110111101001111011000010111010111111110001000100111001101111010011111011100100001010111
111001000000101011110111011100111001001101100111000110011110101110100000111000001001011111011000
111101010110111001010010000111000000010101010101111110000010011001111010100111101100000001100011
011010110100101011001110101101101011110101010001111110010010000111111001000011001110110010101001
000010110100000100111111001101001100110011100001101000111100101001000010110010100010111101100000
011110010111001111100000001011100010101100111111100000010110010101000111001111010110100000110111
010000000000110100111100100011001100100011101100001111111100110111101110001101101000100100000011
000011011011100100000110100001110110111001111001011100001011011011110001000000100110000100100101
101000000110001000100001000100001000000011010000011001011011001010111101111010011010110110010001
110111111100001111100110010110110001110000000100001010011000010100001000011110011001101100011110
111000111000110110111000111111000101001011110001111110111101100100010111111000110000001100001100
000110101111000010001101110111110011011101000100000110110101001010011100101100011000001110001111
000100000000111010011100001100010110110001100110100100010001011111000010010101101111101101101010
000010100101111011111111010011110111010101100010110011100001101101010001101111010000100101100111
100110110111111000100100101010100011001101101100010111000010001110011011001111011011101011100100
100010010100100000010110010110000010101010010001111110110011100001010100110110110001101001011011
011100110010100111000110100000111000000011010011111010001101110100000110111000000010010011100010
001100001110000000010001000110011111100101111011011100001001101100110001000000111110101101001111
011100000001001001111100010000010111101001010110001011101111010011100001011000000110101010001001
000010010001011111111011101001111111100110100110010001001010010111010100100010000111011100100100
011101010110011010110111100000111110011110001110011011111010000000001111000011000000011000101100
010101111011000001101010001001101010110001010000111101000111001100110000101110111010100000010001
111110111000001101011010110111010000110010110010100011111110100001100111111000010101110100011011
101100010011001100011011011010110110110101011011101000001011100011101100100011011101001101101011
111011100011101000111010110011010100100001011111010100100101001100001000001001000011000110010101
001011100011100001000010100001101001101101100111110011110111000111011110011111011110000011000110
100111010110101100011100100011011110100010111111011111111001111101010101100001100101111100110010
001101100000110101001100000001100001110000011101100010010101010110100111100000010000110101000010
110100000010111011100010111010010100111001111100100001010110100011100000111100001001011101110000
000011001111001100010111101010010000001010110100000010000110000110101010010001001000000010000101
100000111001000010111101011010001110110111000001111000011101101010111111010001010001001111000001
000100001011110110010101011111010001110001101010000011001001101001011101100100000101100111101110
100110001011100000101011011101110111100110100110111000010111111000100000100001010001010110000000
011010010010101011010100111110110111000011010111001000001010011001111001000101000100001000111011
011000011100111100001111101011111100101001100110100011101010000101001011001010100111011001110100
111101010110010011100111001011100010001011000011101011110010000100011111111001010010111010101101
011111010111110100110011111010100100011011110110111101111010101001011110011011010110010101011101
100010110011101010000000101100010110101000010100110101110101110001100000100100001001110100110100
111110100100010001100101100000001101001000000000101101011011110000011000011011000000100110010001
100101000011001011011111110110010101111111110011001101101101110110110111001000100010010100110001
011011001011010111001111010110100011011111011010000010110001101111110101101110100100101011101101
011001001010111010001010011010100011011011101010100110110101001000101010000000101001110111011000
101000000101100110000100011001001101010011111010000100011011000111110001111110100101010011101001
000010000001101100010000001011001100100110010011000011100010101001000100111010110111000011111110
101101100110011100101010101110011010011001001110101011010011011101100110011101000011010100111001
100000110011110111101110100000001110101010100101100011011100011001001010110001110000110101110111
101010100010010110001011101011101110001100101101101100111110110010001101101010011011011011001010
110111100100011010000000010010100011101001001010011000010101001100110111010100001001101010010000
100000011011101001010001011111010010110001101111110001011101111110001100100001011110011111010001
100110001011110001011010011111100101011111101010010101101011111111010000101111111010111111100111
100111110000101001010110001111101101101010010111010100000010101100001010010011000100110011110001
010100000101101110111111010000110000100011001100001110011000000111010101100010001010100010101011
001110110110110000101010001010110000101010011100101101010001000000000100100111000100001100001001
101000111000011010110110011101001011010110011000000111011101101110001111101000011111010000111010
100100101111000101100001011100100111111001011100011110100110011111101100000000010011100001000111
000001100101101000011111001100110100100010111111111011110100011001101100011101110101100010011100
010100100010101110111011110100100000010011100010101111100101111000111100100011011011111001011000
010001100011101111010111101110101001101110010000011010011111001010101001101011000111000111011100
010011101010111011000101001000000011101110101111100111010111101101011101001000011000011010010110
011111010000001101010000111111010011101000110001011000001111001011110011111101010110100000011101
110011111000101000100001111110110011011111001010101101010110010100100111100011111111001110100101
100011010010000110111000111011011000011011000110000111001001010101100101010110011011101111101111
111011001101000001001000010000001000110101011001001100110100111011000110000000100101010011011100
010000100100110101000000010100011011110111001011111101010101001111001011011101111000011010010100
100101010111100000010101110111010110011110001101000000001100000010110110101000111100001101111100
001100010111100101110100101000011100100000000110111110111110000010100100101001111101110000010010
000000010111010010111011101001011110011101001111001010010100011000101111010110111001101100010101
111100111101100111001010100111011001011011110111011100110010000111001101110001001111010110110101
101101000100111110011111000010001101011010010100111100010011001100111000101001111100010010000001
101110011101100110010011000011001011010110011000000001000110111101101010000001100101010000011011
111010011011001111010010101111011000000000111100000101111100110110000100100110000101001110001101
010110101111101011111111101111101100100010001110011100010111111101110011111111111111101010111010
101111011101011011101100101110001010001101011101110011011010011100110110001011000011001100001100
111000001000100000111100111010010100111011000110100111011100001000000111010101111000001111111000
100001111011110101111101111110110011110101110111001111101100111111011110110001100001110100111001
111011101110110111111110011010010110001000111011010101111000100010000011111110011110011101011011
101111111000000101100011100100001011011000001100110010011101000001011011000111111101110001000100
010001110111100110010101100001111011011101000100000111111010111011110101011110101010011001100100
011111110000110001000110000000000110111001100001010011010100110010001111001011111101110000000100
111010101100101000001101110100111111111101001001001111100101011110000001111010100011101110111001
011000101011101101101111001001111110100000110001000000101110101101111110111001000011111001100111
101010100111110000000001111111101000010100000101010000010000000000111011110011011010001010101001
001101111110100111001110001010011011111001111010111001000001011011011001011110000111011011100000
010010110110101000011001100000110011101000011010110011110111100111101100010011000101110101110011
010010101111001100010110110001001001001001101010010110111110010011001000100010110110000101110010
010011111011110110000101010001000011100011011110000010111101110011101100110100000001011101101011
100010000000011110101001000010110111110011011001011011010101010101001110110110011111111010111000
110110100100101110101001100011101100101011110101001001000110101000001100100011001001011110000000
101000010111110111100010111001010010111100000110100100011001001011100111000010001001011110100011
011011110101010000100101000010001111000110011101010010001111000111100110001011100000010110001001
101010001101000000000011101110001110001000011000110011000110011111001110110010111011100100011010
100000101111001001001011000011101100100000110011000100010001001010111011100100010100100111100010
100111001100001011100001010101101011011100101100100001010101010011001100100010000110001100100001
111001111101101010100011001101100100100110010011011101101101111010110101101101100001001000011110
010101111100000110001010010101001110110000000101001101000011011100011100010001001000011110111011
001010000110000011000101011001111111100100011101011000001010100110100101111110010001110100111000
001001010010100111011111011010001100011011111100111101101101010110000000011010000011111010101000
110101110111111010000100010000010111011000111100101110101100101001110010000111010010001011001001
110001111010010011000001111101000011100001111010010110111010111101100110110101011101110101011110
100000001000101001001100001101000010101100000000000000000110000111100010011001011100000111001111
000100000100111010001101001011000110000110010100111110000101010110110000010011001111110100001000
000011010100110110000110000000110111110011011100110010010010000011110110100001100000110001010011
000001111011000001110110000000100011100000100111111011111000001111011010010100010111001011000000
100010001101001000001111000011101001101000001010100111110010110100011001001111111010010001000010
010010010000110000010011010100001010100011111100010000100010000011010010000011110000101010001010
100000010001110000000110010000001001000001110000011101011100110100010011101001110010000100001011
110101000001100110011101111101111001000000011010111001100110111010101010011100010111000100010110
011101000100101111000111110010111110101110110010111100011010111000110011101010001001011111000100
000111111100011010111010001010001011100111100111101000010010110110111011000011111001111100010000
000001111101010010111100000010100110011000111101111001101000101011001011100010111111100111111010
011001010010111000101101111000010110010111110010100110001000110011011001011101101011011101100011
100001000101110010000111110010010011001001010101001100111001000010111101001111010001011000001110
110111100000111001100011101000111000111011111001111010000010010100100001010010100001001000011011
100101011010110010011011100101000110110111000001101001110011111101100100001101001111000111010101
001011110111010111111101110100101010001011100111011010101110110110001011100010001101001110110110
111100001110001011100000101011111110001101011000011110000000000110100011101000010010000001010111
111010011111101111010111011011011110100000100100101111010110110100000101101000011110111110011011
001101010100110110111001110111100100001011011000000001010110010011000001110000001001100110111110
101100010011011101011100000001101000100111111101110100001011101110000111101100010011111010100101
101001100100111111110110101110111010111000110101100100100001101000101100110001011111000011010011
101001001000111101000100111000111000011011001100100010000110001011000011011100101011101000001100
000011101100001100111000110001100110110010010110010110101000010000010010101010001010100001111110
010100010010000000110000100110100000010011100111011111111000100111111011001100101111101110010101
111101010110111111001110110101110101101111010000011011100100101110111010111001110101001100101110
101011010101101010001010010110111101100110000010111101111000100100110110001101010101101010100010
001000100101011111001110110001101001011001111000000100001010000111100001010010010101100001011010
010001010110010010111000001010000111011010011010011010110101110010001010111010100000010011100000
001110100001111010110100110011100111010110011011011110101111000101111011001011001100110101110111
010111000111101010001011010100100111111100000111011101001100101111010111101010101100100101010111
010110100001001011111100110010111001011100100111010110011010100100011001111010011101010011000011
110001101011111011000001001010101111001001101001111011011001000111101010011001001111111111101011
011100101001000111100111001001000110001110101111011101010111111101001000010000110100010000111000
100001110100111000110101101100110000110001101110110011101100101010111011100111000001011111100010
010100000000010011110110010100000111100100110011010111100100100011100101110100110001101110011010
000000101100101101001100111100000001100110010010111111011011011110110110101101110001001011010100
010111110000100110101111001110010100110110000100110010011100011000001110001001011101100110111111
101100100010001101011010100100001000101001100000001100001011001001001110110100000010101000000100
100011110011010100011100010001010101001110001011100110111101100000001111110100000100010111111010
111111111011011001001010101101100100110110100000100011010101110010111111111111011011001100111100
001001111000001101000110111000000010100000101110011100111011010010100010101000001110000110011111
111111111011111110110101111110000011101101000101100100111100101001100001001010111010000110100111
000000010000011110110010111010101100000100011010010101111001000010110011001100010001101011100011
010100001001100110000110001010001001001001000101100001110100010010110001111101011011110001010001
110011111110101111100111001111000010010111101001110011001001101010100111000011000101011111001111
010000000100101111111100111110001101111110011001001101011010001011101111000100110110100011011011
100100001011011001110011010100010010101000001100100000110101001011010010101100100111101100110111
101100001111001101000010011101010100101101001101101110010000000111110101001001100011010000100000
110100110111011011110111111010101100010001101111000100001101100111001111110010011000100001001101
011110010010100111010101010101101111011001000101101010010001011100110111110011100110011011100111
101101110100001010001010011010111000111110000110010010100011111110101011010000110100011001111010
100110111011101010010100111010101101000000110011000111011011100111000001110110101101101101100011
100011110011110011011100010001001111000111000011101101011100011011000001111111110101110111101011
100111011110111011000100111100101100011010110100001010100100000101001001001100110011011100011010
110000111001101010110011100011001111100011001010010111001010010011110100010101010000001110110111
101011011101100100000111110110100010101111101000011111000100010101000101001001001010010010111001
010011100100100110100110110101110111111000110101011111001101101010110101110001011101001110001001
100001010100100011010011001000111010000101101000100111100111000011000111100100011000011110000100
101110111100011101110110110111001101000010100001110101010110000010111101001011110011001010100100
011110111111011100011101010101101111101101111000010001100000111011011010001110101000011111100001
001111000010101111110111101101100101000001001110110111000110100110110001110001101110110011000101
000100100101100001110100100001001111100110111100111010110100001110011101110001101100011011110101
001111110101010110011011100110010000001111011011100101000001101100100000001111101001011101111110
111100001010110100101100010000001101111010100011101010110011111000111101001000110100110011000101
101010100110010100100000110000101011100010000101111001000100011101101111000001000011110001001011
000111100000000101000011111001101111001010010001110011000010011101000111011011111011001111101101
110010001110000011011001111010111110011110001111111000110111101100101110100010111000101011000111
011010111010001111000001001011110010101000110111001001100010011111101100100110001100111010011100
010101010100100001011000101100001010000011010000111111100110011100110011001110110011011011111110
010011111111100101111000001100110110011111101010100111110000101011011110110111110001111000100010
100010010111000100001011110011111000100001011001001011100011110110110111111011100101010100100000
110110010100010010111110110110111100111111111011011100000110011100001101000100101110110011000010
111100010001100111001111000000111000010000101010011010110101100000010100101110100010010111100010
000110110001001010110000001101010011001001100000100100000011011110111001110100111111000110111101
001001011110110101111101000011001110001111101001111000010011111100101000000101111000111011100000
011100001011010011111001000100001111001001111100111011011010000100011011011110000011101110111001
101101101101100101111000111010010101010111010110111011101010111001111100011111000100111110110100
100011101010110111100011001010001011000110010110000101010110101000001010010110001011001111010101
000110101111101111011100011011000100011101011101010101101001100101110011111110110011111111001001
001101100101101000110001101001010100101101011110001100111001110100110100010110101110010000000000
000110100100010110100110001100110101001001110110111001101100101111001011111011101010001101101101
110100001000101110001111000111011111011001011011101110111000110011100000010111100111101100000111
111110100000101000111011001101101110010110110110110001001010010011000111001011000000111100011111
001110110101100001111000111110111011001101101101011001011011110100011001010010110111100111100100
100101110101101110010100001011001011101111100101110110110101001010100110011100110100111111011011
001110110010111010110101011111001001100010111100001110011100011000000101010001101011010101010101
100110100100011101110101110111111101000000011000001010010001011011100001100011101010001001010111
111100111100000111011100100110000111110110001010110101010000111110011011111010111011011001110101
011001000111010101101010101001000000001010010100001000101000000001001001001111111111011110010001
101001101000101011111110010011110100111100001001001000110011010101010100111010110011110101010010
000110000000001101101110010110101011100101010001111000011101101010100010100101001100010111001001
110101010110000000010111111000101111000000010001111001101000000111100010110000101010111110011000
000101000100110000000101111011010010011011110010101101000111000011111111001011001011111011000011
101111100100010010111101011100101100010010010101010010010000001011001001100101011111110000111010
010101010010000001111111101011011000010010100001101101111100101110000001000111001000010110001100
011110101100001010001100111001000010111101010101000111011011010100010010001110000011010100100010
101100000111000000101110011001111111011011011100000100100100111101111011100110010111010001010000
110100110011010001000010111111010011000100110110101000011101001011111011111100101100001111111000
100100000011000010100010010110110010011110110000111100010110100010000010010101100000001110010111
110000010110011010101011001101101011011010101100110101010101110101110100010101101111001111001011
100001010101100101010000111101001101100000010100110000110100111110010111001011011100010100011110
010101010011110110011011011111010110000111001001101001100001101110011110101111001000100110000111
010110011000110001110000001111101110000110101010010001010111001100111110001011001111100000000010
110101111011010010000011010100001101110000101111110100001110001010001100010011101010100001011001
000111001111111000000101111110011111111110100001000000100010001100001010111011110010001110101101
011110001001001111110011000101010101001001110011111000101000011100010101001100010010100011101011
001111101001101110001000000000001110111001010000110100111000001110101101001100100011111100111010
111010110011100111001111010011100000111110101111001010010110100110111110101111100010001101010010
010111100101111110000010011110000100100100000101101101011110011111001000110010010000111100101001
100110100101101101100011000100001000110111010111001110111101100111101100100010001111000101111100
101001011011110000111011111101011011010000111101101101001011000010000010001001100001001011001000
100001111110011010001100110011111111001011011110100100100100111110010110100110001010100011001000
000100111111110111001110100001111011110111100111001100111101101111001111110101011010101101100110
111011000111001011000110011010111000010100101110000001001111011010110001001011111001100010101100
011100001111101011101110011010111001110100000001100001011011001111110101010111011100011010100000
001111101101010011111011010101111000011000010101110110001010101111111100100001000101011100110110
011001000001111010011110010111111100100000101111011110111101100001110110010000100001101011011011
011010010110111100101000110111111110100111011000000001101001001101101111000110100111001110110010
110011100100101001011100100010101100000110111100100001100101110000110000000010011010100110100000
111100100011111101011000100101100001100111001111101110010001111101100011100110000110000000100110
101110000001010100100001101001010010010110011101111011010000001000101011111101010100001011011001
110011101111000101010010000010110011011000011100100111101011010101010011000101100011101011100100
001110101101000110000001101000110000001000101000111001000000100011111001010100001101001110011011
010000110011101011000101101000101110111101000100001000001010000101001110001111100101000011011010
011000101011111011110110011100000001011111010000001011010110110001110010111100010111001110001001
010111010100010100110101100001000010101110000101010101110000111111011001000111000011101010011110
010111101101001010111101110111110111110111000111011001010001110010001101100101101100110101101101
100110110011010110010111101111101110000100101100110101000110100010101001110010110011000010000011
101101000011011100010011000011111000101101110100001110011011001000111101010001001101010111101011
101010011111010001001010100000010010000101101011101111011100110101000011100110100001011101100110
111000011111101001011001100101111101011101101011010000001100011011010110101000010000000100010011
111011111101111010010100010010011010111010011001011101100101111100111111011011111110011010110100
000111011001001011000101110001000100001111100100000101110110110011011111101001000101011000110011
111100111100100110010010011111001001001110000101000011101111011001001110111001010011001111010111
101111001111110110111110001000111110001010111011000101111111001101001010101001010010010010010100
000000101100000011010010100010000001011100110000010001110101111011100100101111011000001111101101
110010100111001001100101011110101110011000101110100011100011011010000111001101000011111011110101
101100111101111100000010111010101000111011101000001001000100001101110110011111110101100111110001
011101001110100010011000001101000110001010000011011101110110110110010111010011011111011100110110
000100000110001000100000001000100010011111101110101001110010101100100011001100010000001100110001
110011101000001111001101101001010111001111101101010011111000100110100011101100111011100001101110
110000010000010011000010011100111010011101010011000010010111111010111001001110001011111110010001
101111110000010011110001101010111011010110100010111010110010001001111111100100100000110011001111
110111001100101011111010001101001010000001100110000001101100011101110011101111111000110001111000
100111101100110010001010101111111100001000100010111000011111110101011111011100000000110111100000
001110101110000101111011001001111000100010000000111101111110111110100001100101110010101111001010
001100000101010100000001111001110001110101011000000100011000100011111010000101110101011001000111
110010101110011100001000011110011110001101111000000101001101000110100010101001111010111110001111
001100110111100111101111001001000000011011101101001110110011010100111010100110101000010100110011
001111110111100110000110110101000000110110110000000011100011111001001010011110101100000101110110
111110110111111100100111101000000101101010010110001010011011010011100001101110101010011010110001
000111100100101101101001001101000101001000110010100000100101010010011011100011100111010001101001
111000101011110011000010101011000101010100101110110101011011010001011111111010001111100100100101
010010010110110000101101000101010110111011001001100110100100110001111111010100111000001111010010
111100111001010101100101010010010001011001101000011110000000111110110111010110101001101011011100
010101010000111011111000001111101110010100100010010001000101001100100010111100001100110011011001
010111101011001011010111111011001101111010110001100100110001111011011001100000111111001110100001
101111001000010000001101010111100111010111101111011111110101101100000100100011110111011010000000
100111111011001100010111010000110011110000111110010000111010011101001101000100001000111110011101
101001000110100011001111110101000110001101110110010001100111100101010110111100100001101100001011
101010111010011101011000000101011100100010001101011010110100100100111001100011011111100000110101
101000100001011010101001101110111011010010110111001101010110010111110001111100110001100000000110
100000000101110101101111100011000100001101100111110111111101001100000011111111000110111111000010
011100000100010000100000010001100111010101010111000110011001001001100101011111100100100110101001
010100010000001101111100010001111001101010000010011100101110110100000010011001101010101000010011
010100010001100111000111010111111111111000101100100100111011011110011000001011011011011010011100
000011011000010001101101000100010111101011111011110101100011100111100111110100101010101100000101
111000100101101111000000011101110101010101111001011010010011110100001100011000101100011110111001
100011101001101100011011110111010101010000000110101101110000000110000000110101001100100011100100
110110100000010001000000000111000100110001011100011101100011110010101010101110010010100111111111
111011000101110100001010011011000011101110010100010110111111111011001101100100110111011010010111
110100011000101000111100000111110100001010001101100000101010011100010001100010110111100011010000
011000101000000100011110110100001110101000110001110011101101010010001111101000111110000000100111
111110011001101110101100010100000001011010001101001101110000010000000010010100110000011000011000
001110111010100110111010000110011100100010110011001111001011011100010110110100010111001010010101
011110111011011010001010011111010111001010111011100100011111100111101111111001111001000011010111
110101101011101100000100001011100110011011110111001100111110011111010111111110000111000110110111
011001101110010010000001011001110000101001010010101100011110000000100100110101111111110010010011
001010101110101110100111000000001001110011000101111000010100100101000000011000110101011011010011
100000000101110001000110101101111110000000011101011110001000111001011000010111100000110101111110
010000100010100010110101101110111110110000100111110110010000001011010100011111011101010110111000
010100101100111011001111110011110011110110101001100010100110110010000010100000100100110111100100
100100000110100110111110111111001101101110000001000110000101010000011101001001111100110001101111
110000100110100111011011011000101010000010101101010110110001001001101000010110100001010010111011
010111010001111101101010010100010000000011101111010111111111111010110011011101101101101101101100
010011000101100110110111010110011000101010011010011001010101010000000101100110110100110100111100
100010110110111011001100011000001101010110011000000000110100101011011110011011001001011101101000
101001101001110011111110110100101000100000010101111001110110100111110001011100110101001100000111
000011110101011010011101011110100010011110010011000111010110001111011111111011111001110101100110
001111000011001010010000101000011101100110010010101111110110101101001110111111001011100111110110
100101000010000111100110111100000011100101000100110101110000111111011110001011011011011110011111
100010011111111101111000010111010010010011011100001110000101100000000111110110011001001011011001
101001101000100111110011100000010110001100001000010011011001110101010110111110110011000110110100
010000100001110011111101111110110110100101111101110111101110110011111011001011110101110001010101
011001000110101110010010100101001101001101100111010011011110110111110001101111001000110001101110
010110000010001110110010110111011001101001101011111110011001100110111001011111101000011010010000
110010000101001011110010110010011100111000001011000101111000100000100100101110011101101000110001
000101000111011001111110010010110011010100001000110001111001101011101000101111010111000000011111
010100110110011011110111000010011110000001011111111000000001010000110100110100010000011110010101
100000011101010101011101000011000010010100000011000000011001001100110010100000011001101011101011
110100000111000000010110011001100011001010110011110000100000100110001010011001111111100011111001
011110011000100000100000110110110001100100100010110011100011111010110011111001010111000011100101
101001101011100110101010000111100011111010110111011011001100111011001101011011101101000000001111
111101011011001110101010011111000110101110011111101000100010011110101000000000111101101110000110
010000001101000110001101011011100011000111011001100111100110011010010101110010100001100111111000
101101100000001110101010101100111010000001011111111010111010101010011101001010110010000101111110
101110111010001101111010111110011001000000011100001111011001111000011000101100000111110100101001
110100110101000100110111101111011110101011111110000010000100000001100000001010001010000101111011
101101101010010101000101000000100011101111001110001111000001100001111010011001100110111001011101
110101000111000110111110110001001000111000000000110111000010100010101110011100010011000110100100
010001000010000111010011110110110101000101011101001110101110100101110000100111000110001010100111
000101001001001101101110110111110110000011110001010110110001011001110110011100010010010001011101
011110100010011011011111101100011000111011100010000101110001000101100010100101110110101110001101
000111111010011101101001101110101100011111100010110000101101100011111110000010010000101010101101
100011110001001111111000111111100100101011111110111011001000110000101111111001001000110010011011
110000101101011110000001000101111101000110011110000101001111100100010100010011011011101000011100
000101100010101100100000010000000101000011111110001101101111111100101000110010010101001100110110
000110111000011100000001001111101011100101101000010011111010101011011111100110001111100011101100
110011111111110001111111010000111110011111110001001011010101111011110000101011111011110000010100
001011110110011000011001110011010100001111100010001000011101001110110111101100011011010100001011
000111001111010100010010111001111001101010011101110111011111010110100101000100001110100110111111
001100001011100101100110101101100010101111110100100110110000011110001000011100010010100110011010
001100001000010011000111101100000111100110101001101111101000101101011111111110001101001001010101
110110100111101100111100110011111101000110010110110101000001101011101010111100000011000011111111
011000100111100000101010101111100010111010100100111101111111110000011111000110011000101000101001
111010000001001000000010101100111011101101101110111100100100011111100011110001010100001011100010
010101111111001010010100001101110010001101000001101001011010111111011001100000000001010111010010
001111111101010111110001010010010100101011101101000100111000110101111011100011100111111101011110
110010011111010111111110010010001010101101010110011111110100111110010001011000110011101001111100
110000000001010010111011001100100001000111011100110110111010101011101011001011011111001100011111
010011011000110111000000001110110100101011010100100100000101111000001101111001001100001010111101
110100110001100011101111011100000001001110000101110111100000110010000011111111100000111010111111
101000111010000000001110111100000010110111000011000100000001100100001100011101011001111111010110
011011101001010000101011111010110100111010000011111100000000111111011010010110010111010011000000
111010010110100111011100110111110001111111101011001011001101001100011111101100111100100111001000
111011000110101101110100011001000100011010010010110101111000100010000111101110100010101000110110
001010001001101111110111111101111011001001111110011111011100010111010000100000011110001001011000
010001011100110001010010110011010011100010001101001000111111100100000001100010100000110000100111
000100010100101000110110111110000100101111101111011101111011100111110110111101011011101111001000
000100000000110100000011100010001101100100000111000001111011010000110110101101100011001111100111
101001111101010011110110101101110111010101101001000011011011001100111000101011100001100000010010
110111110001001100011011010011010000010111111001000000110110110110011011111010001010001111111001
110110010001111011100100111011000010111011100000101111000101000100011001110010010011011010101101
001010011110011111010001111010101001100110010000101100010101101000101100010001001001011010101100
101110001101101101100010101001000010110001111001110000101001100110010100011101110100100001100111
010100000011101011111000100010001101101111001101011101001000011100101010001101101000010101011110
010111010110001100011000011000011010010101000101011111010111010000001100110001100010010001000110
111010001010110110000101001011010000000110010000001011001001101100111000000100101001001001110011
101101001101011110101111000111111011101110110000011000111111100110111111001110011101011101110101
001000011010100101101111001100100000001110001010100000000111100011010011101001101010100101011001
001001011010000010101001110111110100011001011111100011101101000001011111100000110001010110101010
111001101000101100000010101100010111101110000110101111010011100111101111110100100110001001110011
000000101100110101110010011101010011101111100011100000000010001011011010101111111000111111001011
000000000010100111000110100000010101011110000100010010101000010000000011010010111000100100001101
101010111011011101010101110010000010110101001011001000101111101111111110110000111110001010001001
011111111110110001011100101011011101100100111111000001010100010000111101111010111000000110110010
000010111101011011011011100101010111100001010000011110101111101110100111000100111110101010110100
000110001010101000011010101011110010100101000011000110110010011110100011111011110000111001011100
111111010100000101010111010101010011011110011011101001010100101100011101010010000000111011110111
110001101011010000011011101010111000010101011100001100010100110111011000100010010011100100000110
001011100001110100100010110101111101000110110010110011010000100001011110101110000011111110111001
011101000011101011111100110011001100000010001101001111100000000001100110001100100111000100100101
010100011011001001101100110110011111010110001000101101001100101011000000010010100000011110010001
100011111100100100011100111111110001110001100110100000001110000010010010111001001100111010000000
101110111110111110010100110010000011001011101011101111011101010001000100100110111000110011110001
001001001110011110000001001111011000011101111011010110110111000111000000001111101001010010011011
001101001001000010110000011000111010101001111001111000011011100010000110011111000101000110110000
010110011011101000111100010101000101110011101011111011111100100010000111100000111010010101011001
011101001011001100111000110001011000110000101111101110000000000001100110111111111010000001001101
110000111000101100100000001011100000101000000010101010111100110010111001010011011111010000000010
000110011000000010111011011101100010111101001011011001110010110010111110010100010001010010010010
001011001000100010100001100001001110010010100000001011110111100010010100011101110001010111101111
111010111000001000011101100010101101001011001101001000100011010001111111101010010100110001010011
110111011000011101101111101001000100001111001001000110010100001001010100110110111100100101000001
000100111110110100101110000011010010101101011000001000001100000001010100110010100100100110100000
000111000001010010011011111011110010000101100000000000101000011001101100111010001010101000100000
011011010010110111000110110011011000011100001010000101010010011010011001000111010001000011110101
111000100111000111101101111000100100001011000100011100000001100000011000011001000011111010111001
000010111101111001110111101100011100000001010101001010001101101110010101101001100001110101111011
111101011011000001011111110011101101100110010100110000100110011111100010000110100010111011111111
110101010011110000101110101001101011100100000011011101001011101101001010101011101101100011100101
001101100101111111111111011010110110011100011000011001111100010111101010001101000001110001110110
101011111000001100110111110100001101001101010000110100010000011001000111000111010010100010001101
011100000010101011100010111011111100011110101000110111101100100100101110111001111110101100000101
100000110111000001000000010001110001001000111000111000101101100001110101010000001000011010111001
000001010011100100100111001101111111100100010101010011000111010101011111101000111100100010110010
011000000101101010000000011101100101100110110000010111110110110000000100111011111001101110110100
011000000000010010000111000100111011101100001101001111110111100100011110110110001110110101101010
011011000010101101101101100101110001011110111000011011110000100010010110110010100010000110001111
001111001001110011110000001110011110000011001000011100111100011000011111100111110011001111000101
010010110100011110110001110010101000000111010000110110101011111101100111011011100101110101000110
010001111101010001101010100111010001101001001011111000100100011001101011111000001101111100110101
111001001010100110011011011100101010001001110010110110010100110000011010101010010101100110000000
001010010010101011101000000010111010100010001001011110001110011100110000010001101000100101011110
010000010010011001000011100010101110100000001010011100101001000110101110001101110010011111001001
000100111010010011111111100011111011111101110110000100000010000011001111100010011010011010000101
101010100111010010111100001100101110000111001101101101111100001100011101010010101111010111001110
010010010001001011101110010011010001110010110011011011001010111111111110000011010000011010011110
110010100101100010010101011001110001111010010110110110111011011010000010001011001110011010010000
110001010001010100000011001100100011010101100011110111100101011110001000011001010111111111011100
110111111001101010110000101000100011011111111100011111101111010001000000000011011011100010010100
100100100011001000010101100101001001101001111011101010001011001101111110001100110101010010100010
101001111110110011100101100010101110101101000101100101100011100000111000111001001101000000100101
010100010111000011010110100011001110011110011000000100010001100010110111000001101111100001001011
011011111000111001000011101000001111001101001011010000001101010011010001100100010110111110001000
000011110111011001110001101101100000000101000100000100010100100101110101100001000010100101010010
111001101101010011100100010000001100000110100000111001011110011101010101111110000100000100100001
001001110000111011011000100100011000000000101010010110001010100100110010111011111001111010010101
100011111111001001000101010110001111011100000011011101101110000001011001101011001101111100000111
011110001011010011101000111001111010100101111101010101001011110011011001010110011001010000101000
010100010001100110101001001101111111100111001110110010001100000111110010011110101010000011011100
100000011111000100010001101011000010001100001000001111010110110010000111000001110101001111001110
111001010110001000101010001110000111111111000100011101111001111111001010100001000100101010101101
110010001100011011110011000011001100000101101100010001011110011100001100000010001000001100110000
000111001100111110011000110010000011111001101111011011010000100000001111001100100010001100011100
110011111100111000110011000011101000110111110101101001000110011111000110010011100011111110000111
100010010010100110000011100100100011101100000011001011001010101100011000101001000001010110000101
000001111011110001000110101011101101100000011001010000101111101010111001010011101001110011110101
011111010001011111010001110010100111010000111101101001010100010111100011010000001011001110101010
110110111010010110011010011110111000010001101001100011100010010000111101110011011010010000011000
000111000110110100010111101001011011000101111100111101101110100000100001100010111110010000001001
110001001011110100010111101000010110010111100000011111010101011011111010010110101000000010110000
110010110010110110011010110110110101010101101111001010101100000001000000001010110111100001001010
000001000111000101100110000001010110100001011110100001110010001110110111011100101001000101100000
000001000101011011100111111011000001111111010101100101100001011110110001110010100010110011100011
010000110000010011111000110100101101011111011100001110111111000001101011011010100010010110111000
111110000011111111101011101010000001101111001110010110100010101001001011001111000110001000111111
110101111111111011101110010101011000100010001110011010100111110000011101111011100111101000001001
010110010111010110110100101000011101101011110100001001000101100100110000100101001110011101101010
110000101001100011111000000000010110100110101101111101010010111001001111011111010011010111010001
110111010111111100000110101010100001110100101111010011000011010011110111010111010100110100100100
000111011110101101101100111010001010010010100101101010000101001101111000110101100010100100101010
011000000000110000100010110111101000001010001111101001110010100100100110101100110011000011000110
010101000010101111100010100100101010000000110001010011000101110100010010111100101110000100001011
011001100100100001110011100110100111010000010101110101001111001101011110111111010010101001100000
111010101001111100011010001010110010100000000110000001100100110110110010111010010101110101001110
100000101011101010001001110011101011010011101110011111011000100000101101010010110100011010111001
001111100101100010101001011000111010111001100011001101000001111010011101110110010110010001100100
110011110001011100000001011011111001111000010101011110011110101001000110111111100011111100011100
100100101110100111010111100010011111101100011010001100001010111001011101010000011100101111000011
011011010001100100001000100110011111001110000000000101001000010111001000010110111010111101011001
010110111111110111011111010000001111100110110110101001000110010010001010111100111110111111111100
011011111110001011000000000000000110010001000001011001010010111001101000111010011001111101101111
101101000010110011010011001010001110011010100101111111010011001001111000001001100100101001001100
011001010010011001110101101110011000001000011011110101111010111011101100110011011010001000010101
110011000010100001001101110010000000101000110000011100110011000101011000111101000011100010001000
000000101011100111100100110011101000111101000100110010110100001000001000111100100000000001110110
001100011001100000110110101111100000111001010110101101110001110111111110011101110110101100010111
100110101110010110110011100000101011010000001100001000000100111111100011000010011000011111010010
100010001000110010000101001101001001111101011001010010000110011010110000011011001011100011001101
010111000100111100100011001101100100100111011100000100111101001100110111010000110101111111011100
110010010100111101110100111011011001011001100011010111000101010111011000000001000011101011100011
000011000101100100001010101110110011001111000101011011001101011101111111001000111110111011110011
110101001111100001111011010000011001000000011110010011111011101101001001111011010101110110001010
010101100110010111101100011110100110000110111010100011101001100101111011011101010111100011011010
110001101110100001011101011110101100100111101100111101111100001100000000100000100001110101001111
011101001111000100100010000101010001101000010101000101101001101110000101101011100101011101100111
111011011010100111011101101100110000110000110101000001000011000100111111110110010010110001011011
110000000000110101001110101000011110011011111010011110011100011101100011010000100010101010111100
000010010111000101101010100100111100000011110110001101100100000111001000010100011000001101100011
001010100111010011100001011100111000101110001011111001110111010011010001101011000010101000001001
100010111111100010001100001100100100101010010111100111111100010110011010000010000011001110001110
001110001110111000111000111110010110110110111011001011000100010000110100010111110111010000111111
010101001001001101110010101100100101000111111001100101101000010100101111000111010110100001111101
001001101111110011111110111110101000011110000010001001100100110101101011000010010110110011101000
010000110100011010001101100100111110001001001001111010111010110011110000010101000110110011111101
010010010111111000001110111100100000100001010100011001000101011111100111001100110011100100111111
100000111010110011111001100110011111001011100001001010100010010100100101001111000110011001011001
111000111110100001110011000011111111001111010100000010101110100011110000011011111000111101010100
011011010111100010100010111101110100011110001001000010001111100101010001110111100111000000100100
101111000000001100100100011111101010100100000100110101110010000011010011101010100110000011010011
110100010011010011000011111000001011101010110101110001011001011000101111100001100011001001111011
101011001111110001111001101111100101000000100011011011011001111111101011100111010011001101100010
011011010001011000111011101000010110010000111101101101011101000110101100000010100010100011111110
110000110001100011110101100010011000110101100001100010011010110100100111001111000000111011111100
101110100010110110001010000000010110001000010010000010000000110001010100110101100011000110101010
110011000010100011000010101010011101110100001100100001100110110101100011010000001000010110000111
111101011101110110011101011111000011100100101100100111011011110001010011000100111111011111100010
000000011110101000111001111001111010000010100010110001101011101101001101011100110010000010010111
101110111101101010000101001110010101101011001110010111100101100110010101011000011101001011100011
010111110110010000010100111010000000001100001101110000001111101101000001101110100000110001110100
001110010110011011100100010011011111111111010010111101010101001011101110000100101111110110101000
101101100110011111100011100010111110110010110001011101001010000111000000000001111101011010111000
010011100100100011010101100001011011111100010111101011011111101011110010011001010011010010110100
110110101011000111001001010110111011011101100111011111110111101100010100110110001111111010010010
010000110000101100011010110110100011111111111100001101111010000101111011111110111101010000000110
100000100000100101111001000010101010101011111101010101100111101100100001110011000100110001000100
110100001110110110001100110101000010010101000110111011100010110110101010111111010110111010101111
011011111011110000110010100000100001001010001011111000101000101001100100010110111000111111111011
111000001010011110011011100000011011110010111110011101110001000001010110000000000101001010011001
111011111010000111001100100110101000110111010000101001001000001010001001011111110010000001100100
001010101100111110011010100001111110010111010000011001100001100010110010111110000100101011011111
111110011010011010110101110010111100111111111100110101010110100100000001111000100001101101100011
001100101000100101001101100101001111011100101010101111000010101100100100110010000011011011110111
010000110111011011101110111110011000100100000100101011001110000100100011100001111100111011000110
000110000110110101110001011001110101011110100010001010001000100010100001010000111011011110010001
110000111101010110000011100001111101010011100010111110000000011111001111001101011101010001100001
101011010011011011111001010100011100110110011101010011001001001111100101100001100010001100101111
100011100010100000000011110001001101111101001100011110011100111001001101111101100011011101101011
100011110100100000110101010110001010101010001011000000011000000011000101011010010101110100011100
110101010101111110010001011111011100100010011100111010110111100100000001100001101001010000011111
111111000100100101001010111100011111111001001110110010000000011101011100110111001000101111011101
001111000101101001010111110010101011001010000000010111100111010111110101010000110000111110000100
001101100110010010001010000000000001010001011001011111010101011010011011011001010110100100111001
101110111000111101100110100101001001110001011001100101010010111001101110100100011101000100000101
010010110100000100011110111101001001101011111000111111111001001110101011001001000000001101110111
010010000010000100010101100001010010011000001110011000110000101111000000001110011010100000100101
111110111001111100111001100111000100100001000101011110010111001010001111101110011010101100101000
100101110001110101101010010010001111001101110110111111010011111101010111111010010111101010111100
110011000010000010000000101001101111001010010100000110000000010101011010100000011001000001111110
101100011010101110001110010011011101101000001011111011011111100001111011011100000000111100000000
110101000110000110110001111110010001000001100001001110101100110110010100001110001001010010000011
011000101110011001001110001000110001011001110010101100011001011011100001000011000111111111100110
101110110011011001111010001000001011111101100000010100110000111101011000100011001110001110011000
110110111110011101111010000011100001010100100101101100101100101011111101100000100111011011101000
101110100001001011101110010101100111000111000110001000111000000101011111100011010111101101110111
010011101101001101101101100101010100111000000111000111111100110000100000001111001111001000011101
001110001011101000100110011000110111111011010000001111111110011011111111011011010100001111011100
110011001010011010001101101011110100110101100111111010100010001101001110010100010010010011101100
111111100110100011000011110101100001111010101111000100010110111010100000111110001000010111111111
000001010010010100101000111111110110111111010000010011101010100000001101011100001000010001100100
100111101010001111101101010101001011010101011100100101010011101000010001110000100000010100001111
101101011001000010001111111001111110010001000111101101110001101010000001100111110010001110100100
100110010000001101110000110000010101110001101010000011001011111110111011010111100011001011100000
101001111011000010110000010000001110111101111101101011100010000100100111111100110010111001000001
101001101100110110100111110111101001110001101010001010100100001010100100100110010100111110011010
101011100111010110001100111010111001000100100011110000001101100100101111011101111011111101111001
111101010000101111000011001111001100100100111011010100110011001010100100111100010111100101110110
000011010100010011000101010100000000111010011000001011100110010111100001100110100101011101010100
110100010110100010101100111010000011101011011110110011110100000110100010111000110100000000011001
101001111101001111111111110111001111101000011100000111110101000111110101110110001011111001111111
110100010110010011101101100100001011101111110000000110101100101111000110110010100010101000111000
110001111000101100111110110101101110111000000111001110111001001010100000010101111101001101101101
001011110101011101111101010011011110011000101111110100001001110011011110100101010100011100000011
111100100011100110001001111011110011111010100010011110001110101011100000011111101100110010011001
101011101011000111011110000011011010110111000011100001000111011001001011110100100111111111000110
011100000111011011001010001111110100001010111101011111011110111011101000101101000111010000001101
110000110011011000010110011110011110110110010110110010111100101011110100111100100101000100011011
000101110101010110001101010001100000011001100010101001010010101111101000100101011110000001010001
111111000111110100111101010010111000010101001011010111101000011111111101101110011110110011010111
010100011001010110110100011100000000110001000111111010100000000100010110001111001110010000000000
101010110111110111101111111000100001011011000101011100010100011110110100100100010001100001110001
101010100111101100010111101000100110101110011000000001011010101010010000100000110111011000000110
011001110101100000011011010001100001111110011111000010010001110100111111000100010101101110111010
100100010101011010010101011110100100111000000011000000001011110011101100000000101101011110001001
011110111001101001010000001100111011111001110010111110011000101000011101100001010011110000100001
000111000001000101111100100100110111101111100101101011111001110011011100111100000111111111100001
010110100000010101111011101100001101110001010001101010101110100011000100010110000100010011110011
001010111000001110101111010110100010001111000111110000100100110000001110011010010001100101110111
100010000110110011010000001011110101000001001001111101100110001001100000011110010101001111110101
111101100110000011010110110010000101110000111100010111110100011101111110101110010100001000000101
111011011110001100101000011110011100101110101101101011100110110001000101100110110101010101110101
010010110010111011011110010011001010000110101001000111000111110101100111100110011001100000110010
110001001011010010111000010101100100111011011011110110001100010001100000110100001010110111010100
011001111101111000100010100010111110111001110010100011000011000111110100011011100110100010000110
010001011011101010010001111000011110101010010001001110111111001011111000111011100011010111010111
111110010101100010100110001110010101011110010011111000101000000010100010101110100000010011011011
001110100100111101000101110100101110101110101101101011000110111101100001011000000110001000111001
111010111110101110010101000111001101111111101001000001010101000001011100101100001100000110000111
000001100101000111100101010111111101101110101100101111001101000111101111001010001011101100000001
100000100001110010110101000001011000001000001010111010111101011100101001101100101011000001011100
010110011010000011000010011001001000101001100111011010000101010101100000001111110100100100011010
100010101111000100000110000111010011100101100111110111110011010100111000011000101011100010000010
110100111101111100100000010000100100011111011011000110111010000000000110001110001000000011111110
101111101111011001011100000011010100110111100110101011100101011001011111101101010101001111100011
001011110001110110000110010111110101011011111111011000010111100001001101010100010100011100100100
000110110011011101000111100101011010010111111001101001011101110101101111111010100111101001001101
100101100111110101111101101111000010101101111110101011110011111100100010000010111101000010100111
101100110110001011101100011000111001010001111100010001011101100011001111111111000010110011000010
000100010001101011001000101100011010111011101110101010101111111001000101111100100011001110101111
011000111001110001101100100010100000111000110101110111111110110111111100010011110110010101111011
100001010001101010101000011011011101110111011011101010111000000001101110001110001101011110101110
000001001000100110101011001010110011011110100001000000000111100111001111100000101001001100110010
111100111011110111010110000000010011110001011010100111101111110000011110100000001101110001000011
001000001011111101101101010110110001001100010100111111010010010001100010101010011111110011011110
010110001110001011100111101010001001001000100010101111000000010111001011010110010110100010100101
001010000000011100001101010111000000100001011110100100100100001001010101000111101101000011101100
101100011101110111101001100010000111100000001011101110101101111100001001001010101111111111011011
100111101010101110111010001111011110000000001110001110110100100110100101111001000100001011100001
001011001011110100111010101100011010011001101001111111101110111000111011010111010000100010100101
000100000101111101101000100010001010001001011100100111100011010110010111110111110000011100000010
110010111010100110001111111101111101001111011000001100001110101100111101100011011001110011001100
111110111111010010110001010110100110100000001111010000001100111010110000000010001100011010010011
011111110010001000101110100011011000111111000110010100000010100100000100101011001000010001001111
010000110110101110011011010000011001100001011010000011110101100110101111011110011100001011011001
101100011001101110010010110100000110001110100001110010001100111010010011000010001101001000000101
000000111100110100100101011111111100110011111001111011001111111100000100010000111110101001100001
001000111110100100111101011010010100011011100101011100101110111011101111011100010100101010010000
101110001101111110001111100100110010010000100010011101111111000000101000001110111001001011000110
110000111110100100101101111111110101110111000110100101010100010010100110010110011000101111000000
000111101111001000101110001001001100000111101101000001100111111001010001100111000110100111100010
110100111110000101111111110111101011001000010110010011011100100101100011110000111110000011111110
001011111000010011001110101100100110101000001010001011100100001101011000100100101101011010100100
111010111101001010011110101001110011010001110111001101100010111111011000001101000010011111100000
011101101110110000111001010000010000101110111110001101010011000011010110110110110110110000010110
010000100101100010111000011010000100100000110110110110110011001100100110010000110110000001111111
000100001010011101100110101010100100010011101110110011101100001110101011000101011101111001010110
111100000011000110110101110000110000001011010001101111001110110001011001100001001000000111111101
001111010110101011011110010101110110101000010010110010000011000011100100000000010011100100101000
001001010111100010000010101100000000110010011011111100000110110110000111111001010100011011100010
100101010110011100100110110010100110101010001100000000010101001100000101011100111011100010011100
011111100110011011101011101101101011001100000101001010010111110000010001111000000101000111100111
111111010010000000101100100010100010111111100110010010001111110111000001110100010010000111110001
010111001001000110011110110000101001011011011010110101111100000010100010000111110101100110111010
111100101001111001111011010101101000100100111101101001001001001000010101001100000110100110110011
100010000000110101010111001001110011011010111010000110011101111101101101110011101011010010110001
001000101110110111110010011101010011011101000011010000101100101011010101000101011101000101110011
111010111000101011100111110100111100111110111011011000001110001010100110101000110110111001100111
011111001111000110001110010101001000000001100101100000100001000001100011110001101001110101010100
101010111010011100110101100000001110100011000100110011100010010111010000000000100010101010110001
010101101010001011111101111101010111111010101100110010011000001110011110010011001011100011010000
100111111011001111101100110011101110000100110000001001110011111000011011111001001011000101000110
111000110110000110000011110011000110100001010000011101101001010111001100101100110000010100010100
101111100101001011010000000001111000000110111111001011100000011110101010011001000000000011010110
101111100001101001001111111111110000111110001000001010100010101010010100001111010101011010100111
000010111011101111010000000100110111111110111000000111100111100110001100011010101101000010001010
101111001010110000000000110010001101010110000101010001001011100100111111110001101111000100111101
010000011010011010100111101011101110110101110111000111001101111110001110000010100111000101001001
010000111001000000100110001101100101010001101011111100001101111101010111000001101000001000110000
111010001111100110010010011101001100101111101110110001101010111010001111100101111011010111110110
011001101101000110101011001111101101101111010101011010000100100000101111010000010010110010011101
001011111101101110011011011110010000000111010001101010111100101101011100100110010100100001011111
110000001110101011001011001010010011011110101011001110010001111101101000010011011000001110011011
011101010010101001000111101000101100001011110101000011011000101110101111111010001101111010011000
011100000101011110001111011010010111100000111001110100001010110101101110011111100011001001101100
011000111110110000111011111110110011100111001000111101011000101011101010011110001000011010101011
101001000000100111100110000010010101110011001100010110110000111100101011111011100001111110111011
101110111100010010011110001011110001101010101110010110011001110110011110001011011010110011110100
000001111110100111010101001011001110111100000111101100011001001101011111110100111110101110101000
010100011101011010000101111110011101111001111110101101110101010100110001100011101000111111101101
010111101010010011101011000000000010101111101111101011001000100010001100101110001111110001011011
110100001111110110110000100001101001000000100011111100010010010000001101101001110110111111110110
011110011011110111000011010000000110001011001001000100010111000100010001100100000110111010011011
111111000001101111000000000101111001000100100001110000111101110101010001100011010011001100111100
001110001101000111000100101100010111110100010000101001111110101011101110110011010100010110111100
111001010101000100011101100110110100010110011101111010111010110101100001101110100101000101001110
111100000000000011011101110000101011111000100010100011110010110100110101000010101000001011010111
010010011011111110101111000000010011010001110100111101111000001100100101001001000001111001111000
111000001100110001100000100000000000001000111000101101010001111001000001000100011011011001000100
110000110101110000111111101100101111000010011000110001011011101110010011111110101000011011100101
101001100000111111111111110110000001010000111100101010000000011011011110010001101110110110101100
111110101100011100111111011101101000101110001101101101000100100011011111100101001001100110100110
000110010000001111101001101010010011100010110010001011101100111000001111001001110110100011110110
001000111110000010111011000110011100100101100111010001100010010110011001001111110001010010011010
001010010111110111110100010101100001101000100000001011000100101100100100010101011111010111111110
001011110000110101000111000011010101110110101001110110110011011111011011000100101010101000000110
100000110101001110011101101001010100011110011011101011100001100010101100101100100101000000000111
001010101011100001111110110101101001001000001101010000000100111000100011010000011101110111011001
001010111011110001110011010111010010110101010101101000000010011100000010111000101011100011101000
110010101101001000000101100101110001000011001000111110110100111110011110010100101101010110111101
011101101101100110100011110110010110000011111100001100010100010010100010000011010011101001011011
000000110011110011000000101010111011000111001111010110110000000010001110110011110110001001110000
111110101101110011000011010101111100001010100010011001100110111101110110010110001011101010111011
111110010111000011011010000111111001111111001101000011100011101010110000100100111100001100010001
101100011111100000010011000110001101100000111001000011111011111000000010011110111011000101000011
011110011110110001001010110000010000111011101101011000101110111101111010000000001001111001110001
111011011101000001010010111001011110111010011001100010000011101110011101011010100110010010001001
010001110111101011011110100110111100000111110010011100101011101110010001100010111000000011111011
101111100010100001101001101011100100110100111011001101111001001010111111001011101110110001100001
100100000010100100101111001000011001100101001001111010110011011111101000010101001111101110010100
100110111110011100110100000011100011011101101000111101101001100001011111111001100110101001100111
000010000000001100110011010011101011001110100101111010101000101001101001100111111000101100000001
100110010001101101010101010000001110100001000001011011110111110110111100100100000000100101101101
101000001100110111110101101011100000000101011001110011101111101101011001000001001111100001010010
011011101111010011111111001111111100111111101011100111101110011101111111001011111101011110110110
011111010011111001101100011111111100110010010001111000001100010011100101011010111111101011101010
101010010111101010000111111000100111010011001100101111011011110001100111011110111010011000011100
110101100101011111100001110001011001000100111010001110111100100111101010101001000100000111101011
001111011101110101010010001101110011111011110011001111001011010111100000011011011011000100100101
000101101010001000100001101010000100111000110001010111011110000111011101100001010101111110110001
110000000001110001101110011110110111010111010011001001101110111000101010100000111011110111010000
110000101110111111111010110000011011100001001101011010110010100111010110010001100011000011000101
000110001010011011101001110000010111100100010001000001110001010011000000110000011010001001010011
001110111100111001010100010011100100101101000111100100110110100011011001100101101111001000001011
101101100111101101111011001110101011110000011110010111010101000001010101001000111100010001111011
100100010100110011110111001000100100101100110001111011001010010011100110000110110001111001000010
100001100110010110101100010001100111010010011001001001010000101011001010001011100011110011111111
100001111111100110100010101000001011100001101111100111001111011100101100000100100111010011010111
011101011100011011100110101011111111000001001000000110001001101011011000101110101110001011011001
110110101111001111011000110111010001000111010111001010110010010000001010001110111111011000111001
101011010001001101101000011001000001010000000001010110110110000100100000010011111111011101000100
101010110010011011001110110101100111111100011110110011011001101100101011000000001001000001011001
111010100100110111001000011101110010011101000111111010011100001101011101100111110011111011011101
001000000000111010110101101110000000011110101101000010000101000001101101110000101100101011010011
101011110011110011101010110010100011110010111101010011011111101110111111101001101000100011001000
101101110110011110010101110111010001111101101010100001111110110100101000100110110110101000001110
001000001101001111110111111011000011000011011000001111011011110111111001000010110011100111101111
001010010011000101011101100000111100011100010111100011111001000101100010110001100111000100110100
010010001110110011000111100101100110000111111011010101001100001111101100101000011110011000011100
011110100100101110011110100111011001010001100111011100001111001100101001101000101100000000111101
101000000101100011001110110011101001011000010100101000100011010100111101110100110001010011111010
001001100110000110110001010110100010110001001110011001100010001111011101100000111100100101011110
111110001100001111100101110100110010010000110111111010001111111010011100001101111100100000000100
001100110000111010100000000100111101001101111100100001110011011100110100001100011010000100010100
010010110100001111010101110000010100101010110111111000010011100101111000100101110001111100110100
111111010101001101101011110010011011001100111011100000111001100100000011001000011100111010100011
101001110110011011010111001001101111110110110101000110010010011000101111000111100110001100100100
000011111101011111111000001111100011111111010000001111100111010000101101110000001100011000001110
100000111001010001111001101101111100110010011110011001010000100000101111010100110111110001011000
100111011000000010011100001010001011001100111001010100011011010111010000110010010000110010001001
101110011001101001100110110100001001101011100100110011010001011011111011011111000110010101111001
110100111101101100110010011001001111110100000011100101010110100011001001011011000010110100101000
011010011000110010001010010000011001111111001111111111100001001110110010011100101011101001000111
100101000110011010110110000001111011011000010110011000101110101101011011111000000010011100010111
101100111011110001111001111010011110011111000110001001001000100110110010001011010111000111100110
011010101001001011111011110111011111100110110101000011001100101111010000011111100110000101110010
011001111101000100111101011010100111011110010101100011111111011110101100000110100011000110010101
010101110000011000110000000100111011011100111010100111010111000110000101011010001110010101111111
010001110110100010100010010100011000110111001000000101111111110001111100110000001111000010110100
110100001110001010011000111011001100100000110110001101010111100100001111000110010000000010010110
011100111011011010001000111101011110101101100000010111000111100100010010000110101010000001101011
010101111110011111101110101111010000101110111110110101111100001000011011110110100100001101000110
011100011000010110011000000111010100111100110000000001010011010001100000001000011110000100010001
010001000101011110110010111110110111001101111111000101011100100101001100001010000000010010111001
011100001010101110100001000100110110111000001010101001010010000110010101111111110011110100111110
010001011000101111000101001011111100100011011110110000010110110010110100011010111010001010101001
001100111111111110110011000101010011010110000110000000000100001001110011011111001110111000111110
111010001010101011100110100001101111111001000000011011000011001011101001111101011110011110001010
001100010001111101100011001010110110011111010110100001001011000101100100001001101100011101000001
111011011110011101001000001101011101001011010110101100111110000011100100111111101001010101001101
101100000101001101001000001010100011000110101001110101110100011011101011101010100100101000110001
011111000011100011101110101100101101011001110110001111010011000111001010100100011101011110011001
110100001001001101001111110111100111101100001011101111011000010111111100110000000111001000001110
100101010010011111011111000110100000010000011110000001010110001110000001111001101010011011110011
101001101111011101110111110000010000101000001011011101010001101001100101010000101101010111000000
011110011010100011011001011111010010000100001101111010101000110000100100101010011010010011111111
010111100010110110011100101001100000010110101011011101011111001011101001100001101110011000101000
011100011010000010011000111001111000010001101011110001100111010001010010000111011011100010000110
100100101011001000011011000001011000011001011110111101110010011111011001110111001000000110011110
001001011100111101100101011001011111100110001110000111110011101001110110010010100011001111011010
101100101011101001101011101000001100000000001110101100000010010001111001011110101010000000110111
110011100100001000011100010101011101001100000010100101100011111101000110011100011100001110100110
101000100010101000001001111010110010010100001011110101011011111101010001000001111100111101010110
001001010001101000101110001111101100011100001100101101000001010111001001110100011010110111001101
101100110000110101010100101001000010101111110101111010010111110100101111110111000100010011101101
001000101101100010011100111010110111010010100010110010110011110110011001100110100101101101001110
000110001000011101100100011111010100001110000001010010010111011110000000010000011010101010000000
011100000100000001010101001001001011011000100101010101010001001111010110101001011000100101010000
100011100101010010010101101101100100111110001001100010101100000000111010110101111101110011110101
111001010011000110011100101101010101111010111100011110000100100111010010110011011110000101100111
100001101010011011111011011100111101111110000010010110101110111001011100111010111001010011100111
000011011011011011101100110100001001010001001101110101111101111000100001101110101000010110001100
001000001000010100000101111000101001000111000011110111001000110010000011001011110111001000010100
100000001100001100110000101101111010010110110001101101000111110011110111010010111100100101001101
110000110001101111111001100011000001100100101111111000010111001010010111011010001000000000011000
111011101010011111001010000110001110011101110011011010001100001111100100100011100011000001110011
111100011001101101100111100011100100110101001010101011101001010100011100010011001100001110010001
100000011000000011011011011111111001011011001101001100100111001101101011100110110111001010110101
110010000110000010000001000001011100011000110000001111011001000010101001000001011111100010110101
110111100001001000101011000110111000100010000011001100100001100111100101000000010000100100001101
001011001101110100010111011100100000110100111101010001111110011100101111010011100100000011101111
001111011101101001011101110000001011010100100101001100110101110001000110110101100100100000111110
000011011101111110111100010010001100000000001011101110010010101100010100101001100100110110110000
100000110100101101111101000010110001011000000110010110110000001011011101110111110100111010111111
111100101011110110001001001111011100110111101001110100000100100101000100011010100010000010101001
111010110010110100100011101110111101001111001100111000101100100001000111101100010101011000001011
010100001110000011100000000001011100010010111001000101001011010000110111111100001100111111001101
010111001001010110001101100101001101101011110110100110000101110001001110011111110010100000000100
001100110010110010101001101011000100011010010101001011101100100011101011111011010001110010011000
001001110101001111001001100000000101001011111010100100001101000010000000111011110111000000000010
010100000110001101010100000010010000000010110111101011001000101010101001011001100100111111000011
101100001111001001010001001011111111001100101100111101011001000100000010011001110111100101011010
001000000010000100111101100010111100010001101010110110011011000001111101010101111100101111101111
000110101000101101111110011101100101011111101111100100010001010010110000111100000000001110000011
000101101001101111000111001000111111000110110100101100000110101000010011000100001101111001000000
101000110100010001011001110101110111101110000001010011000011010100100100100001000111101001011100
010111011010010100111000101101000111111000011111110010100000100111001001100010100100110101001111
011110010101110111101111000100101000110010100001001011001110010100111100011110010100101000111001
111010011100011000000100001000101111100101100001101001111010010111100100011001110000000100111110
010010101111010100100010100011100000010011000110100010001001001001110101010000101110101100010101
010101000100000010101001001000010111000001110001101011010011111100101010100011001101010100011000
001011000001000000101110000110000011100111110010001001110011011010100101011001101010110101101011
010100111000011101111110101010000011010001100101111011000100110011000011110001100010101100010100
011011101100001001011010101110101101101111010110111010000011111010000101111010001001100010011101
101101000010011110110011011101010100101101001000100010110001110110110100010010001111111100100110
010000101011001001100101100011001100100011111010110001001000011000111110101001111011100000111011
011100100001100100010101101000110001110001101111010111100000000011010001000111010110011110111000
101000111100110110011110001100110011110101011111110110000100010011101110110101110101011001010110
000101111100011100010110111000101101000011100111001011101111110000000100111000011000101011110111
111011110101101101001110101101000001110010011001111101000001010000001010011001000110010011110001
101000000110001010101100101100111111111111110111001010001000001000111001101101001010110000110000
000000110010111100100000001101001000010111100010001111111100101001000101000011101000110001010011
010101010011010110111110101101111001110010100111111100010101000110010110110010110011000000111110
101010101001110100100001011101000010000001110110111001111001111101110011010101100011000001100001
100110000101011101010100001111000011001100011101000011000011000100110011000101001101010000001100
101111010011001000011010000000100000111100010111111110111011010010101101111010000101100011000010
