000101100001101010110011101011111011101001111111111111001110010000101011011101010111111110110111
001010001100101111101000110100010001111010100111111100100110111101010011110111010101001101100110
100010010000110111110101101001100111000111000001000010111011100011001110111101101001001011000111
000010110010000010111000011110000011111101111101001001011010111101001101110011110001001100110100
000101011100001111110110100111000010101010011001000000100111110000010111101010111001101111011000
101100000100111111001001011000111110101011101010101111001111101001101010111011101001100001100011
001011101000001110101110000001111100110111001101001010000110110010011111110000100101011110010101
111011011100110011110000100011011101101111000101011111111110111101010100000010111010110101110111
110010010111110101101011011100011110100001001110110110111011110110000011010101000111111010001011
100101010010101101111010100001100111001101111101101000111110011001010101100111100110000111111111
111001100010001001001000001100011101000011100110000110000011011001100001001100100010011001011011
100011001111010001000011110110100011100110011001001110110111110111001001011111110011001000001010
110010011101101101100011111101110010010101010001010001111011010110000011010100100000001011010001
110100010110100010100100010101011111111000111111100000110101101110011110010001111010000100010010
110011001101001100101010001100110001011010001100111111100101000111101010010110001101000110101000
111100111110001110010010101011011101001000100110111110110111011000101000101001110110101000010111
000000110110110000000000100010011101111101101001001101110000111010001101000001100011110000000010
111111000110101110110011010010001111111111010000010100111001101101011000011101101011100111101011
100010101011010100001000000000111111001000001101101000101111011011001000101101101100000100100011
001110100001111001010010010100111010000011001111110101111001110000010101100101001001101101000011
111001011111111011110011111011100110110110101111000010111101101111011101100100110101001011011011
011001110011010010000011101001101011110010101100101111000011001011010100011111010101111011100010
110110100011001011001011011110110010010010100110010110100001011011000101110101010111110000101001
010001100001011011110111111011000000101101001110011011110010100011011111000000010000101010000000
100111111011011011011011011111000111000110000111111001110001010100100010000001100111000011101111
000011110101110101001010000100111001100001100100111111011000010100100111111111111000001111011010
000111101111001000010100101100011100010001101101001010111111000111010011001100100101110110101011
010010011111111100001010010011101100000000101100000011111001000101110001110011110101111100010001
100011000001111010100010110000100000100010101110110101100011000101101111110100001110000100101100
110010100010010111000111110111000100010010111101011111100010011011000101000011111010010101011001
010011101110001000011100101001011000011110111011001111101111000010101101101011000101101111111001
010111001011100010001000000110101011011110101010010011110011000101001001101011011011111011011110
010000010011010101100000110100110010100110010110101011011011001110000010111100001111101011000101
100011001100110000110011110010111011010110110110111001000110010110000010000100111100111001001011
110101110101110000000001011000000001111111111000010110000110001100001110011001110000110001111000
111100000000001110011010100100101010011100110100110010100001111000101011111100111100110011000000
100100111110011000100111110010110101100101111101010110111100011100100111111111011110011100011011
110111001111000011000111010001111101110011101011111101001111001110101011100101110110010001101101
111100000111000011001000011010010000011110111011010011010110001000010010110001111001000000011110
000011000000100101001010001010011111011111010110010011100111111101011101101001010101011011101010
110011001011010110111110010110101011001001011110100010111100110101000000101000011100100001111101
010011011111000010001011101001110011100011100001110000011010011011101010001001001000001110101010
001011100011010011101001010001100011110001100110011001101111101010101001001001100101110000000110
100100111111101101111110010001100110111011111110110100001101101000111100001010111000110011110011
111001111000100110000111010011010101111111001111100110111001000010011100001001110000110010000001
111100001001000000010001101100000111111100010110110011000001101001100011000000101001010100001001
101011011100101111001100011111010001001011011000100111111000100001010011101001110001000000100111
100001110000101101101110101011100110010110111100100010100111100111000101101101101111100000110010
011100110100101100000000000000111001000111101010001000000101010001101110001100110010011001000001
000010111111111010101001010001000110010111010010011111011010001110011100000010011010010100010001
001010001111001111101011101000011101110110100000101011010000000010111000111101100010001010000100
000000011100001000110000010110110110010011110010001110000001110111000110100011111011101001010101
101010000000001100110010001110010010110011101111000001100100001010111101110100011101001010100100
011011111110111011111000101011011011001010100111100000110000110000000110001101010000001010000100
101111100011101011100011101010100010100001111010000000111110100001000010011001110001000000001011
100011001001100110010010110111001110011000000100111011101111011111101111010111011010001011011110
011110000110011001010010110001110001110101010111101011011011011001010111100000000001111001101010
001011001111011011001111000010000011000101011100001110100011100101010100110001000101011000011101
010101011001011111100100100101110111001101011011000111101100110000100111110011001111000101111100
110011010101101011111111110001000100110001000000001111000000001001000100101001001100000101010001
111100110001000101001011111000001011000100000001111001011101011011110000011010011100111011001101
110011001110001001001111001001000111011111000101010011000110011110111011100100000111111010010000
010110111100000100010111101111110011101101101000000100011101101001111111101010111011011001001001
000001001010001000011100100001111010101011110100111100101001111101010000010110010000000011010001
111101011111101010100101001011000000110010001001011111110101011111011011000110010001001110110101
001111100111110000101011101011010100010100110100011110111010001001111011011000000000101000001111
011011011010101010101000101000000001100011111000100000010101100111110100111001011001001001011001
001101000011000111011001011101101011001101101011110100000111010110110100110011000101100010010100
111000010100100110111000111001110101010110100101101101111100010011011001010101100000101111011001
000010101111111100110101101010001001001101110011101000101110011111001100010000010010110011011111
010000011011000011100111010011111101001101111001111111100001010101010111111011001010111010000000
110101110100100101010011111110010110011111100111110100010100100001110000101001001110111011001000
110111111101111000010011110111000011110101011101001010111011001110011010101011001101000111101001
000100111111111011000011101000010000110000011011010001000000010011110001101111101001110101101100
101010010111011100011101001010111101011101111000010100011111001110011111011111000111100101101010
000111001110101011000110000011001111000011010010000110010000001111010010000010001101110111100010
100101011000011111001101011011110110100001010011100011111111001010011001110101101001101001100001
100010011100001110000101000101111100111100110111111011101100100111101100110100110011110111000110
100010010111000000111100111111010001001000111110110111101111000111111101111110101111110010011011
001001000100111000110001011010111001110011111101011011000111101010011011010110011110100100010011
101100111110110011110000010001010111101010101010000011010000010101101001010011100010101000001110
101101110110001000111110000001010101110101011001101001111101110111111001111110100111111110110011
101101100010110010010101010000001001110011010101001110110001010011011001111011000111010011100100
100100100010011000010000000000111001101100100010100011011011000000111001101100100011001000101111
110101011000100001100000111101111010010111000100001110101110001101111101001001101000001001110001
111111111000101000101001111001100101000111011110011101111011000000001011101011000000000100011011
101100001101110100000101110010001100100000001000011001111111001111001011110111110110011110001100
111101100001000010110010001011001111001001100011110010010010011000100010010110001000101100011100
101111011000000000010000001000010100010100011110110101100011101000100111001101111001000000000000
010101001000111010011000001100110101001101101100010001111101011000001110100111100010111101110100
100101001011101010100110101000111110000110011000010011111010001001100101011001111111101100000011
110110010011011100000010101000000111000101111010111001100010101010100100101010111110011100010001
101100011110011101111011001010110011101111001110000100111001000000110101101010001111001010110000
110101010101100010101100111001110011101001000010001111101100001100111100010111101110110000110110
001101110000001101011011010000001000000110100001010110100100001110101001001001010101000001011101
010110100010010100011010110000101000010010000101001101010111000101111110110000101110110010011001
110111110001100111000110011110011011111011111110001111011010010000110000000100110000100101100000
101101111001010011010011100111101110111110110100101111110011011101111101010110111010010101100100
001001110011010001111001110011111100110101110111100001001011000100110011011010101011100011100000
000011000100010101101101001001001101000101110001000101111110010101000111100011100100110101001001
011000000011111000100001001111010111111000111001011110101111010000000110101010100010100101101010
111011011011110010111011111110000010100010101011101011100100111100110101110111101110101100110000
000110000110111000110101110001111101100010010010111101010000000110000111011110101000001111010101
001011100100101101011000101001100111001110100111110000001111101110011111000100001110111001110001
011101000111100011100010100000010110100001001100010111000111101100100100001101111100000111111100
100100100110000011011101111100000001101110110101100010100100110000001000010011100000001010010011
000000001011001000110010011010010001010000001111010100011011101110001010011111011100000000101011
001011001110001010101010010000010111100011000000111100000111010000100111011010001111011100000101
010010101100110011001100101101100011100111001111110001100101000000101100001000001110111100000110
000110100100011101000101010101111111000111100000001111010101101101111111010111110000001110100000
101100110100101110110110101110110010101110110010111011110010001001111011111010110001001001001000
001100011110100011110010010101000001001100101001011011111001101010000010001011111001100000111011
000010000110010000000111011011110101000001110010010110000000010010010010000010000010100011011010
000011010010110011110111000101001011100011101000011101100111010110100001010100011001000110101010
000110000000010101000011000001010000110011110101010000101000100010000010001011001001011101001001
011100101001101101011101010000110100111101100001001100011011010110110011110101111000010110100101
110010000100000111100001001111101001000101010110010001101000000010110101010011000111011111100011
011100101101100010011011110011001101110001000110100111110010101100101100000101100111001000111100
010111001000000010001101100011100011011111011001111001000101111011001010100111011011101010100011
100111011110001010101011110101001111100110000100100000101011011100100000010010010101100110000000
000011110001101100100101010110001011011111101111101000111011111100011001011100101110100101100000
100110011001000000001100001111101111101001000011011000111001111101111011100011011111101111101100
111110001000111101011011101100001001011110011010001110110011000110000101010011101100111110100000
000111111110011100001111001001111010100000111011000011000000010010100100111010100110110010011100
110011001110010110100110001010110011011110100010000100111100110111110011101100011001011000100111
010101101010010110110101110101000001000001110011110011011110011111111000110101000101100010101100
111111011100100100100110100001100000001010111110001000000110100100101111000011010101000110000000
011011000101101001011000101001110100000110011101000110110011001001000110000011110011101101000010
100111011000001001000110100010010000000000111100010100111011110111111011101101101011000100000010
100000011101101010110001110000000001110011101000101110110111100001101011001001001010100101010010
001110110000110010010110110010010000000111111111011111111000001101000001011110100101010111011010
111000010011010001001000011010111111100011000011001010111110001011101101010001100101001010111101
011111101101000100100110101010110101011101101101000001111011001000101000100110110000000000110001
010011010101111011110100000000110011000111100100010110111100000101100001010100101001110100110000
110110001100100000111010010100010001010000100101111001101001000000010100101011100010101101010001
010101001000100100010101011000111011110110100111111001100100001110010100110011100011100110010001
111101111101110010010000111101011001111001000110000001001111011110100101001011101111000011110100
011110111101101010100101010011101000100000100101010101100101001110101000111111001111100001100101
000011011111000111100101011100110101101111111001010001001101111000100100110110010111000010010001
001011110010100101101110111001110110100011011101011110010001000011111010011001110011001101101111
110100110111000110000000100101111110000001100000111000011111001100101011100100001110110011100010
011110011100100101101110110010000000010010011000110001011001001010101011011101111101101011001101
011111111110111111110101001000111010011010111100011111011111111001111101111111111101010111101110
011001011110001011010111000111111100011000000111010110111111110000010100000101010111111001111111
011001111111011010011100100011111101101100011100001101111011100110100001011001101010001011101010
011111111001011010111011101111111110010100101111010011001110100000000011011110011010111011000101
101110010011000010011000011110001110001101011101001010110010010011100000100110100111111000001011
001111110101100011100010101111000001111111101100011000100001101111011000010101111000101101100000
010010011010000000111100000011100111000000011010110001011101000000011111011011100011010000100001
100101011011100010111100111001111111011001101000101111001001001110110000100011110001101101010100
100110011100000010000110111110101010100010010100110000001000110111011011000001001011000101111110
100011001110100011110101111100011111100011000011101101111011100111110100001000111000100000011011
010111010100110000100010011101111110111011100110111100010000000011000000010101010001101000001011
001111100011001100001101010011100100110010101101000110001100010100001011110100100011111110111111
010001100101001100000110010110000111101000110001001110000101000110011101011001101111011011110001
101100111001100101000111100111011000101010010111000101000000111010100001100011010011011011011011
011000111010000000110000100101001101110001010111110011010000110000011000111000011110011101100000
111101111001101111000000101010001110110010010011110110100100100010111001101100001100110111110010
011011101001111001110110100100101100111000010111101111010100100101011001101110011011011111111101
011000100101001100000101110101000110101010000101100111000110001101111101100010111111011100000011
111111110011101001011101101001000001111001110101011100000101101000100101010001000100101110100001
010001101001011110110100010110111001010111000110111001000100100011101000101101110000000010011100
111001111101011101101101111110001101001110011010100100111000100111100100001110100110001001101100
101111011100001110111100000010101110011010000011101111111000010011000011001000111001111111001010
010011010101100000001111000111000110001010010100111101011000101110101110101000111111000100100111
111110100010110111000010010001011011110111101101000100111101001101011101100100111110010010011101
101100101110011101001110101101100110101000110111000010001011111010111001111111110011110001001110
101111010010011000111110010011101010010101001101000001110101111101110010010011110011100100110010
100000100000110010110110011110010101101010111100010001111100110111000100010010000011011000100110
101110000110000011010101000011001110111111110101010100000010001101001000000011111011101101000000
011101010100100111101111000001100110111100001100111110101011000010000101011010011000001101011001
101000011001010111101111010110001000011101110001101010011010000111001111100011101011101011010100
011110011100111000111100100011101000111110010001010000000100000111111011110010100100011110111010
010000001001011101111101101001110111001000111001000010001001111011110100010001011100000100010111
001001010011000001111010011010001010111000100101110111011110111101011011011111100100110100110100
110010110110100110111101000000111000001100110100000011101111101100000111101010100101110111010101
001100101101100110001001000111000000010111000010000010100011111100010011000101101000001101011001
010101010001001111111110011011101101100100100111101010001100000100111111110101110011010001010111
110000110000100110111001010110000101011111101101011000110111011000010001110111011000100000011000
010010101110111010001010111011011101100101011000010110011001100011101010110000100001100010110011
011100000110110100101100010101001110101110011011101010100011011000101001010100111111100001111000
001000000111101001101000100001000101011000100010100111010000000001101110000001100100100110110000
111100001010111001100101111011001010001110100001000100000010011001101000011001101101001101000101
111101101100111111000110011000010011001111011101101101000011001011011001011101101011110010001010
101010011000100101000111111000100101000001111110110110011101111010110000001011011110010110111110
010011000101000101100110010101001110001011011000110011000101010000111101011111010100100111011011
111111100110110101111100011001111111100010110011100100000111000010000001110001010101110000010111
000010110100110111111011001111101111110101110101110001100111010000111001001000001000010010110011
001001010000011100101110001110001000110101100011010101101010001010110000100010100000111000111110
101100001001100111100100101111110111010100100110001011110100111110000011000010110110111001000111
001101100100010000101001001100001001010110001001000100010111001101000110010011001110111010110010
011110011110001001100010100011111001000101100100110101001010011011101111001000101110000010110111
010010010001011111011100100101000101010101010011001100001011000001101110011111100111010111101100
101010111000101101001010011110001110101101000010001010111101111111011110011111010010110100100011
001111110110001100101001010010110100011111111110011001110111110101111101010011100000010101000011
010000101011010000100100010111100000000010010110101001000011110010111010010110011111000011001000
100110111101110100010110101111011100101001111110000111111000010000000111000001010110010000100011
111010011100010001001100111111110101001101100011100001110001010000011111100111111001101011010001
011100010110001011101110000010100011111101100111111100000000000111111011101001101001011100001011
011110101001011010100001010010001111110011111000000111011000001011011001011101010111011011010011
000100011111011100100001111101100001101111111111100111010100110000000101101010011010100001111011
010100010010010110101100000010100000101100010000010010100000010001001101101010111110110011101001
101000011110110110001010100100111111010001000101010110010101010000110101010000110100011111011001
000001110111111000111110110101110001100001100011100011001011001001000110110000101011110000011001
110010101100001010111110110100111011110110001010111011011111110000001001001110001000111011110001
110001011000001000010100011001111111110011100011011001000101010010101011110111001010100110001111
010000000110110000011111101110010101110011000010000011000101100100000000010101110111111010111000
001000100001101110110011101001011110010001110000001001011010010111100000001010000110100101110101
011010111011101011100110100101110101001011101111111010011011011101111110110010101000011011101001
001110010000110111001010111100110110011010100001100011110111111011001101010001001111011100111100
000110101101011101010000011000100101110010010101101010110010111001111100011110000100111101100001
001000101110100110010011110010111111001110000110001111110111101110101110101010001000100001011111
110011000010111001000111010010110111110100010001100101101111011000110111011001011011001111111111
000001011000000111010000111100001101100110011101111001100011101100011010010001111100010110010000
110000101111001000000011001110111000111000011011111001010001111110000010001011001101000011101110
010100100101100100111101110010010101101010101011011111001000010100111001110000011001001100111110
101010101001100010010100110110010010000100010011111101011110000110101110001100101100001100111011
000000100101110001100110001111001010100000110101001100000101100110100000100001010000010101111101
111010010111110100000000000100010110101111110101101010101010001110011101111111110011000111100111
101001110101100110010100000101010000000011011101100100110111000010011111010010011010101100100000
100111010110101111001001001000111101001110010100100011110011010111111110111010010101110110100001
001110011100000000011101111000110011001000100010000010001111111100110101010011000000010011111001
011010011001011110110101101011111011010111011000010010111110100100010010111011001011010010011101
000110001011101100010001101011001001110100110110100110001100011110001000100111101001010011111100
110110000011000010000111100101100110000000001110100001100100011100100001010001110101111011010001
000000100100011100111001100010011011111100001111110001010000001110100001011101010011000101110011
100101001001100101001001000011111100101101101110110111010100010011011000101110101010111100001100
000111111101010001110011111010001111111010010000101011101100110001001001111011010111110010010000
000101010001101101010111010110011000010001010001101010011001011001011000100100111010100010110111
010100001010101011001000100110001111110011111101111111001010000111101000011111101011100111011001
111010000001111111110000110000000001101111110101011111011110110000110110111010001111010111010000
011111101111010011011010111110001111101101000110001110100011010000001101010100101001011100110110
101000100111011111001101101101000001010001111100110001010010001100011001000001111100110011101101
011101011100000101010001101011001100111111100101100110010111001011010100111100000000100110000110
010000110001000011100100000100110010010100010111010000000010011110001001111000101001011011110001
110011110000111110011100110111011000110011001010010101110001010100101001000000111110100001101000
010110011110001111000110001000110110011010010110001010111000000110100101011100000001011111101011
011110101100000101110101101110000010110010001101000000001100100101000101101011110001101011101101
000010001001011101110000111111111111011110110010101000100000100000100101111011110111001010011111
110101000011001101001111100100011100110111000010001101111000010000010110011100010110110011010101
110101110001000111101111110111000000100111100111110010001000101011011100100111001010100110000010
100111000000001111011000011101110000111000110110110000010100001100000101100010000010010110010011
001010000110000100101000101001001000001110001011011011000001110000100000010001010100010001010100
011001110110101100001011101011111000011101100011111000101001010001001000110110000101011110110110
110001111000011110011001000110101111011001010010100101111110111101111101110100111101000000000011
101010110101100110001110000001001011100111110111011100110100001110001000010110110000111000110101
110110000011100011101110100100011000111110001010010110001010101101110010000100101011000100111000
100110000010000111000011110011110000010101000100110011110011100101011100010111110111001010011000
010000011001110111110110111100110110010001110010000010001101011011010100100000000100100001000110
011111101001110111000000110100011110111001100101100101100111001110100010100101011101100001011000
001100110100001110100110010001100010101000000001011100000000100001010111000010111101111111111111
111110011101100000001001111101110111011000011010000001010101101000100010101110001110010110000101
111000111110000100110000000000111111011101000001111110011000110011101010111010010011101101010000
001110001010110101011111101000111011001100001000010111000110010001111101000001010011000111100000
100011101000111010110001000100000111000000111001010111100011100101100010010100001010101010110010
000000000111111110000001010010101111010011011111000000011011000001000100110100110011001110100101
000001111000000100111101100100100110100000110111000111100110100011001110100001000101001101010100
100000111111100000001100011011001001101001111001100010100111100101001110100010110110111111011010
101110111010011111010110111011001010000000011010111111001101000111111001101010010001100001110001
010100100100111100000000111011111101011010111000101001000111111010101111100010101110001110011010
001110010111000001110100011000010101000111001100001101111110010111011110111111110001001101001100
101110110100011111010010000111100000110111110101011100101101100101001010100110001101011111100011
011001010101100110001001100001101111000010101100011111100111010001101111001011101110101101110001
111100111100000111000101001101001011010010101001011101100010101001001000110110001011010100101000
111001001100100110001010001110100000000010100111110011110010101100011101110010111000001011011100
110000100101001001001000100100100000001110000100100000011000011001011111010101000111000010111001
101010101110010001000101110010011110111110100110101010011001110000110000001100101110001000100010
010010101010010100010101110110010110010001111001111110110101011110100011000011101110010011001101
100011110101011101001011110011010101011111001101101111011110101110000100011111100100011001011111
100010100000001110100111100001010000001101101100011101110110110110000110000010001011100001011000
011000101000011001000111110100010100100101010011011111001110000101111001010111110111001010101010
100100011110101100000011001000000000011001101111011101001111000100101100101011101010010111000100
001000111101101001110000001101000110010111100000001111000010010001101010111111101101111101000010
101110101110000010100101001010000001110011101101110010100101101101101011101000010000100101100000
111010011110111000101111100100110011111110110101100000000000000100010001111000100010111011000101
110001011100011000000111011111101010000111111001101011010000111000101111000010111101001010110100
111111111110000110111100010010101011111011111101001110110011010000101010001100101101101101000001
110110101000111101100111011110101001010000110010011100011001011110010011010101011101010100111111
100011111100011011101101111111011011001110110110001111110011111110000100100100000001111111110111
011000011001101100110110000001011111111000101011010011110011110110110101100000101111011000110011
010100011001000000110111111100101100111001011111000010000110000111011100101000001010111110110111
100010101011100110100001010101010110000111111001111001111001100001011010010000000001001000100101
101010110001010001110010011010101111011110010010111010011001011000001000111101100001001010010100
101001100010010010000110101011100001010011101100001110011101101001100101000100001110101101101101
010010000111010011000011010111111100101000101000010011110000110001010000000100011000110101010010
011111100111000001000010000111011111010000100111111011101000100010100111111101110010100001101001
010010100111001011011010101101011010001011101010001010101011001001111010111000010111111001010011
010011111101111110010110001101101010100111100010001010010100001101010011110100010100100011110110
001100101001010110100111001111010000000001000111101000010001110010110000010001010110110110011000
000011110000000101111010001111110101001100100001001000010001001111110101100101000110001111001111
010100110111110101011111011101000001110100001011011011110011001010001101111001000001000101011100
000111111110011011100011101110010100000011010101000100111101000000010111111010101111101010101001
011011101011110010110110011001101101101011110100101100011001100000000001111001101000110101110011
000011011000001000110000100010010101001000100110010000000001000110010010000011111111001011001100
100011100011000100110011001101001111100011110111110111011101010111001100111011011011011000001001
111110000001000011011101111011110110001010011111110010111010101101000110011111010100011110110100
100110110000000010000001101100010100000101011001011100000101010110100011100100101001001100101101
000110011011101001100111011101001101111001101001100010000110001100010010011111101001100011001011
111101010011101011000111110110110101001000001101101010011100100100010001101011100101000100111001
000000000111101010000011001001110101101111100011010011010010110100101100111000010110101011110000
111001101010110010011110100100001101110101111010111100010101001100011111100101101001110101000111
000110101100101000100111111110100011111100010011100001101110101101001000100111100111100001100101
100001010111001001111000111001001110001101001001111111101001000000111011001000010010100001110111
100010010000011111100000000010000100110111101010101000111001101100011000101011101000011101110101
110010101100111100100011100100110101110010111100100010000000011100011001111010000011010010000011
100000111011110000110000100010000111101101100101001111100101010011100000100100011000011001000001
010101100000011001100010100010011010010100001101100001001000010011101100111110101010110101001111
101100011001101100111100101100000011001101110100111011100000000000011011001110111000001111010011
001000110111011011100001111011001001011111101010000011000100101111011000011110101000110110101100
010011111000010110011101010001110111110110000010011001011110001011101011000001100010000011100010
000101100100010000011011011010100111111101000000010001010100100001111110001101001111001110010000
011001011010111010000101001110110011101100011110010011111011010010000000000100001110010000101000
111001000110000000100010011000011100010110011010000000100011011111010111011101011011000100010101
110101011000101111110011000101111111010110110010100100100100010110110110110011101100010100110111
111000011111000010010111101001000000111111000100010011100101001100011010101101101011001010101001
110110110100001100101011011100101010001001111100011101100100101101000000111111111010110010000101
110111010000001100101101101101000110110111010101010010011111011101111000111101100000001110110010
001000101000111000000000100011111110100000101111111110011011110111001000111010100101001110000010
111011001000110100100111100110110100011000101100111011011100100010111110111111011111100101011011
010101000011110010100110011001101000110011001011011100100000110101001101010110101111110111000000
011010000101110100001100001100010100001111010001101010100100110101011000010111010110011011001001
111000100001111011100100100000001000000100001011010010111111010001111001010001111011100100000100
010001010000000000111001011111110100010111000001111111000010000110000100100111001011010111101111
111011010101111011111010100010000110100110101011110111001111111111110111010101111000011000001110
011011011001011011010000101000111100011001110011010100110111100010001011100001011101100001011110
010110110100001011110100111100011101101010100000100010101111100000100000111011100011110100010011
101011101011100000101001000100001100100011011110000101011000111011000100001110001111011010011101
100101100011011110010011110011110101001101110001000001101011111101101110111111010001011010100111
011011010000000000000001010100110100001011011111100110011010011001000011011101101011001111001011
001010110111001000110011000001101010111101001001001110100111100110111001010100011010000010101110
010000010010100111010001111110101100001011001001011001100011001011000100000110000101011011011000
111101100110100011111011100010100111010011011100100101110101101100001111011001010010010001111111
101010001000100111110000111010011111101011110101001000101111110100111001111001100001111110001001
011001000101011011100000011010100010001110010001100011000011111001010101001011001110111001111001
001100110100100011011000011000111000000111000110111001000000010010100100000001101100111000100000
011000001101000110101110010010001001010101000000011010011001111100010010000011101111100011001010
001010000111010000111010101001111110100011000111010110000001011010011101010100001010100000111111
000110101010000010100111100001001000110111000100101010011000011110111110001101110111110000111001
101100011100101101110011100001001111000011000101110000110011010110011010101011000001000111001101
100110100100100010011000011110100001100011100000010100100110010011111011100110010101101111010000
110101010100110110010110110111100011000001000110001111110010001011101011110001011111111100110101
110111101000101001100010011000010100100000111110000110100110101100100100100001110011111100000011
010000000100011100010011000011010110110011100001001010011000111100100110100011011100010011101110
111111100011111110100101011010001000111000110001111001011010011000100110100111000011011110000011
011001001101011100101001110011111111000010111101110110010101110011100010010011011001101000001111
110111100001110110101110001001101011101010100111000000001011101101110000101100101110100000111111
110001111000001000010010000110101111000101100011010100100110101011000111010001001101001110001010
011000011010101000010000011110000110111011101111001110000000000001100000011111000010011111011011
010000110010111111100001010100001000010100000101001100000111101000100100101111111010111010011101
001001100001000000010101011100010100000010111101000101001011111100001011100111000101011010101001
001101111010010001100101001000010000010110100100001001101000011000111000110101011100000101000100
111000001000011001000110110010110010010110101011111000111010110011110111000100101111010101100011
101100111110010111111111100111100110110000011010111110100101100010010111000001100011000110110111
110100100001111011001000001110100101011111110011111101010011000011111111100101110011100011000110
011101111000110110100001000110000111000101101010110110000000011010100110010110110110101010110010
000100100001001001010110110010100011000000110010100110000010100100000101011010100011000001011100
010110111010001011111100001100000111100100110011110000101001111111110101001011010001001110101010
000111010111000101001010010110110011011011000100100000111010100110001101011100110010101000011011
111001101011011011101010011100000010000001101011001101110110000000111110101101010101010110110001
000011101100110100010000000000100011010111011101111010100110100110101101011101010001111010111101
101110000000000000110010110011001111110111000011100110011011111001111100000101001101101100101110
110010011110000001101011000010110101000000101010011101100001001100110101110100010100111100000110
110000100110001100010011100110111110110001100000110000101001001010001111101111011010111101101100
111011000010001111100010001000000101000000111010011110101011111001110011110100001111011101111001
110110010111000011110001011101010000110000001000011011001111001000111101111010000010010011000011
101101100101011010000010010011111111100111000000011000000010111010101111010011001101001001000000
000000001111010101101000011110100000100000011000100001001010011100101010110001100011110100100101
111100011010001001000110010010110010111101110101110010011010111000001101000011100110110000000110
010000110111110100101111001010000000110100011010111011001100100001100100100100011010010010001101
011111011111001000001100100010011100100001011001000101100110001110110010111111000011000010010000
101110010111111110000110011100000000010101010111100111000100011000000100000110001111011000000011
110100000010100100111001110110101100010011110110111111011100100000000101101111100111111000011110
001000110010000110101100101101111111100000101010110100011101000111001101111110110111000110110111
001001110100101010000011101111101110011100111111111000101110010001010001111001101010011111101110
011010101111111110110011000111010101001010011100100001011000101111101111100001101111001100010101
011011001000110100010100111001010010110010111010000011111111101101100000100011110001100001011100
011000100101011001010111010100101011010100010111011011011100110001011011010000011100000110011111
110011011100101110001010111111101000010110010101111101001001000111000100011000000000010001011010
000111000110111110001000011011011101011111110001100000001100010101010010011001110000111011100101
100000001110110101011001101000000011111001100010000001100010010001000111110011010011101011101101
001011101011110010100011000000110010110010111111100000110010000111001111100111000111010100110011
000101011111010110000100011000011001001001110001101010000100101100000100011011111011011111000001
000100000101000111110110001110100011110100001000100010010011101111011101111111101010101000110011
010011011000100001100101100110110001110110101100001100010100011110011001010110011010001110010100
100010110111010101001111011000101011100110011000010111110001010011010111100010111011100011000110
111001001001100001100111101010111001110001101111110000001011100101100110001011100100000111000001
001001110010111010101000001101001100011110100111100000001010001110111110000000011001110111101110
110011010110001011101101111010111101000111010000110110100100001011000010100001110111100010101100
100011100111110010001001111010010001110010101000101110011111111011001000001111101111001010010101
100010110110000001111100010111111101000111010100100101001110000111001001100110100111010010101001
000000110100010011011100100101000100111011011000000100111000100100001001011100011101001011011100
111010110011100111011000111001011000100010100011111110111000010010100111101100111000100110111001
101010000101011000010000111001101110011011111000000010000100010111011011001101111111111110011010
100011011111110101111101100011101011010000010101000101111001101010000111010000100001110000010101
001111111011010000110111100111001101000000111010011011111100101010111011001110000111001001101111
101000101101101010110100000101010010110010110101010100110100010011100010101010100100001100110100
110110010110011011110000110110000101011100101000000000110111011100001000100001001111101000100011
110111000110100110011111000101101110000110001000100110110000100011110011110001101010101110101111
001111001011111001000010100000101001101101000110111110001010111111001010011101110100101001001100
001101111110000001000110010000010011100110110101011011001100001011111111010100101110111101010010
001011011100010100001001000000111111110010001110001011110000101110101010100110010010011000110010
000000100010100000111101010010001101101101100100000010011011001100100000011100100001000110001110
111101010000100011101110001001001100000001001100110011111101001101100110100011000110101011101011
001001011100001111111000100000111010101100000101001101111111100100011001111010111010101010111110
000000011011001001001011000000001000111010001000000001011110001101010001001100101110110110100100
000110101111000001010100110011101010100000011100010100101000000000100001000100100101010111011111
011101000100111011011101111111000111000101010010101010100001000001011011011010000110010110011111
100100111110000110010001111111000111001001110000101001000000011101110111110111101001101000011001
101110010101111001110000101010101111110011000110111100001001000000010110111101011101110110001001
001010010000110000110000000100010111010001010001110010110010011110001010101001101000011001111101
100100100110001000001100101011110001101010110110110011000101101110001110010000111111111011011111
001000110011000000101101100111100010100101100101110101000011110000100000110001011111100000100001
100010010000111101000001011101011100101110011101110001011011100110110101111101000110111010000001
011111000011110100011101111001100100101000101111110001011111000101110001000011111011001100001111
011001000010010001010110001010111010000100000100011101110010010001100100111011000101010111010010
110111010110100001100110000000001100001001001100101100010100011001001000010111100001000110000011
101011000101010000010000100100011100011110011001011000011000000011000110011111000111111010011010
110011110011101001011000111110010111100110000011000010001011000000111000100010110000010111001011
100110110101100111110110111001111011000111111110100011010111101100110011000100100111101000110001
100110111001101001100001110110110001000100111011101011100000101010110001011011000001000110001001
101111010111000011101110001110111010110001000011001100010011011101101111101011100111111101001111
010101011001111010110011001101001110000001110010001000010001111101001001011000001011111001100100
101100001000011110010011101101000010110100110010110000101000110111101101110001100100011100101110
100001111111110010011010001101101101000011000000100010110001101100001100111001111000110000010011
101100010000101001001110001001000111101101001111101100001100100011010100100100001000000011001111
010000110111011001011011001010110110011010001101100001100101100110010111001110110011110110110110
000110000110001010000111011000000101101100100110011001000010001000011011011100001111000110101111
100101011000101101111100111011011011000111101100010001101010000111101011110111100111000111101010
110100000100100001101010001011111011111101101110010111100111000000110110110011101101010100111110
001001110101010000111110101101010110111010001011000100111000101111010110000101000011110011011001
000001100101010101101011100100011101011010101011110011010001101101010001001110100111110010001001
001011001011101100001101101011000100101001000110110001000010010111010101111001011000110111001100
000101010110101111100011110001110000000011011001010000011000100010100000001101001000010101011000
111111011111101110010000111110011101100011001101000110010000100101011011110011100111010000111111
010001110000101011101100100001001011100000011111110101101010001010011110001010011011101011111101
011001000011101111011111100000001011000011111001101101101011000001110010010111011001011001010000
011011101000010110100100001000010101100001000111111110100000010010100100010110101111110001000011
100010001110001100000100111011100100100111011100101101111110001000010110101000100011011101010110
011101011101110001111001100100000001110101010000001101101111011110100100001111101001001111001001
110101001001001010011111000101101100010000010011001111111001101010001101000101111010001010100010
111100100010110110110111110000010111011111100010110010000101111001111011001110000000101110001111
010011100000000011110011001110101000111101111110000111001110010011010100100011110000000000011000
100011101001000101100010001011010111010001101011110001000010011011100111010011001011000101100110
011000000001011100101111011000011111001100010110110011110100110000010000101110011100111100010001
110111011110010111001111001110001110110101100101100110101101001111110101001100000010010000100100
100011001110110000101001001000110011011001000000111100111011001000010101010010111011001100000111
111000100110000111001110001101110101000100111011000011111001100001100010101110110010100011011111
010001111010010100001011011110010111100100000100011101100011101110001011101000100100100011100110
001110010000010010110100001001011001110101001001101110100100101110100010101001111110110110011111
101100110110111001000110111111111001000001001100111010111000111100100101101001110110101010010100
101111000011101000100001100011110101010101001100001010101101101110101010011110010000000010111010
011100000111001010000000011011001110001010001100100100011111001010010000101010111001000001000111
000110110011011001001110110010001101010110011111010110001101100010111011000000100100101011011110
000010110111110001100100010111010010100110001111101100100111110101011010001110010001010001101110
000101111101110001111101101011110110111110101110110111111101111010010101110111111111011011110100
000111011000011101111000111110101001001101111011111010000110101110011001100011001011101111010011
010011000000100111001011000010010100010111111110101010100101110011011000001110100101011001010111
010011010110111101000000011011101110101000111000011001010111110111010000010010010011110011100101
000110111011111110111011000000011010001110100100111101110101101110000011100001000001000110000001
111011101011011001110100111001010000000001010010011100110111001001101110011110011111110101000110
010100111001010000101101010110110010100011001101111100001000011110010110000011000110011000001000
101010000111100010000010101001100110000010101001000101110101111110011010110111010111000010001110
011010001001011010011100100010101100010001010100000000001000000010011000101000101000101011000101
111011110110111110101111111100001010001011011111110001100110001100100000101110001000010101000010
101100011101101010000011110010011111011100101011011101110010101100010101101001110110111000010101
100100100101101100011111111110000111101010011100001011111011010010011001011010111111110010110001
000110110101011011000101010101100011100110100111000100011111011111000111100000011011110100011010
100101000101110101001101001010111100101000011101001000110110111000110010001000000001001100000010
011010110010101000101010011011101011111011110011101010000010000100111101001010001111011110011100
000100110110111110001000001000101010011111111111101011111000110000001100111110101101100111100100
111000111010011100011100001101010011100100000011101101011001101101111001110110010011000001100101
011011001101100011111100101111011100111000011011010010010001001010010010101011010101100010001111
111101001000000101011100100111100000111111000110101010011101110011101011110001001111111110011011
100101001001010010010111110111011111100010010101010001010110101000111111001010000010010110010100
100111011110100011100000000001110111111101100110110011110100100111100010110110011011000101011101
001100011111110111100001111110111100011110111111111100001110001110000000000010111111111111100011
001010100001111110000001000100101000111001011010001110100101011001010010111011010111101101011110
011010101011111010100110101101010011000101101100101010001001000000100000101101110000010111010011
110001101000011100001000001001100111001111000101101110010101100110101001000010011001000110000110
011000100011001001010111001110001111110000101000111011110001100110111000100111000010001110101101
111000001010110110011110000101001010100101100101101101110000111101011110111110100110110101100100
001110010101000010011100011101110001100111110010110000000101001110101110001010010110000000111001
000001101110001110010111110110111101100111001010011101011000011001111010110111001101010110101000
010011110101100111110101000010101000110000001010011000101100011011111110010000000100000011100000
110011101010111010101111111011101101000010011101110100011001101001101110010100000010010011110011
001010001000100100110111101111001010101110110100100110000011100001100101111110110000111011010111
001011111100000001000010001110011101010010110100011110100010010001111010000001001001011110001101
011111001011010001011000101100001111111100001110011011000110011111111011110110011010101000110000
000000000110011110011001100010100000011010001011101111000000101011011111000110101000110111010000
011011100111101111010111000101010100100011011010100110100000101101011101110010010011100110101001
001111001010110001001111011111001001011110000011000111101110001010000101101100110100111110000000
101100000111010010001000000001100010011001100011000011110000110011010011011001110000010100111011
000111101000110011000011100111000100010110010001110110001001110000110000100001011000100110110101
100101000001100000110011011110100011000011101010010111011100010100110000100100110000100011101011
010011110011001001000101001011001101100100101010001100111110101111111010011101110110100010110111
100110111100001011000100110101110100000110111110111111111110000111001011010000110111101111110000
110010111001101111100111111110111110010010010011000011000111010110011100101001110011101011100001
001111101010011011001100110011111110110111111100011100001110001110100110101000111011001110101101
100011111010100111010101011110111100010010000111101111111100100111001100011100100011011111100101
110111011101100011011110001011100110001010111110011101001010100110011110001101101001000011111110
010001010000111101011010010111100010111000100001100000001100100101010010000101110010100111011000
011100000000100110001011000010001110110011001010110101101011001001111001000100011010000000010001
100100000111101100100000110110011111111010111000011110101111011011001000111000001010000000010110
111110110110101101101001101000000111100110101010111010000101000000011000110011000100110001001100
000100010110010000011111101011111010101001110010010101001110000111000101011011101000111101101110
011010011100000110100101000101111001010000111010111101011111001001110010010010110011100100100000
111100111010111010111100110111111011001100101000111101011100111000110000011101111101100011100011
001011011110101110110110100100110100010111101010011011101111101010000011100111110100111011011011
010101011110000011101001001110000011111011101001111110101101111010100111110111110011000101110010
100110100110001111010001111011000011100010101000111011001111000111000010001000010100110001001110
100010011001100101010100001001111010000011000000000001001001001011110101101100101110000000110000
011101011010011001111010110100010101111000001110111010100101011001100111011100100110000001000100
110100110111101010010110100010010111001101000100000110001111000011101001010010000001000011101001
100100000011001000100110111000000100010101110100111101110100010101110100000011010100000111010001
000001000011011101000110001110100111010100110001001001000110000101110110101111011101010101100101
000100101000011100111011000010111110100101011011110001011110101101100000010100110001101010000110
001100101101110011100011101011001000011000110011001101010100001001001001111001111110100011100010
011111110110001000011100100110010111110011111111000010000111100100111110001100101011110001110100
110001111001011010101000001000001011101000101010011110101111100010100001111001110010110101001111
111111001011111000110001010100110111001100111110010100001101001111011111010001111010101100011000
010000101101101100010100101000001111010001111100000011111111111010100110011101000101011101100010
110000011101011011111011000001000101101110000110110001000010101110010001110010011000100110110111
111001000110110100000100100000101111111011110011001011100110101001111001000100001000100101010100
100100110111100000001101111000101011111111011011010001001010010100100100100110000011110111110110
110100000010110101101001110110000110010000100011010100101011011100100100101000110001000010001110
111001011100000001111010001001010110011011101000010001100110000100001001100011111110101111101111
110010111100101000001101110001100001110110001011000001011001010100001111011111001010100010110011
010011110101000000100011001011100101110101001101111111111111000100100000101111000001110101111101
000001100010100010111101101111011100010001010101101000010000011011111011011011001010110000010110
000110011110110000101101100100110111011001110111000011111000000000101010001111101001100100001101
110000110111001111001011001110101000100010101000100011101010110011101001111100111100111001010011
110110110011110000010000011011010110100011001010100111001100000000010111100011010001111110001010
010110000111010110011111001000000100101100010101001000001100110011101010111101100101110001110001
011000110100101101101001000111101010001110010101100001001001000000011110011000001000111101100100
011010111011001100111101110011101100001111000000000011100101001000000110000110010010000011110011
111111000100101111111111001001100110000000100100100101101001110001000111101010111100010010101110
111010000001101111001011111100100010010011101111010000100010011111110001100000100110100110000111
111000100101111010101100100010010001010100100100011111111010110111000101011111000011000011001011
011111011101001011010111000101111010101010011000110011100011110011111000101000101101111010111100
100010111110110011000000011110000010111101001110000100011011110001100110100010000101100000100110
101100011011111001101101001011000110000001010110100001110101111110011110010000001011111111101000
100100111011111011001011011100000110101000101011100000010110111100110001110111000100000001010000
101101011010011100111001100100000111010010001001001101001111010000000110100100110011100100111100
110010001001010110011000101110100110001011110010100001100100001110101001011111101011100010101000
011100010100111101010001000110001101010011100010110111010011001110000000100100010110110100110111
010000000011100011110110001000111101011111110001100111100100001111110101111011011000011001000100
101010000000100111010000100111101010101011011111111110100010100010000101011010000100101001011010
110111101010110011010000001011110011011010111100001100000010100111111010101110010100100101100111
011000111011100000100010001111111000011101111110100001011010000101000100010000000001001000110011
110001001010000000001100000111000110101100110100000001111100111111100011100101010111000111100101
100001101101100011101010101010011111001100001011101110101000101110111001011011110111111000101111
111011001010110101000101101011011011001010111011100011001000100001001110111100010001101001010000
001000110101100010000100111111111001110101010011110101101110001111111000011101000100000100001101
000101000110111101100000101100100100011111100000110011011111010011010011001010100001101111011101
111110101011111111000111010110111000001100011110011111110000000101111001001110100110111011101001
101010010011100110100100110000100101111001011010010001101111011001111101111110110111000001111111
101000100100011001010011011001001000100000111010100101010001000100011110000001111010111101001001
100100011000001001011101100001000011010000110100111111101001110110011001001001101011111100010110
111011101011100011010001111000111110101011110100111000111110010110000000110100011010110111010001
110111110010011000011010110001110000001000011111010111100011010110011010001011101000010010110011
010101111000100110101101010100000101011001011111010000110010110111011100110001011110111011111011
010010011111111011010000010000110001101101010011100010100101101011011000100000010110111111111000
110011010000011000111001100011111100101110100001011010000011101000101010001011110100110001100110
101000100101111001000001110010111101101100001001000001111001111110100100001111101100001011101101
101111101100000011111100101010111110011101000100111010010011110000011101100001000110000001000011
110001000000110011000110101111111010000010101101110111001001100100100100010101111011100011001010
010101000010101110101111100100101011101000001110000000011000110000010100111001101111111001111000
111000110111010101010111011011011111011001000100001000000011100101101001011010111010000101000100
110101010100010110011100000000101101000100011000011111100111001111010110001001001111101100110001
000011100000011101001100111011101000101111010010110000001010101000101110010010001001100101110100
111101000010010010010110100110100010010111001001111111000011100101001011101000000011101100011010
111110101001111010001110101101011010100111101000110110100001100111100101001001010011101100110001
001011010110111111000010101000010100111010110001010101111011110010001010110101111001011011011110
101110111110110001111101101001010010100010011100110001111110100011001010110000110000101110111011
000001101111010001110111001000111010000101110010110000000011000011010010011010111101101100000101
110110111010010100110100100010110100000111001111011010111000101110010100100111110111110010100101
101001010011100010111101011001000100110010110011100110010001111001100100010000010001101101100000
001100111010101111100111001010110010101101010010100011010101011010010011001001011111001100010000
010010111010110110000101110101110000110101011110110110111110000101011001101111000110000101001100
110010010010101100011010000111110111001111001110010001110110110110010001011110101110100010011110
001111111111000110111101011011110110111011110100000111001010000101010110100010110101001010101111
011110100011111011100110110100101011000101011001110011010000100111101111110101010110100110000110
111010011010010101010010010111111101101001101101110111100010100100001000011011111110011100001101
011010111010110010100101111110011001100011011010110011000100110000111011001101110111011011101000
001110001000011100001111101011110111100010000110000000110011111101010000011011011100110001101011
111110100111111000000111010100001110011011110100101101110010110001111000010100111111111110011110
001101000111000100101100001110001111101111011111111011010000100011101000000001101101011001001011
100100011101111110101111110101100000001111000010100000001010010110101001100010010110010111001010
110110000000101110011101101000110000000001111011011101001110011011111101001101110111101001111010
110100011010010101101100010110110001001010010100100000110110010101111001101010110101110100010001
100111100000000010001011000110111111111111110111100000011001001001000011000010000111100000000010
011010101010111110111011110111010001101000111001111100100101000000001110010111110001011101101101
110100110111110110101000010101111010000110110010100101101000011000100101001010010100101111111011
111011001001001000100011011101010000000101000100111001110110000000111011011000111001111100101000
110010101011000101111011010010000011000001010010010111010101110111010111101111111100000000110001
111000101010110111000110001100011000001001011011110001110000100000101100010111001100110101000000
000010100010011111001100111111101101110100000000010100100010001010100111011000100100001010001100
111010110010111001000100011101010110110011000011001010101010000101110001111110010000101111011001
001101011110100101111001100110111100011101100110001010011001010010111000110000001001011111110100
010000101100001111001101101101011100110100001010100101000011001000011001100100000010110111010101
101010111011110010111010111100001100110011100101111100010011001010100101101101110110000000010001
111111000100111110010100010100110010110010000000101011100110011100000110101101101000000100001100
101000011010000001100000000100111100011111100110000110100101110111101000110111010011111001010010
111001101011000010001011000001011010011111111110111000111111111111010000101101001111101101001010
101110001111010101000001010110100011100111110010101000100001101100011100100101101000011101110000
101011001001100011100110100010100010000101101001110010100000110001100010100011111111010000100001
010011100001110100001100010000011100100111101100100101100101111001000110010101110110011010000101
001101100100100000001010101110000000011001101000011100010100100000100010110100001010100110010101
111110101100101001110001001111101001111110001111011110001100011100001110100110110000101111000100
011111100010000110100011001011001011101100110100101000000111100010100001010111111101111111010000
110110000110101010011000111100010101100010111011001001010001010101110000110100000000110110110101
111110101111111101100110110000001110010010001000101110101010000010111010000110000000000001110000
001001010111110000001001101111010000100000111110100001000010101010101000110001000110100010011011
111100100110100100011010001000000101100101001001010101010000001110111010101110000001000100100010
111010101110111111110010101111101010000100001011011110100100110011010000010100011000110111111001
111010111011011111110001100000001000001000011001001011011011110010110011111010110001000100001100
000100101100101000110101101010001000110110100000100100011101000100001111000101011110011010011101
010001011110100001100001000101100111101010101101110001101011000001100001011101011001101010111001
100010010111011111001010101010111010100000110101110010100010000100010111011011001010010100001100
111010001010101001101001100011010001111111011011110111111010010101111110001010001101010001011111
010101001011111001010000100010110100001100100010001010100001010101000011101101001000110110111010
000011100101010011001000011000001010010011011111001101101111001010101010100010001111000100010001
111001100111000001000101101011010111100111000100001010011100110110111111001000011010000100010001
110011111100101111011100100011110101101110011100110111111100111011110101000101010100010011110001
010111011010001110011101100001000001110101011110011011010000100111111101110000001000011110010001
011110001100010010101010001110010010011001011000111100101010001101001101100010100101010011100011
101100000100100111110111100100010110111111100110110110110001001011001101110100111001011101000011
101000010100010100001101000101110011010110010000100110011111001000001000100100010101110101011100
100100111100100001100111000010011110101100010011101111010111110110100100011110000011000011101001
011111011011011101010011001000100111111111000111101100010011101001110101000101101001001110111000
011000010101101001101001010111011011110111100001100010000010001111111000001001101000111000101000
001111001111000100101001001110011000001000011011101000001100011110110001111100000110100010011011
111110110011000000110010100010001101101110001100001111110110100000001011000101010111100110000001
010010100100001010000101111000110101110110001100100010111010010101100111100111000110101001101011
110010000001001101101101111000011100100000101001011110100111100101010000100110101101000010110000
100000101010010100011101000001010100011100111000111110010100011110110010110110011110100001111000
111100111000000011000111111110001011110010110001001000110000100101001010110111001110000011111101
011111000110101110101001010111110110011111101100001011000000111111110101101101010001001101101000
101111010110000110100000101111101010100010010010010010010101000101111001100110010101010100001011
111111011111100001001001011011111000010011111011010100000011011110000010010000101000110000100101
110100011111011011100101010110011010110100101101101100110001000011110111010100101110101111111100
110110110110010110101100100111010011010010000110100111010010100011010100000101010001001010111010
111111000011001101001011100000001000111100111101100011111000100010000010110011110110101110111011
110001000011111001011110001110011011000000101101011100010011100101000111110100111010010011001011
011011101001110000011001100011110010111100110000000100110000011110011111100010010110111110011010
000000110110101101110101011010001010001100001110001110000110101001100110101100010101011110001111
100110000111110101011000111100000001000110110011101000011100001100111010000010010110000110111100
110000100000100010100101010100100010011010001100010110100111000101100001011101000101101010000100
101100011010000111000001101011101000001001001001010011000101111001101001001010101111101110101011
101010011011111110011011101001101100000111101001000001110101001101010100101111101100000010110010
010010110001001111100011101110000110101010100110110010000110110101011100010001000001011010001010
111000000100110010000000101001101001000111010010110111011110001101001001110001001100101111100101
010001110111100101111001100101100101101000101110001010101101011110000010100100010000000101010101
111011111101010001000000001111000001110000011010110110110011101110101001111011110001101110010000
100001111101111011110000101100110010001000011000111100101110100101111000010010110111000100010110
010111000000101011011000011100001011010011000111100010010000001111011101011011010000000011011101
100100001010100000100011111010000001101100001100110000111110000011011010010101001001101000001110
100011001100110001111110101110000110101000000111010101111101011101010101000110111101010011000110
101011110111010010011111110111110000100100101010111100111111010100110100000101110111101110011011
110111110111101100010101111110100001010111000101110011000001000100100011000000011100011111001110
011101011000001011001111000010010101001101110100100000110001100100000111011101000000110011100000
011011001111111110110010111010010000010000011011100100000101011100011101100011100101000110001000
000011101010000010111101001011100010110111101001100110011110100101101011110101011001100010001101
110101010000101011111101001111100000011101110110101111101011111100100110000100110111110110001100
011011010011001000001100100001010111010111000111111000111101101100000110011100101011001010000100
111010010010001001101110011100111100001101010010101000110111110101101110001101000010000110000101
010101001110100001101010011001001110010100101110110011100110011111010111101001010110110100110000
011100111001000100000011110111111011001110111000011000100010110010011000011100011100100001100101
101111011010100011110101010101010111110000010000111110100011011011100011011000011001111110010101
111100101011011100100001010110011110100001001110101010011010001000010010100011010100010111111001
000100101100100010010000100110011000010001011000001000101011111110001011111011100100011111011000
101101000000110000000001111101100000111111000011001110010101010000000011011111001000100101100001
100100110010010011100101100110111100000110000100100011011010110010000101101110011001101010101011
000010001010101100001011000111010110000000101001101101110000101010100101101011010100011101000011
111001110001011010010100111110111101101111011101001001011010000110101110000000011110101101000000
001001101001011000000110111100000010101110010101001100111000100110100100001100000100101010111101
110011000010000011000010011010111100111010111100111111001011010111100000000110101100100001011111
001000001001000100110111001111101101111100111100110101001111101110011101100011111000001000101000
001000101011010001110100000010101100110100010000000001001110110001101111010100101000101101100110
111111001010111101010011100110111110100110100110011111011100001100010011101011100011100010010101
011111110101100011011101001000001011111000101011001011101111010100101100101001011001000001110101
000000100110111111010010100011001000110001110101011001001011110010101100111001000101001011000010
010110010110010111011101100001001100010100101110100100001010010010111000110001111010111010011100
000010111000011101111100010000110100011001111101101001111110011001110110000111010111001100101111
010111110001000110111010011001001100110011010000011111100010000010100001101111100010000001001101
100111011011101001011101010011100111010011000011100001100001100110000101110100000101011011110110
100110101010110000110101011111001111010100111000111000000001000101111000110000111111111100110001
100101010101000111111000101001000101100101101010101011110100000100111110110100010000001101001011
101100110010110101110000100101111101011011011101010100110010011101100001001011101011010100011111
011010001000000011111001001011111111111010101010010101110001011000010111110111011011110011000110
000011011111000100011101100001011010110010011101110001001011100001100011011001110110000000110110
111101000111001110000101010110011100010100100010010110100110011110110010001010010100001100001000
011110100010010100011010011000111110111111110010110101001100001100010100001010011110011011010110
111110111101111110101101111100111100110001110100110000110011001010011001110001000111110001010010
100110001011110011100010110101110101100111111000100001100001110101101001000001010101100000001110
011010111011100010110101010100001000010110110110011010101011101100000011100111101110000100101000
000011110101000010011110101001000001010101100010010111101010100101000100111100111101100110011100
011010010111001011001110101111011000101010000000110000000101100110001100011001000110001100110001
110011011010001100000000011011011011011101111010101100011100110001011001101011001000001010001110
010010110011011010001101110000100110001110110000111101001111101000101000000010011010101010000111
111110010100110101000011010101001010010011011010111101010101110101011000100101010111011011001011
000100011011011001001011100110101101001100000101111001100100101011101111111110101000011100111110
100000010111001011110011110011111001111111110111110101101010011010000010000100010100001100000000
110111101111111010101110100001101101101011011110100001000110001110110110100000001001111011101101
101100100000001100101111101100000000111000101000100011010000001110100111010101101010010010101101
011011000100100100000100011011110000011011011110001100111111101000000001011101110011100011111110
110110000011101001110010010111111100010110111110001110000101011111011000101010001101100010111001
000110111011011010010110101100101101101110001100011100101111010011111001111001101110101010101011
010000010111110101111101110100010100001010100011001001010100110110110111011111100110000001111001
100111011101111111011000010000010110111011111100110110011010110101111111101111100000111111101101
101111111001011100111101011000111011100111110110000111010100000111111000000101011110011001011010
100000100011001011110110000000000111010000010011001011011011001000011101100001100000000011110010
010110011110010101101011110110101011101011010110101111101011110010011100100000000100010101011111
110111110100100101110011011010010001101010000110110010101100101011110010000101011100110010001011
110111010111001010111110010110000101000110000010001000100110101111100110000011101110010101100011
110100011101000000101010110011001010110101010011011000111100011101111110010010110101000111000000
111001101001100100111110110110011111110111110110111110001010101000100010010010101111101101101010
000011001000101000001011000010110010011110001111011100011100000000111001111110101101010100010010
000110011010110100001010000101101111010001100010000111110000100100101000111110000011100111001110
110110101010110010111000110110110100011001000011010000110010110000110001011010111011010110101011
110100100000110110110110111000011100011001011111011010000001000101001001010011001010111110111100
110000101000011101000010011010010011101000010010011011101101101000001010001110100000001001001011
100000111001100000011000101001110000001000110011100001110001010110101111010111010001000101011110
111010011101101010111101101010110100110100101011010011110110001100000010010001011010100010010000
001110111111010000010010000011000111010000010110110110000000110110011011110110100001110111111100
110001010101100001100011010010000000111101001010110010010001010010001100010101000011101001111101
101000010111001101110111010000110100101100011101100110010110011001111110100101011100110111011001
101110110001011010001111001101000111000111110011101100110110011010111101100111100000100101101011
101101000000110010011001010110110111011011010001101001000110110010011111110010000010100011011010
010111110000001001000110001100110010001110001001111100101110000000110000111001011101010110001001
111001101101101110001001110010100000101000001101110101100110100010010110110000001111010000110011
111001101111000101010001010110001101110000110001100011100011101010110100111111101001111000110110
011110101010001001110110111010111100111011101110110010110011110010101100111010011100010000010001
000111011100010110100111000100010100010000100011011011011101000011110110011011111001011010000101
001101000100000100100111111101111010001001011011101111001001010110011111010011110001101001101100
000100010111010111100100101011010101011100110000011000111011010001010111111101100110000000111001
100011101110111101101100101011110110111000111100110011000110100100001011010100101101111101011101
110111000011010111000101011110111010001111100001001110100100001111101111111011000101110110101011
100111111100011011110100111001111111100001110100101111010000110000100011101101100110100011001011
001100001100010010111010110100000110101110100010000110000000011000011001010011001100111111011010
110011110110001010010000110110011110111011101100100100100001010001110100100100101110000011111111
000010001101101110010110011000100011010110100111011111010111100010011111101000011100100001110000
001001001101111001110110100000100110000110100101111110111011100010101111110110001111110001100011
110111011001101110001100110100000110000010101010101000101110001011011001011001000100111011011111
101011001000111010111011101111000011001010100010110100111111000100100011101011110100011010001101
010110000001101111001001110110101011001000100001111110100100011000101101110011111110011100111101
110010000011011101010101110101110000011001000000010011110000110001011010010101100010100110100010
010000000010011000110011000011000001001010010010011100000000000111110000000000000100000110010100
100001010110000010100010001111000010010001011011111011101000101011111011010001010110101110011101
100000010011110110000101000001100101101100101110000001101001100001011010100111101011100010111011
100111001101011010011000001001111001000000101000110110100101010111111101000000111110101110011011
111011011010111010001011101010111100101001110110001010001011111000100111111011001011100001001011
101100010111110010011011010000011000010110110011101111100001111110111110000110100001010111100001
001001100000000111011110010110011101110010000000101100111010010010011100011100101001000011100111
100100110001110010101100011101000101010101100101001011111101010100000101000110110011100101111110
010100000011000000100000011000100111011011111110101010110000100111000101101010101100010110011100
110101100101110110010000001000110101100110110011110100101110110010010000100011011001001000110111
011101111000000100010011011011010011110000101111001111001000011101100011110101011000001000101010
100001110110001100110011110001010011101100000110101001111110011000110100011100001000000000011101
000011101010111011110001101100011011011001011101010110101111110001110101000011111110101010010100
000000010110001000001101110100110111011001000101110010100101100010100100101011111000010111001111
100101101000000000011110010111000000011011010010100010111011111010011110010001011000110111001011
101011100110000000000011001000001011101001110010101101101000011011100010011010001000010111010111
010011001001010100101110111111011011011110011110101101110111101111110110001111111111001011011001
111110101101000111111111000001111100001101100110111101001111001100110111101111100000110001010011
101100001100101110011000010010111010101100110001001011001000011111110101010101000010100100000110
101010100101101100011010110000111100010110110111010010101101000011110100110110101110010011010111
101110011000001011001101010111001010100001001010011100010100101000010000101111111011111111001010
011010001101101001011010001100100010011110001111101111011011101100000110111100111001111100011010
011111000100011010001110110101000111011101100101010100100101011100011011001011001000111110110011
010100101000000110010111011000111001001001001001010110001001111110101110010001101100111001110010
011011101000111101000110110101010101101000100000000010010111001110110111101000100110110110010011
111111010101001011101000001011111101010010110101100001010001110100010101100001001011011100001111
010101011010101001001100010000101101111110101000000011101011110100100000101010100110111101101000
011110110100110001110111100101110000110110001001110111010000010000110110100110110101001101010010
000110011001100110001100110000001110001000111110110011001100001101100011110011011010111000100001
111011110111100111110110110010110110001011111001000101010010101101101111000010111101110111110000
010010100111110111001000011110000000111011001100100100111100111100010111111110011000100111100001
100111011100001010010101011101001111001110001010001111000101001100111001000000100011011110101111
010011101111010011110100011100001111111100101000000111100110111100001001000100110011111011101101
010111001000011100101101011000111100100100111110111010000110100000010000100100001000110011000001
101100101100110111110001001100011000100100001001100000111110111010011110011111110011000010101111
010001000010110011100101000011111101110000011010000000110110011111000000101110001001000111010110
110101110110000101101101011010010111010111000001111100111010001101100101101001111010011001100010
010111011100111010011100010110011010101101010101010110010101011000000000110010000011000010000111
010000101101111110110010101000011011001011101000110100000100100001101100011000010110011001111001
000100010100011011110110111001101000110110101111011001000000011010010111011110000110001001001000
000111111101010101111101111001110001010111101100000000111110101001110010010100010111100101011100
001000010011000010111010001111100011010011001110100101100001001100100110001110111010111000110101
011000011010001000101101101000010010101000011001001000011000111011111011110100100100110001111001
010111001110010111001000101110111000011010101001100001011001010000011111001100110111101011001101
101110011100100000110001111111111101010111110001001011110110110000001000100010101111101100010101
100100110001011111100010011110001111110110101111111011010011100101011100010110110000100101110101
000010001100001101001111110111000001101010100001000011010111101000000101000110000101011000111100
111101001001001001010011111101101010000100110010010111101110000000001111101010110110001101010011
100010110111100010111001111101000000110011110101101111001110110101111010111010011111010011000101
110011010100010001101110110100111100110111111110000100011000000111011000010010100001000000111101
111000010001101100110110001001101011001101111101110111110010100011100000011010010001111110011111
010011111100011111001111001111100000011111001001011110100011110111110001101100011010010111110000
111010001101001100101110001110100101011000000000011001111010110011000100000011100000100010100011
111001000001010011011111100110111000000000101101011001011001000000000110001100101011101011101101
011111000000011000100011010000100011111001100000101011000100000111110100110000111101101000011011
000100101001001011001001010010001011100000110011000100100001111101100011111010100100010011001111
011111111000000101001111110011010001001011000001001000111111001011000010111001110001001000101010
100110011110111001011010110011000110111100001111011110001000011011010000110101000001010101010000
100110110110001000111000010010000110111101101000101000111100000100101101110100000011001100101000
010110110000110010000000010000110011110010101111101011110001011100111111011111111010111100101110
101011001001001100100011011001110000101011111000111001100101001101111111001101010011011101011011
011010000001110100101101001111001000000001000111011100111010010101111111100101010011011100001111
111000101000101010011111101111000101110011100000000110110100101010110001110101011000111010110001
011101100010110110100110101011001001001011011100101111101010110110110100000011110001011100001111
100110010110111110011001000011000101001001100110100001000111010000000010000001111011100001101100
010010100110100101100111100000000101100000100010001011100010010011011000011110110001001100011110
100001110100011100100101011011001000100101011000011010000001000100111111111100011100000110010100
111100110001001010011000001101110001110100111100110000010001101010011011110010110111101001111111
101101101010110101110011010010000110111110001010100000001110011010010000110011011010010010011010
101100110111001010010101101110100100111011001000001001000010010100001010111001100110000101011101
101100101001010010010110110010101100001010111110010000101000101101100010001110111101010101001111
111001101001111010000010100011001100110111011100010010001001110000110000001110111100000100010111
001011011101011011110101001111001010000111010111010100100101011010101111001111101001000001101001
100010010100101111011000110001111010101110101000011000100111111111100000111000001101101000111011
010000001110110010000010101001000010100100111000111001010110011110110000001111011010100110100011
110101101101011001010011101011110111111101000101011111010000011000000110101111110010010100011100
000101110101001000010101101111100010101110001011111110111111001010001001111011001100111010100110
010110110101001010101110011001100110011011000000101010000110110001100001011111111100000001000001
001011100000100001001110011010101011101100011111100101110101010010101000001001111101101101111011
000011101010000101100111111011100110100101000001011111110001000111101010001010101101010100100001
111101000111101001010000111101100010110111011100001111010100010100101100010011100011000100000011
001011110000101010010100101011100111100010000011111111110001000001001000000100101011010000010000
100101110001110000000100111110001010111111011001100001100110011110011101010001100001100101101001
010001101001111110100001110111011111101110101001111000010001000100010010000100111001001111101100
001000110011101001111001100000010001000110010110010011010010011000100001100010111010000111001011
111010100110011001101100001100110110000001010001110001110010100101101101101000101000101001101000
101010011000010010100100110001000111101110111011010011110000110001111000001101011010111110100001
100100000011100101111111101101011110011111001111110000111011100111011101100011111000010100100010
010011100000011001001100110111111010101111110000101101001110111110100100010101100100111110111011
011010000110110001101010011011001000010100110011011101101110010111001011000010111111110000111110
010011101101111000011111001010110111000101110000110100111101001101011011000001101001010100100010
101000000110110110110110110111001100110010100001011100100010100000000111101011010011110111010100
111100000101101110000000100010100100101110010110100001010011110011101101000110001110001010001001
011110010010101001000100010101100110110000011011001010011100010000001100001101110110011010011000
111101011111111111001001000001101000000000101001011101000101111010100011100011100011100100110010
001011000010000101000101111110010100010100110101100010001100100101001001111001100111010011001011
010110110001100100110110000101110001000010010000101101001110101100011011111110111010010111011111
101110111001010000011110111110001110111100111101011010100001000111001001111100110011110111111111
110110011010011011001101111101111010110110110110111100111001101101010100111111111011100101110001
000101001010000111001001111110001100101001101110110010110011101110000011100011010011111110111100
110100010010111100110000101101001100111001000010100000110100010001111011011011111000011001011011
111000100010011100110100101010001111101110111011100100110011001001001010011001001110111011010111
001001101011000011000110111101001010010000101100101001100000100011011011100111100011000011011111
100110111110000111101011111110010001101100101111011010101000001110110001000010001100010110110111
110011011111011010110111101010100100100010010100011001100001000111001100001100111010111010010011
111100000000011000011000111111000101001000101010100100010001111011010100101010011010011100010111
110111101000100011001110011110100010110011000000100010010011001101001000001110001010101110001010
111001101011111000000011110110100111100001101001101010101001100110111011111111011101111010110101
011011101110011011010011000001010111011101100111111010111011001100101010100101100001100100001010
110110010111111010100001110100001101001010111011111111101011000111000001100101100001101110111111
001001011011101101101100001101100011000110111000010011011111011111101011001110011101111101110111
010001010110101011100101010010100001011010110011100110111001100110001111101100011111101000010000
000110011010100011110010111010000110011010111100100010101010010111001100110000101100000011110010
011110101010110011111110001001111000000011111000001110011100001011001001000010111011001110011000
110000011001011010001011010000100011010100111101100011100011000010001111110110101111100110100111
100111011110010000000110100110100111100000111000100000111000000100110101101001110101001000010011
011011000110101111010011000001101010110011100101110010000100000001101110110111011001100001100001
101010010100111000101100101101100001000000000011110001111011100001100100000000101100111110110101
001001011001101011000001101101111111011011110010011111110000110100111000110111011110111110000001
001110010110010000001100101101110011110000100101110001011111000001000001110010101111100101000001
100010000101011110110011100100001001100100111111100111001111001110011010000101101110100000011100
011110001111011011100110010110000100101100100000001011011000111011011011001100101011010010011100
010101100010011111000101010101010000110100111101010110011000110111110110010000001001010100000100
000010111100111101010010001110101011011111001110111101001000001011101101001101000010110011000101
111100000011100011110111010111101001000011110001011110101001011111101011011001110111001110101011
010100111010000100111010001110001110011100011101010000111101101000010011011000111001010010101000
101001110110111010110111101110000100111001000111011100110101111111001001001010100000100010001000
111011111011111010010111101100010010011000110101011000011100011110111111011001000001000101000001
000011001111111101111000110100011111000100000011001100010011101111000100100001101011010010111000
010000001010111111111011001001000011110010000100100001111011110100111001011011000001011101101100
001100010100011001010011100000110000010010001100111101010101011000101001011110111001110011100000
110100110000100111101000101100101001000101010110101011110111000101010110111010011111110101000000
100110000010001110101111000101100011011101101110010001100011000111011001000111001100010011000010
110101010100011110100011000011110111110100010110001110000111010101101111011001001101001011101011
100101100011110010000111010110010011001001111010100001000101100100110001100010010110001011010001
101011100100111001001011101111001010000101110111000001010110110101100000100011001001110000010011
110000100011101001100111110011011100111001000100100101101000011101111110111000001011111000001100
111110010010101101010011100010001000111111101110101111100010001010010000101011101101000101111001
011000110011010011000010101111010101100111111001100001011000101100111000101111101110010101100011
011111010010001111010011101001001101000001001011000000001010101000111000110011101000011111011110
110001000111100010011100001110001010101011111100011111111001010011111110011111000000000000010101
010110111101111100011001100101101110100111101010001000010100110010110000010100100111111010001110
111110011010111101110001111100011100101101101010000111010110011001011001110001001100110110001000
011111100011111001001001011011110011110111000000011100010011000110111010110010101111000011000111
110001011010111000010011110011100110110111000001000111000001011111111100011001001110101100110101
101011000010110111100000100001000001110011110110100001010001010010001011011101111000100011010011
110001001000100010011111000010100110011011101011110110110011111000011010100011000110100111100100
011111100011101110110011011110111101111011011111011011001001000010110001111110001110110000001011
101011001110000010101001000000111001011111000010010100000000001110100000010010111100010010101111
000001001001001101010000110011101101110001100011101100101001011110000011011010000100111101010101
100000100011001001001110001111000110101000110011111110100010001010100011010010111110111011100000
111011001100111001000111011101011110100100011010110110111111100011101100110000110111101100001010
101011101000111010101100110010101110010001001010101000110111101110011011000110110001010001000100
110011110100101100010011011110000011001010111110000100001001100110010000001001111011010011110100
000001000101101011111001011011000010100110000101000101000011111101010000111010101101101100000110
001100011101111110001101101100000011011111000111110010100011001101010110010111110110101011011000
111110100001111011011011001100101101000111101001011011001010001111001110100111110101000010000010
010100111011000101011110001101110101100111110000110011010111001010100110111100011101000011000010
010001000000110111001011101001100111101101001110111000001010100000111010011000011010001101011100
001101001111101000010011111001101101100101100100001110100011000000001000100100101111010001100110
010001110110010101010101001010110101011011100010100111011001111001010100000101010000001100110110
101100001011000001101111000101100011101001010110010010110011010010100000001011000111101001110010
111000010011010010001110001100101000001001111011100100100111100001000001110000011010001000101010
100011000011101011010111010001110000011101110101010111100001010011100010111000001101110000101001
011010000000110110011110011110110010100101111010011101001001101001111010010011110100110111110111
000001111100110011111000111011100100110100000100001110111011100101111011101100010010111100000001
111010110001110011101100001101111001111100010100010000101001000001010111100111011100011000111000
110111100111011000110111001010010111010110010100000010000011110111000011101001010011011100111101
111010110000100000100101100010101011010000111010011011011100000100100000001011101110001010111110
110011010110010001100011101100010110011100100001000101111000000110110001010111000100110011000110
000000011110100001101000011000100101110110011111001110010100101111101001111001010111000101101010
010101111100000010101011101000110000001000010001110110000101100001111000110011001100011011111100
000001000110000101010010100011011100110011111001010011011000111000101100000001110001010110010011
100111110111000001001010000110101110111100100010110001011101101001110001111101101001110000101001
111101101110101001010111101111111100111011011100001101110001001100000101110111110010111010010001
111000100011011000111111000110001011010000100110000011010111011111001100100111110001110111111000
011001000011100011011011011011000111010111111011110110110000110111111010100001110111100101001000
101000001101100011010101001110011100101100001001100111110111001100010001101000011011100101011001
101110001110000001011100011010011000010100111110001011010101101011101010101000001010001111110000
101001010000101010100101111111000011111010011000101101010000100111000111101010110111101111010010
001101011011000100010101001000011101000101011101000101000111100110011100101001110100101000000101
000110000011000100010101100100100010101001001100101010101001110011001101101001110110000111110101
001110100101101111000100100011011010100111111110011111101001110001111100110110100101011100001010
011011100111010011110010011011110000011100111001100101110000110110001011101110110110011011101111
001011000110010101001011001000010100001100101001110110011001011100101000100100110010110000010001
000001001110011111010000111101001100011001101101011010111111010011000101110110000011000011000010
110010000010010111110101010011111111100000011101101110010110110111110011111000100001101001100100
111010010101111001101000011001011010111001110011111111000111000011101010101000010110101111111100
110100100111110101100001001110011100111000001110111001000101001011110100011111110010100001101111
001101010111111110100010100011100010100110010110010101000001010001111011111010101111011100110000
100101111100100000110100110100010000010011111010110100111011111000100001001001111001101100110111
011010101010101110100000110011001011011111100001011101100100001000110001000111101011100111111101
101010010010011001101001111100000100111000111010101010001010001011100010110011001011101101010110
111100101110111011000000000100100001101011101000001001101101110100011111011111001101110011001110
001101001001000001001011000100110000110001000011100011001100000100110101101011100010110110110011
000011011001110010001001111010000111001111000011001100000011001000100011101010111110011111010101
100000100101000100001000000111101010010011111011100110001011111111110110100111010101100010000001
111000100010110010100011010101010111000001100000011000010001000000010001100110101101010100110111
010111111010110100000101011010110011010000111001100111010011100011011011001011000110110110101000
101101010100001001011111011110011110101010101010100011010100101010100011100011010111010100011101
000110000011101101010000010101101101001110100111101011110101101001010001001011100001100010001111
000100110110100010101111101100010111000001100011001000010101001101001000000110110001110100001100
110111010101001011010111100010000101101001011000101000010011110010100011101110100110000000110000
101010000110110010110010101001001011100111111111010000001101101000110101000100111000011101111111
010110000000111000011010001111010100010001101011011110010010110101110000000010111101101100000011
011100000110010001100011101101010110001101010101001011100010000001001101011111010110101001001001
010110000100011100000101010101100001011110100000110100111010010101000101001110010011001111010101
010010111101101101000110101111010010101001110101100011101000101111111001000110001001110100100111
111101011000010001101111001001000101100001011110111001011100001010010111100001011010000000000011
100111110101111011100101010111010110110000100010100000000001101111111010100101001000111101100110
011011011011011111110101001000010001010011100111011010000011011011101100010001000000100101011001
111110110101010110000000001000111001010111010100010010110100001100110010110011100101100011011110
111110111111110011010101010010111110010001100000110111101010100101101010100111011010011100010010
011111011010100111110011111111010000101011001010010011111001110000000101110111001000011011011100
000000000011001101011011010000010101101110001110111100000101110111111100000100110000111111011010
110111111110000101111110100101010101000101011011011110110101001010011110110000001101000111001101
000010010011100110011011001100101001111100010101000001111110111000000011011100110101110010010111
011110100100000110101011100111110000101110010100111100111000110110000100110000100110011000110100
010100000100101010001101110010011001000010110101001001001101111101001101101000010101100101100101
100111110100011010001011100101011001010110011111000010010001101000100101001010110110000111111100
100011110111111011000100011100011001010100001100011001100000010010011010111101110110001101110011
110100010100010001100111101101100001001000111010001100111100001100101010011010110110011111001111
111001010000001011001111000000110010000010111000010100011111100010101000111101001110011101011101
111010100110101101110111001101100010100010000101011101001011010100101110110100001101011111011001
001010011111111000001010100111100111001100011000000100110111001011110011110001010011010101101001
111100110011110101001001000010010011000001001110001101001100111011001101110111001100011100001001
110100100001001000110000111101011110110000001110001010100111101001010001100000000110000111011010
100011000010110111101111101011111101001101100100000010101011000101110101000010011111001100110100
001011010110100100000101000101111111011110100001010011110000100011111100001001111100011100010101
011011110001110111111010111110001100010001101000001110100000000111011000100000110010100001001001
011111010011111000101010010100111001011100001000101101000001001110010110101001000110101010111010
100101101111111100110110101011001101100011100011111000110010011100010011111111010011100101011011
111011101110110010100100010011111100011100101101110110110010010000110111101000001011101000000111
101101100000111100001111100111011101100010000011100100001011101000111101001100000010110000010110
000001001100001100111001111001101001110010111010000000111000100101100110101111110101010110100111
110111111101011111110100011110110010011101001111011010100001011010000111010000011111100011000001
111010110101101100101100100011011100110101111011110011101001111111100010010110110011001111010001
010111100100111001111011011101100111010111010011000101101001101000011000010100110101000011000111
000000101000001000011001001001000111001010010011011101011100010011000110100110001111010111101100
001001001011001101001100101110101001111000111110111110011111100100001010101101010100111001000100
001111110100010110100011111101000000000011000110010011111101111110110000010000011101011000111010
111101000000010111011001101111100011011100101101111100101011110110101001110011111100011010011000
000111001001100000000101010000100000011000100011010000011001110101110001011011110111111110110011
000111110111011101011101001010000110100011001011001111110100110111111100010101110110001111101010
110010001001110000001001110000110011101111010011111010110011010011000101001001101100100001001011
101111101011000000110010101010100100011000100110010000011101101101010000111010011110001010001011
000010000101111011011100100111100100101110000001010101110000010111011110010000011010111001100001
001100110100000111111101010100000111111011001110110001001110110101010000000010011110101100011100
101011101101010110001011010011100100010000100100100001101100010011111100001110101000001111111000
101110100000110111011101000110110110111101101100000010010010110111010001010001101101100001011011
101111001010011001101000010010001000111101110101010001010001100111011010101101010101100100001010
001101110111100011110101001001010011000000100110100110111110000010011011111110110100100110011111
010101001000100110101000111101110100010011110010000111100100111001101000101110001010101111110100
