111110000010000101011000010000000011011011111010010100000100010100101110000111000000100010011110
111110000010000101011000010000000011011011111010010100000100000100010100100101001000111001001010
111110000010000101011000010000000011011011111010010100000100100110010101001111011010000010001111
111110000010000101011000010000000011011011111010010100000100111011110001110101111110101000111011
111110000010000101011000010000000011011011111010010100000100101111101010001010101101110111110101
111110000010000101011000010000000011011011111010010100000100100000101101001111011011100111010011
111110000010000101011000010000000011011011111010010100000100000110110100111110110110110010100011
111110000010000101011000010000000011011011111010010100000100101010011010110101001110011010110001
111110000010000101011000010000000011011011111010010100000100101101000101110011110101111111100111
111110000010000101011000010000000011011011111010010100000100110100010111010101101111000000111000
111110000010000101011000010000000011011011111010010100000100001010110011010111101110011011110110
111110000010000101011000010000000011011011111010010100000100010100110101000101000010000001110110
111110000010000101011000010000000011011011111010010100000100110111001101011000110000001001010011
111110000010000101011000010000000011011011111010010100000100011010100111111010110000110110111001
111110000010000101011000010000000011011011111010010100000100101101110010010011110100010010111000
111110000010000101011000010000000011011011111010010100000100111111001010010101010001001110111101
111110000010000101011000010000000011011011111010010100000100010000110100111011010111101011001000
111110000010000101011000010000000011011011111010010100000100010101011100111101100101110001011000
111110000010000101011000010000000011011011111010010100000100110101110011010011100010101101011101
111110000010000101011000010000000011011011111010010100000100100010111000000000011101110101001001
111110000010000101011000010000000011011011111010010100000100101010011001000100100111111100110100
111110000010000101011000010000000011011011111010010100000100011000101001010100001101110011101001
111110000010000101011000010000000011011011111010010100000100110011111100000111010001000100110011
111110000010000101011000010000000011011011111010010100000100110010001110010111000110010111110001
111110000010000101011000010000000011011011111010010100000100100111110111010101100110000100110001
111110000010000101011000010000000011011011111010010100000100001001111010100100101100111100010010
111110000010000101011000010000000011011011111010010100000100000010101010100110000110100110100100
111110000010000101011000010000000011011011111010010100000100000101111011110011110010000110111010
111110000010000101011000010000000011011011111010010100000100111000100001011010100111100001111100
111110000010000101011000010000000011011011111010010100000100100001001001010101001010011110100110
111110000010000101011000010000000011011011111010010100000100110111000011011100010101010111001011
111110000010000101011000010000000011011011111010010100000100001010100010100000001000011000010101
111110000010000101011000010000000011011011111010010100000100000110011001111001011011110000010001
111110000010000101011000010000000011011011111010010100000100111001111100100011000000011001101011
111110000010000101011000010000000011011011111010010100000100100110100011100110000110000000111100
111110000010000101011000010000000011011011111010010100000100110000101001001100110010001011010000
111110000010000101011000010000000011011011111010010100000100001100001101010001011000111110101110
111110000010000101011000010000000011011011111010010100000100011001001000011001111000100101110010
111110000010000101011000010000000011011011111010010100000100101100010111011011000100111110000000
111110000010000101011000010000000011011011111010010100000100011111001100111111110110011111111001
111110000010000101011000010000000011011011111010010100000100010001100010110001010101110001101001
111110000010000101011000010000000011011011111010010100000100111000001110110111001101110101100100
111110000010000101011000010000000011011011111010010100000100001111111111110110011001111000110111
111110000010000101011000010000000011011011111010010100000100010000011011001111011011111011100001
111110000010000101011000010000000011011011111010010100000100011010001101101010110100101110100101
111110000010000101011000010000000011011011111010010100000100110101110001101011010101110010101001
111110000010000101011000010000000011011011111010010100000100101010100011001110111011010001111001
111110000010000101011000010000000011011011111010010100000100001100010100001001000000011111100001
111110000010000101011000010000000011011011111010010100000100101100101101001110110001101110011010
111110000010000101011000010000000011011011111010010100000100010001110101010010000010010010000101
111110000010000101011000010000000011011011111010010100000100000110000100010010010110110100110110
111110000010000101011000010000000011011011111010010100000100010001011101010000001000010000011100
111110000010000101011000010000000011011011111010010100000100011111010001001011001101111111110101
111110000010000101011000010000000011011011111010010100000100001000111011101100000111011001101001
111110000010000101011000010000000011011011111010010100000100100011101100000110101111011011110010
111110000010000101011000010000000011011011111010010100000100001011011110101011100111100110100001
111110000010000101011000010000000011011011111010010100000100100110011001110000101111111100000101
111110000010000101011000010000000011011011111010010100000100111001101001110000111100111111011011
111110000010000101011000010000000011011011111010010100000100100011001010110000111110101110100100
111110000010000101011000010000000011011011111010010100000100100100010110110011000011001110010101
111110000010000101011000010000000011011011111010010100000100001110001010100101111110011001011100
111110000010000101011000010000000011011011111010010100000100100111111001001100111111101110101101
111110000010000101011000010000000011011011111010010100000100111111101000010100100000011000100010
111110000010000101011000010000000011011011111010010100000100101001101111100101010101000000011010
111110000010000101011000010000000011011011111010010100000100101000101110110111111011000110110100
111110000010000101011000010000000011011011111010010100000100010101110010111001011111000011111001
111110000010000101011000010000000011011011111010010100000100010111111010111011100000000101001001
111110000010000101011000010000000011011011111010010100000100011000011100001010011111111001000111
111110000010000101011000010000000011011011111010010100000100010000100101011110110100010001101101
111110000010000101011000010000000011011011111010010100000100100110011100011000011011101101011100
111110000010000101011000010000000011011011111010010100000100111010000111000101100100101011100101
111110000010000101011000010000000011011011111010010100000100110011111000010011100101000101011100
111110000010000101011000010000000011011011111010010100000100000011001001111010011100111110101110
111110000010000101011000010000000011011011111010010100000100010110010011100000100001000111100000
111110000010000101011000010000000011011011111010010100000100110000101010011010111100000000111111
111110000010000101011000010000000011011011111010010100000100001000110000011101110110011000010100
111110000010000101011000010000000011011011111010010100000100101001101110110011110011111110100100
111110000010000101011000010000000011011011111010010100000100110111110111101110010000010100100110
111110000010000101011000010000000011011011111010010100000100000110101001101011110111001000101101
111110000010000101011000010000000011011011111010010100000100111011011011101011000110100100001110
111110000010000101011000010000000011011011111010010100000100101010011101100110111100001001011100
111110000010000101011000010000000011011011111010010100000100011001010110111010011111010110111110
111110000010000101011000010000000011011011111010010100000100011000000101101111101011011110110111
111110000010000101011000010000000011011011111010010100000100001001001001111010111111000101000011
111110000010000101011000010000000011011011111010010100000100011101001100000010100101110000010100
111110000010000101011000010000000011011011111010010100000100100111001010001000011100010010100111
111110000010000101011000010000000011011011111010010100000100111010110000101111001100001111011111
111110000010000101011000010000000011011011111010010100000100101110010011101110111011000000100001
111110000010000101011000010000000011011011111010010100000100111100010100010100100111111100110001
111110000010000101011000010000000011011011111010010100000100011001000000100100000110010110100111
111110000010000101011000010000000011011011111010010100000100000111111100100110010011101101000101
111110000010000101011000010000000011011011111010010100000100011110111010111001010010011001001111
111110000010000101011000010000000011011011111010010100000100100001101101000101111000101010100100
111110000010000101011000010000000011011011111010010100000100111011001011011001100111101000111110
111110000010000101011000010000000011011011111010010100000100111010110001001100010011000011011011
111110000010000101011000010000000011011011111010010100000100011101001000100110110000111011111100
111110000010000101011000010000000011011011111010010100000100110110101000101111010000010011000011
111110000010000101011000010000000011011011111010010100000100100110110110110111011110101010101010
111110000010000101011000010000000011011011111010010100000100101011011101111010111010110101111111
111110000010000101011000010000000011011011111010010100000100011000110100010000100100101011101000
111110000010000101011000010000000011011011111010010100000100001100011100000100000100011001110100
111110000010000101011000010000000011011011111010010100000100011111001111111010010101100110101101
111110000010000101011000010000000011011011111010010100000100001101011110000111011110101100001011
111110000010000101011000010000000011011011111010010100000100000101001000001001010110001111001000
111110000010000101011000010000000011011011111010010100000100100011000000111100001011101101101111
111110000010000101011000010000000011011011111010010100000100101101110011010000110110110101100010
111110000010000101011000010000000011011011111010010100000100110111011000111101101111000100011100
111110000010000101011000010000000011011011111010010100000100101110001101111010100110101111000001
111110000010000101011000010000000011011011111010010100000100010110001100010111011010111101100111
111110000010000101011000010000000011011011111010010100000100100100011011010000101000101101100001
111110000010000101011000010000000011011011111010010100000100110001001000000000000010010110001011
111110000010000101011000010000000011011011111010010100000100100010001100111101111011101101111010
111110000010000101011000010000000011011011111010010100000100010000110110011111111000100111011100
111110000010000101011000010000000011011011111010010100000100101011101110100110101111011001000001
111110000010000101011000010000000011011011111010010100000100110110111101010100110010101001111100
111110000010000101011000010000000011011011111010010100000100110010010001111010011101000100011110
111110000010000101011000010000000011011011111010010100000100000100000000110100110010001110100111
111110000010000101011000010000000011011011111010010100000100110001111010101100100100011001000010
111110000010000101011000010000000011011011111010010100000100110111111011010011111110011011001010
111110000010000101011000010000000011011011111010010100000100001000110100000001101111110111110001
111110000010000101011000010000000011011011111010010100000100011101111110011010100111011110000001
111110000010000101011000010000000011011011111010010100000100011100111110111100111000110000001111
111110000010000101011000010000000011011011111010010100000100101000101001010111101111100111111000
111110000010000101011000010000000011011011111010010100000100000101001010011010100110000010010111
111110000010000101011000010000000011011011111010010100000100011001011110000110010110011111001001
111110000010000101011000010000000011011011111010010100000100000001001001101000111110111011011010
111110000010000101011000010000000011011011111010010100000100010001000100010110000001100100100111
111110000010000101011000010000000011011011111010010100000100000000000111000100111001111010101111
111110000010000101011000010000000011011011111010010100000100011011010101001010111101000010001111
111110000010000101011000010000000011011011111010010100000100110000001110010010010001011101010101
111110000010000101011000010000000011011011111010010100000100111000110110011001111001001100001101
111110000010000101011000010000000011011011111010010100000100000010011101011100100110100001001000
111110000010000101011000010000000011011011111010010100000100001100110110001110001110001101000111
111110000010000101011000010000000011011011111010010100000100110100101100111000101011010001111001
111110000010000101011000010000000011011011111010010100000100000110111010011010110100100101000101
111110000010000101011000010000000011011011111010010100000100010110001110000100000011100101100000
111110000010000101011000010000000011011011111010010100000100101010101000110011001001110011001011
111110000010000101011000010000000011011011111010010100000100011001110110011010010011000100001110
111110000010000101011000010000000011011011111010010100000100100100100110010101001100000000000111
111110000010000101011000010000000011011011111010010100000100100000000111001010001001000110110110
111110000010000101011000010000000011011011111010010100000100010100010110100101000100110011101110
111110000010000101011000010000000011011011111010010100000100111100110001011110000001100000100000
111110000010000101011000010000000011011011111010010100000100011110011111101010010011011011100000
111110000010000101011000010000000011011011111010010100000100010111111101001101000010101110001001
111110000010000101011000010000000011011011111010010100000100101010001000101111011011000000101111
111110000010000101011000010000000011011011111010010100000100101000111100110110001010001000000010
111110000010000101011000010000000011011011111010010100000100101111011100001110110101000000110111
111110000010000101011000010000000011011011111010010100000100101101110010001000010001001010001010
111110000010000101011000010000000011011011111010010100000100011000111110110100110010111010001111
111110000010000101011000010000000011011011111010010100000100000100010101111000000000101101001100
111110000010000101011000010000000011011011111010010100000100101011101011001100011000110000100001
111110000010000101011000010000000011011011111010010100000100110000101100111110011100101110111110
111110000010000101011000010000000011011011111010010100000100011100000010100010001110101101000111
111110000010000101011000010000000011011011111010010100000100010001001001000101101001001011111010
111110000010000101011000010000000011011011111010010100000100111100001110101111001110010000111111
111110000010000101011000010000000011011011111010010100000100000110010011100100011100010000101100
111110000010000101011000010000000011011011111010010100000100101111001101100010111000110110010110
111110000010000101011000010000000011011011111010010100000100001111001010011111000100001101101010
111110000010000101011000010000000011011011111010010100000100011110110111011001011101101011111110
111110000010000101011000010000000011011011111010010100000100010101110001111010101110100110011010
111110000010000101011000010000000011011011111010010100000100101001000111110110111010011111000001
111110000010000101011000010000000011011011111010010100000100110011100111010001000111100100010001
111110000010000101011000010000000011011011111010010100000100000011011111001001011000011010010111
111110000010000101011000010000000011011011111010010100000100111010001100101001001100100100110110
111110000010000101011000010000000011011011111010010100000100101000101101010000001101101100100101
111110000010000101011000010000000011011011111010010100000100001010011101010101110110100011011110
111110000010000101011000010000000011011011111010010100000100101000111011101100000110100110100100
111110000010000101011000010000000011011011111010010100000100110110000111101110010001101000111101
111110000010000101011000010000000011011011111010010100000100001110110000011001001001011011100111
111110000010000101011000010000000011011011111010010100000100110010010011100001010000001011100010
111110000010000101011000010000000011011011111010010100000100101011000101100011101000111110000010
111110000010000101011000010000000011011011111010010100000100110000001011001001000100010111100010
111110000010000101011000010000000011011011111010010100000100100101101101000001110100111111111000
111110000010000101011000010000000011011011111010010100000100010100111110010110100000110110011000
111110000010000101011000010000000011011011111010010100000100110001011001011011101001010001110010
111110000010000101011000010000000011011011111010010100000100000101111010001011110010111001101101
111110000010000101011000010000000011011011111010010100000100010000110110110010101111111010010001
111110000010000101011000010000000011011011111010010100000100011101100000000111101101111010011111
111110000010000101011000010000000011011011111010010100000100011101010010101011110100110101011111
111110000010000101011000010000000011011011111010010100000100000000110001001000001000111101001110
111110000010000101011000010000000011011011111010010100000100000101001010001111011000101011111010
111110000010000101011000010000000011011011111010010100000100010000001010000111000110000110000101
111110000010000101011000010000000011011011111010010100000100100000001110010001100000110000100110
111110000010000101011000010000000011011011111010010100000100110111000010111100011111111001010110
111110000010000101011000010000000011011011111010010100000100101011101011011000111100001011000101
111110000010000101011000010000000011011011111010010100000100110010010110010101100111100000110000
111110000010000101011000010000000011011011111010010100000100001101001010111111100001100011010111
111110000010000101011000010000000011011011111010010100000100101010011010100001001000011101101110
111110000010000101011000010000000011011011111010010100000100111001100101010011011011101111010001
111110000010000101011000010000000011011011111010010100000100001111010001111011100110101011001111
111110000010000101011000010000000011011011111010010100000100101010000100001000001101101100001111
111110000010000101011000010000000011011011111010010100000100101111000011001001001111010010101100
111110000010000101011000010000000011011011111010010100000100111111110001000010010110111111000010
111110000010000101011000010000000011011011111010010100000100001101000010011100011110111000111010
111110000010000101011000010000000011011011111010010100000100001110010011100001001010000110000011
111110000010000101011000010000000011011011111010010100000100100010111100100111100011010010010110
111110000010000101011000010000000011011011111010010100000100010110100001100011100000100010100100
111110000010000101011000010000000011011011111010010100000100010011000111100111101110110101001100
111110000010000101011000010000000011011011111010010100000100011101001111110101110000100101110010
111110000010000101011000010000000011011011111010010100000100110000100000111010100111001111100111
