111110000010000101011000010000000011011011111010010100000100000001100001110001010111101111010100
111110000010000101011000010000000011011011111010010100000100110100001001100110100011000111110100
111110000010000101011000010000000011011011111010010100000100001101101110001111001110011010010010
111110000010000101011000010000000011011011111010010100000100010101001111000110001010110011111011
111110000010000101011000010000000011011011111010010100000100011010110101010000011110110011001001
111110000010000101011000010000000011011011111010010100000100101011011010000010101000001000110111
111110000010000101011000010000000011011011111010010100000100001010111100000111110000111100011111
111110000010000101011000010000000011011011111010010100000100111101011101000100000011100001000110
111110000010000101011000010000000011011011111010010100000100111011010111111000100001110101001111
111110000010000101011000010000000011011011111010010100000100011001101000001100011001111011111010
111110000010000101011000010000000011011011111010010100000100001011110000011111010010101011011101
111110000010000101011000010000000011011011111010010100000100011111011100101000011000011110000110
111110000010000101011000010000000011011011111010010100000100111110010010101010100111011001101010
111110000010000101011000010000000011011011111010010100000100110100001100101111010110010111110001
111110000010000101011000010000000011011011111010010100000100110001111101000111100010000000001110
111110000010000101011000010000000011011011111010010100000100011000011000000111010000101110111101
111110000010000101011000010000000011011011111010010100000100010000000011001100001111100111011011
111110000010000101011000010000000011011011111010010100000100101011011101110001110101101000100010
111110000010000101011000010000000011011011111010010100000100001001100110110000110111001010101100
111110000010000101011000010000000011011011111010010100000100001010010110011110100000100001011101
111110000010000101011000010000000011011011111010010100000100010011111111101011110011000100001100
111110000010000101011000010000000011011011111010010100000100101011111110100110000100001000101000
111110000010000101011000010000000011011011111010010100000100101111011101001010000110111110001101
111110000010000101011000010000000011011011111010010100000100011111000101000001010011111011110101
111110000010000101011000010000000011011011111010010100000100000110111101111100011010111101010001
111110000010000101011000010000000011011011111010010100000100011000100110001001011111110011111111
111110000010000101011000010000000011011011111010010100000100001011001110001011010001000101000101
111110000010000101011000010000000011011011111010010100000100000100111101000101011111100110110011
111110000010000101011000010000000011011011111010010100000100011000101001101011010011011110010111
111110000010000101011000010000000011011011111010010100000100101110100110011111110001001000100011
111110000010000101011000010000000011011011111010010100000100110000111101110001100000111100101001
111110000010000101011000010000000011011011111010010100000100011111100011101100011111101010011011
111110000010000101011000010000000011011011111010010100000100010100110101011100101111010100001101
111110000010000101011000010000000011011011111010010100000100111101110010100011101000011011100010
111110000010000101011000010000000011011011111010010100000100111111100110011010100011011110111101
111110000010000101011000010000000011011011111010010100000100000010101000001011111010101100101100
111110000010000101011000010000000011011011111010010100000100001101000011101000101010010010010010
111110000010000101011000010000000011011011111010010100000100101100011101110110110111011011000011
111110000010000101011000010000000011011011111010010100000100011011001000100010001010000001101010
111110000010000101011000010000000011011011111010010100000100010111010010101000110101001100110101
111110000010000101011000010000000011011011111010010100000100100011011111001101100111110000000001
111110000010000101011000010000000011011011111010010100000100011110101000101100110000010100010110
111110000010000101011000010000000011011011111010010100000100110100000011001010101011001101011010
111110000010000101011000010000000011011011111010010100000100100111001010011111011101100110111001
111110000010000101011000010000000011011011111010010100000100001111000001101111101110011001010111
111110000010000101011000010000000011011011111010010100000100101100011000101110011011011111001101
111110000010000101011000010000000011011011111010010100000100010000111011000001000001111010100111
111110000010000101011000010000000011011011111010010100000100001011000000011001101011110100001101
111110000010000101011000010000000011011011111010010100000100111000001100101010010001100110110011
111110000010000101011000010000000011011011111010010100000100010001100011001100011110010110110011
111110000010000101011000010000000011011011111010010100000100101111000110111111111011000111000100
111110000010000101011000010000000011011011111010010100000100100110011101110000101011110000100111
111110000010000101011000010000000011011011111010010100000100111001000011011100001000100011011011
111110000010000101011000010000000011011011111010010100000100101111011100000000001000100110100010
111110000010000101011000010000000011011011111010010100000100010111010011100010101000010011100000
111110000010000101011000010000000011011011111010010100000100100000111111000001101111000110010101
111110000010000101011000010000000011011011111010010100000100100001000111010001011101000000100001
111110000010000101011000010000000011011011111010010100000100010011001100110001100101010111100111
111110000010000101011000010000000011011011111010010100000100101101000110010100100110000001101100
111110000010000101011000010000000011011011111010010100000100101001001110101000111011111110111100
111110000010000101011000010000000011011011111010010100000100010110010111100111100001100000000110
111110000010000101011000010000000011011011111010010100000100011011101100000100101101000011110100
111110000010000101011000010000000011011011111010010100000100011000000100101111111001011001111010
111110000010000101011000010000000011011011111010010100000100110001011111001100100100111010111001
111110000010000101011000010000000011011011111010010100000100110001101000100010100010001011110110
111110000010000101011000010000000011011011111010010100000100100100001001001010010000011100011101
111110000010000101011000010000000011011011111010010100000100011001001000110001111101001001110000
111110000010000101011000010000000011011011111010010100000100100011101000001101011101110100000100
111110000010000101011000010000000011011011111010010100000100101000110100101011111110111000111110
111110000010000101011000010000000011011011111010010100000100101001100001110101011011101011110111
111110000010000101011000010000000011011011111010010100000100101010000001101101111010010011010011
111110000010000101011000010000000011011011111010010100000100010110000010110110110101001001111111
111110000010000101011000010000000011011011111010010100000100011011100101000010101001001000010110
111110000010000101011000010000000011011011111010010100000100100011011101100100101101110000101000
111110000010000101011000010000000011011011111010010100000100111111000111011101111111101101011101
111110000010000101011000010000000011011011111010010100000100111010010011011001011011000010001010
111110000010000101011000010000000011011011111010010100000100010111000001100110010001011010010101
111110000010000101011000010000000011011011111010010100000100000100101100011100010010111010011000
111110000010000101011000010000000011011011111010010100000100010000110010110101101101110000100011
111110000010000101011000010000000011011011111010010100000100111110101001111011110010001011011101
111110000010000101011000010000000011011011111010010100000100000010001000100110100001100100010000
111110000010000101011000010000000011011011111010010100000100010110010101111010000100000110000111
111110000010000101011000010000000011011011111010010100000100101011001001110110101001101000111001
111110000010000101011000010000000011011011111010010100000100000101001001101111111000010111010010
111110000010000101011000010000000011011011111010010100000100011110000000010101100001111110011110
111110000010000101011000010000000011011011111010010100000100010111000110011000010110110100110101
111110000010000101011000010000000011011011111010010100000100010111011110100010001001010010111100
111110000010000101011000010000000011011011111010010100000100011110000110001110110111000111010000
111110000010000101011000010000000011011011111010010100000100000011100110100100110001110100010000
111110000010000101011000010000000011011011111010010100000100110101011010001001010101111110111101
111110000010000101011000010000000011011011111010010100000100000000011011001100000010000101101001
111110000010000101011000010000000011011011111010010100000100111111010110011101101110101001100110
111110000010000101011000010000000011011011111010010100000100110010111010001110100111001100010010
111110000010000101011000010000000011011011111010010100000100001011010010001110010110111110101111
111110000010000101011000010000000011011011111010010100000100111110101101101101110110001100011111
111110000010000101011000010000000011011011111010010100000100111110011001111011000110111011011111
111110000010000101011000010000000011011011111010010100000100101010000101111101100111001101011010
111110000010000101011000010000000011011011111010010100000100101110111101011000010111011001100110
111110000010000101011000010000000011011011111010010100000100110010001101101100100011101000000010
111110000010000101011000010000000011011011111010010100000100001110001001011011101001001111110010
111110000010000101011000010000000011011011111010010100000100001011110000111110010011001100110101
111110000010000101011000010000000011011011111010010100000100000110001100000111100001110001011100
111110000010000101011000010000000011011011111010010100000100100110111001000110110100000011011101
111110000010000101011000010000000011011011111010010100000100110100011011010111111010001011001111
111110000010000101011000010000000011011011111010010100000100110100111111001010000001100011001100
111110000010000101011000010000000011011011111010010100000100101111100100101111110110010110100110
111110000010000101011000010000000011011011111010010100000100011001101110111000001011000111100011
111110000010000101011000010000000011011011111010010100000100011101110101011011010000100011111110
111110000010000101011000010000000011011011111010010100000100011000110001111101100010010011111111
111110000010000101011000010000000011011011111010010100000100110000011001011000110110111010100001
111110000010000101011000010000000011011011111010010100000100111110101101000100010011101101010101
111110000010000101011000010000000011011011111010010100000100010010110011010111111100000110000001
111110000010000101011000010000000011011011111010010100000100001110000000101000101111101101000010
111110000010000101011000010000000011011011111010010100000100100000101101010000001111101111011101
111110000010000101011000010000000011011011111010010100000100111000111001111000110001111001010101
111110000010000101011000010000000011011011111010010100000100101000010111110001000110001111001110
111110000010000101011000010000000011011011111010010100000100110011101001010111111011110110100101
111110000010000101011000010000000011011011111010010100000100110110100011010010001111111101001010
111110000010000101011000010000000011011011111010010100000100111001011110010001110100110011100010
111110000010000101011000010000000011011011111010010100000100110001101010100101101100001010100011
111110000010000101011000010000000011011011111010010100000100101001010101110111111111011111001011
111110000010000101011000010000000011011011111010010100000100001100001110001010001100011001010000
111110000010000101011000010000000011011011111010010100000100110111100000111101000000011110101011
111110000010000101011000010000000011011011111010010100000100110001110101010101110001100001101100
111110000010000101011000010000000011011011111010010100000100100011000111011010001111101010100111
111110000010000101011000010000000011011011111010010100000100001010010100110011111011101111111011
111110000010000101011000010000000011011011111010010100000100101011100101010110111001011110001011
111110000010000101011000010000000011011011111010010100000100101100001101010011101001010010110100
111110000010000101011000010000000011011011111010010100000100001011111010110100101110011101011000
111110000010000101011000010000000011011011111010010100000100110001010011011010010001111101001100
111110000010000101011000010000000011011011111010010100000100000111100010100000100011101000001111
111110000010000101011000010000000011011011111010010100000100111101100010011111100111110100110010
111110000010000101011000010000000011011011111010010100000100111001101100000000100110010101010110
111110000010000101011000010000000011011011111010010100000100111010000100110100101000100100110011
111110000010000101011000010000000011011011111010010100000100111001111011010111000101010010010000
111110000010000101011000010000000011011011111010010100000100101001010110110111100101010000000111
111110000010000101011000010000000011011011111010010100000100001000110011001000000100000111100011
111110000010000101011000010000000011011011111010010100000100010100111000100011001011011111011011
111110000010000101011000010000000011011011111010010100000100111001111010110010010011100010111001
111110000010000101011000010000000011011011111010010100000100010000010001011011101101111100111101
111110000010000101011000010000000011011011111010010100000100011001010011101010001101111001010100
111110000010000101011000010000000011011011111010010100000100011100000010001001110001011100000111
111110000010000101011000010000000011011011111010010100000100100110101010111010100011001011010000
111110000010000101011000010000000011011011111010010100000100010011101100010001000100001010100010
111110000010000101011000010000000011011011111010010100000100000101011010100011101110111100011111
111110000010000101011000010000000011011011111010010100000100011111111100001010100011000110110101
111110000010000101011000010000000011011011111010010100000100100111101001001101011001010001101111
111110000010000101011000010000000011011011111010010100000100000101011100110101101100111001101000
111110000010000101011000010000000011011011111010010100000100110011010011011001100101011000010100
111110000010000101011000010000000011011011111010010100000100100001111010101111000111001111111111
111110000010000101011000010000000011011011111010010100000100100110001011010000100001001010100010
111110000010000101011000010000000011011011111010010100000100001111001110001010011000000100000101
111110000010000101011000010000000011011011111010010100000100100010110111011111101100101101110001
111110000010000101011000010000000011011011111010010100000100101100010000000111101010000101111000
111110000010000101011000010000000011011011111010010100000100011000100110101101010001000001000000
111110000010000101011000010000000011011011111010010100000100100111100010110101001111011010100100
111110000010000101011000010000000011011011111010010100000100110001011110100100011010101101100101
111110000010000101011000010000000011011011111010010100000100101010111010010011000001100110111011
111110000010000101011000010000000011011011111010010100000100101100011000000010000001110100110010
111110000010000101011000010000000011011011111010010100000100101010111111111100101011101010010100
111110000010000101011000010000000011011011111010010100000100111000110011100111111101011100101011
111110000010000101011000010000000011011011111010010100000100100010111010100000111111010110101000
111110000010000101011000010000000011011011111010010100000100010101000111001001111111110101110011
111110000010000101011000010000000011011011111010010100000100101010000000111110011110001111100101
111110000010000101011000010000000011011011111010010100000100011111100000111111110100000101111101
111110000010000101011000010000000011011011111010010100000100010110001001010010010010001011100101
111110000010000101011000010000000011011011111010010100000100110000011100011010100100010101010010
111110000010000101011000010000000011011011111010010100000100001110110011100000111101110100010000
111110000010000101011000010000000011011011111010010100000100110000010110010000101110001100110011
111110000010000101011000010000000011011011111010010100000100001101010101010101111101000001000111
111110000010000101011000010000000011011011111010010100000100011010001001110000100110001100001001
111110000010000101011000010000000011011011111010010100000100110000101000100101001111011000101010
111110000010000101011000010000000011011011111010010100000100111101100111010110010000110001000111
111110000010000101011000010000000011011011111010010100000100011001010111000110010110011110100110
111110000010000101011000010000000011011011111010010100000100101010111000101011010001010101101001
111110000010000101011000010000000011011011111010010100000100100000011001010110000110010010001001
111110000010000101011000010000000011011011111010010100000100101000111001111000011011110000110110
111110000010000101011000010000000011011011111010010100000100100110000001100101000000111001100110
111110000010000101011000010000000011011011111010010100000100111000010101111101100101011010101001
111110000010000101011000010000000011011011111010010100000100011111011110101001111001101100101101
111110000010000101011000010000000011011011111010010100000100001110101010000100011110011110001101
111110000010000101011000010000000011011011111010010100000100110110010111101011001000111010000111
111110000010000101011000010000000011011011111010010100000100001011001001110100111011101111100011
111110000010000101011000010000000011011011111010010100000100101011111111101001100111101011110101
111110000010000101011000010000000011011011111010010100000100101100000111101010100111110101111011
111110000010000101011000010000000011011011111010010100000100110011100000101101001010111111001110
111110000010000101011000010000000011011011111010010100000100001001111000000000111100101000100101
111110000010000101011000010000000011011011111010010100000100010000001001110110101110100010000110
111110000010000101011000010000000011011011111010010100000100101111110011110110010001101011000110
111110000010000101011000010000000011011011111010010100000100011010000011011011011100101000110010
111110000010000101011000010000000011011011111010010100000100111101101001001111111010100011001010
111110000010000101011000010000000011011011111010010100000100101111001111101011111100000011110111
111110000010000101011000010000000011011011111010010100000100110001010000100010101000010110111010
111110000010000101011000010000000011011011111010010100000100111010111110001001100100111110110111
111110000010000101011000010000000011011011111010010100000100100111111011111001001101010011011011
111110000010000101011000010000000011011011111010010100000100001010111001110000001101100101010000
111110000010000101011000010000000011011011111010010100000100111001101011000101000110011101111010
111110000010000101011000010000000011011011111010010100000100100000111101011001001001000000101101
111110000010000101011000010000000011011011111010010100000100111000111011111100011111111001100011
111110000010000101011000010000000011011011111010010100000100100111101101110110010111110111110100
