111110000010000101011000010000000011011011111010010100000100100001010010111000010010110010110100
111110000010000101011000010000000011011011111010010100000100011011000011110001110010001111100011
111110000010000101011000010000000011011011111010010100000100110110110010001001111001100000110101
111110000010000101011000010000000011011011111010010100000100011010011101101001100010001110110110
111110000010000101011000010000000011011011111010010100000100110110111010011111111100011101110101
111110000010000101011000010000000011011011111010010100000100101101100110111111101101010110100001
111110000010000101011000010000000011011011111010010100000100100010001110101111000010110010100001
111110000010000101011000010000000011011011111010010100000100111001111011111111001000001011110101
111110000010000101011000010000000011011011111010010100000100010000110101010001001100000111000100
111110000010000101011000010000000011011011111010010100000100010110100101011110111101001000111001
111110000010000101011000010000000011011011111010010100000100010011110100001110111010101010001010
111110000010000101011000010000000011011011111010010100000100000100111110101001000111010000101100
111110000010000101011000010000000011011011111010010100000100010100000000000100000000111111111100
111110000010000101011000010000000011011011111010010100000100101010111110010111100000000111010101
111110000010000101011000010000000011011011111010010100000100001011111110110100100101011111101001
111110000010000101011000010000000011011011111010010100000100110111011100011011111001011100010110
111110000010000101011000010000000011011011111010010100000100001010111001010110001010101100010111
111110000010000101011000010000000011011011111010010100000100000011010110100111100010101110101100
111110000010000101011000010000000011011011111010010100000100011000011000101001011101010101100100
111110000010000101011000010000000011011011111010010100000100000101000010110001001100100011010101
111110000010000101011000010000000011011011111010010100000100011101000110010100100011000001110101
111110000010000101011000010000000011011011111010010100000100000011011001100101100110101000111101
111110000010000101011000010000000011011011111010010100000100100011000101010000000111001101101010
111110000010000101011000010000000011011011111010010100000100101111110101110001001110010011000110
111110000010000101011000010000000011011011111010010100000100000110110001100000100001110101100011
111110000010000101011000010000000011011011111010010100000100110100100001100000000101100010101111
111110000010000101011000010000000011011011111010010100000100000001011101101101100101000000000110
111110000010000101011000010000000011011011111010010100000100010000011111010010100110000010101101
111110000010000101011000010000000011011011111010010100000100011010011011011001110110101111110010
111110000010000101011000010000000011011011111010010100000100101101110010101100100100011100011001
111110000010000101011000010000000011011011111010010100000100000001010101111001101111001010001101
111110000010000101011000010000000011011011111010010100000100000110000011001001001001111100111011
111110000010000101011000010000000011011011111010010100000100111000110100101011000010011001100001
111110000010000101011000010000000011011011111010010100000100001001010110011110101101100101110011
111110000010000101011000010000000011011011111010010100000100110011100101111011001011111101001111
111110000010000101011000010000000011011011111010010100000100001100011111111111110011011001110100
111110000010000101011000010000000011011011111010010100000100101110101111000101100001100110101100
111110000010000101011000010000000011011011111010010100000100010111010111001110100001111100111100
111110000010000101011000010000000011011011111010010100000100010110110111100110000000110010101001
111110000010000101011000010000000011011011111010010100000100110111011010011001010110000111001100
111110000010000101011000010000000011011011111010010100000100000110101110010000010110010100010001
111110000010000101011000010000000011011011111010010100000100000111011100110000110110110010110101
111110000010000101011000010000000011011011111010010100000100000111010001111010001111011011011100
111110000010000101011000010000000011011011111010010100000100111011101111010110110010100010001000
111110000010000101011000010000000011011011111010010100000100011001010101000011001001110110101100
111110000010000101011000010000000011011011111010010100000100010101011111011101110110111110001100
111110000010000101011000010000000011011011111010010100000100001110001110100001101001011111011111
111110000010000101011000010000000011011011111010010100000100101100101011110110111000000111100010
111110000010000101011000010000000011011011111010010100000100101100011101100011101101011101100100
111110000010000101011000010000000011011011111010010100000100010010111001001000100010001111000111
111110000010000101011000010000000011011011111010010100000100111100010100101101101011100111111010
111110000010000101011000010000000011011011111010010100000100100010101000011110010001001011000000
111110000010000101011000010000000011011011111010010100000100000111110000100000111111100100001010
111110000010000101011000010000000011011011111010010100000100111110110011001110110101000101100010
111110000010000101011000010000000011011011111010010100000100001110001111000000100011010100110100
111110000010000101011000010000000011011011111010010100000100101100001111111111011101110010000010
111110000010000101011000010000000011011011111010010100000100110011011001001111010000110111110011
111110000010000101011000010000000011011011111010010100000100010101000010000001111100111100011011
111110000010000101011000010000000011011011111010010100000100001110000010100100100111111001001110
111110000010000101011000010000000011011011111010010100000100001000000001010101010010110011000000
111110000010000101011000010000000011011011111010010100000100111110101001010111111000101011110110
111110000010000101011000010000000011011011111010010100000100101100101011100111100110011101111111
111110000010000101011000010000000011011011111010010100000100001101001010000001001001101000010011
111110000010000101011000010000000011011011111010010100000100110000000111010100011011110010100000
111110000010000101011000010000000011011011111010010100000100011110110111110000100110000101111011
111110000010000101011000010000000011011011111010010100000100011001010110001010000010110111111010
111110000010000101011000010000000011011011111010010100000100010110011011111011100000110111010101
111110000010000101011000010000000011011011111010010100000100000011001100101111110101001110110110
111110000010000101011000010000000011011011111010010100000100111001110111011110111010110111010001
111110000010000101011000010000000011011011111010010100000100000010011010011001100101111000100111
111110000010000101011000010000000011011011111010010100000100001001010001010110000111001111001000
111110000010000101011000010000000011011011111010010100000100101100000010100110100010111100000100
111110000010000101011000010000000011011011111010010100000100010001101011011001100001101001111101
111110000010000101011000010000000011011011111010010100000100101010011000110100100100001111101100
111110000010000101011000010000000011011011111010010100000100001111100001111010110111100010001100
111110000010000101011000010000000011011011111010010100000100000100010001111111111111100011010010
111110000010000101011000010000000011011011111010010100000100101100101101001100100101101101000000
111110000010000101011000010000000011011011111010010100000100100001111111100110110110000110001001
111110000010000101011000010000000011011011111010010100000100011011011111001001001000101000000110
111110000010000101011000010000000011011011111010010100000100111000111011100101110110011101110011
111110000010000101011000010000000011011011111010010100000100110011001010010111000000100111111100
111110000010000101011000010000000011011011111010010100000100000010001110011111011010111011000001
111110000010000101011000010000000011011011111010010100000100100011100000001100000111001010001011
111110000010000101011000010000000011011011111010010100000100101010101100010001010100010000011110
111110000010000101011000010000000011011011111010010100000100001101101100100110011010100011110011
111110000010000101011000010000000011011011111010010100000100111010011111001011100011110001011101
111110000010000101011000010000000011011011111010010100000100110101111010010100001101111100001001
111110000010000101011000010000000011011011111010010100000100011001111101011100010010100111010001
111110000010000101011000010000000011011011111010010100000100010011001110110000011111001010111111
111110000010000101011000010000000011011011111010010100000100110010110011111011000001101100011010
111110000010000101011000010000000011011011111010010100000100011011101010000000101110010000111101
111110000010000101011000010000000011011011111010010100000100110000000000100111111101110000001001
111110000010000101011000010000000011011011111010010100000100001101001110110110011001001010001011
111110000010000101011000010000000011011011111010010100000100001010110101010000000010110100001010
111110000010000101011000010000000011011011111010010100000100011010110101011100110010001100111001
111110000010000101011000010000000011011011111010010100000100100001000100000000101110001110110110
111110000010000101011000010000000011011011111010010100000100000010001010010101001000101000101110
111110000010000101011000010000000011011011111010010100000100000011000011100101000011100001111010
111110000010000101011000010000000011011011111010010100000100100101110000110000101001110110101001
111110000010000101011000010000000011011011111010010100000100101100001011100001110100001000001110
111110000010000101011000010000000011011011111010010100000100000101100100011100011010101000010000
111110000010000101011000010000000011011011111010010100000100111011011100111111110010011100110111
111110000010000101011000010000000011011011111010010100000100000010000011000011100011010101101001
111110000010000101011000010000000011011011111010010100000100101001010001000110001110011011101110
111110000010000101011000010000000011011011111010010100000100100100100000110000111000010111100010
111110000010000101011000010000000011011011111010010100000100100000001000110000111100111100010101
111110000010000101011000010000000011011011111010010100000100000010001101000111010100110000010010
111110000010000101011000010000000011011011111010010100000100011010000011100011100011100000001001
111110000010000101011000010000000011011011111010010100000100101010110110010001011011001000000101
111110000010000101011000010000000011011011111010010100000100000000100100010101000100101000001001
111110000010000101011000010000000011011011111010010100000100011011011010110011110011000110000001
111110000010000101011000010000000011011011111010010100000100001010010110101111110001011010100011
111110000010000101011000010000000011011011111010010100000100111001111011100010110110101100011000
111110000010000101011000010000000011011011111010010100000100100110000010100110110010011000011100
111110000010000101011000010000000011011011111010010100000100110111001010100001100101010000100011
111110000010000101011000010000000011011011111010010100000100101100100110001000011001100000101101
111110000010000101011000010000000011011011111010010100000100000010001111101000101101100101101011
111110000010000101011000010000000011011011111010010100000100011101010000001000101100100001100110
111110000010000101011000010000000011011011111010010100000100100101001000101011000011000011111100
111110000010000101011000010000000011011011111010010100000100100100110101001011110100000001101111
111110000010000101011000010000000011011011111010010100000100100001100110000000001101000010100100
111110000010000101011000010000000011011011111010010100000100111110111101010111110100100011001100
111110000010000101011000010000000011011011111010010100000100010001000100101111100000110111011111
111110000010000101011000010000000011011011111010010100000100000001001010111011110101101101111110
111110000010000101011000010000000011011011111010010100000100010100010010110110011110110101101011
111110000010000101011000010000000011011011111010010100000100010101000101001001111111000011111001
111110000010000101011000010000000011011011111010010100000100111011010010111010101011001001101010
111110000010000101011000010000000011011011111010010100000100111010000001100010000101110011010101
111110000010000101011000010000000011011011111010010100000100110001101010100110101100000001110101
111110000010000101011000010000000011011011111010010100000100010100101111101101011010011010100101
111110000010000101011000010000000011011011111010010100000100000001101000011100100011111101101001
111110000010000101011000010000000011011011111010010100000100111100101001010001000110101010100101
111110000010000101011000010000000011011011111010010100000100101011011010010100010111010000100110
111110000010000101011000010000000011011011111010010100000100001000011000000000100010001011111001
111110000010000101011000010000000011011011111010010100000100010010001010110101000010000011111001
111110000010000101011000010000000011011011111010010100000100010101001011010010000001101001110111
111110000010000101011000010000000011011011111010010100000100000011001111110010110111001101111001
111110000010000101011000010000000011011011111010010100000100001010110110000011011011000110001000
111110000010000101011000010000000011011011111010010100000100011101000100110110010100010000010011
111110000010000101011000010000000011011011111010010100000100001111001111100100000011111111010010
111110000010000101011000010000000011011011111010010100000100011011000110011101100111111011111011
111110000010000101011000010000000011011011111010010100000100001000110001000011001101101101110110
111110000010000101011000010000000011011011111010010100000100100111010011011000001001011011001011
111110000010000101011000010000000011011011111010010100000100011110101101101010001100010001011001
111110000010000101011000010000000011011011111010010100000100011000001001111111111111100111100110
111110000010000101011000010000000011011011111010010100000100011100100000011000101110100101001011
111110000010000101011000010000000011011011111010010100000100011101011110110001111000010000001101
111110000010000101011000010000000011011011111010010100000100111001111110100001011111000111100010
111110000010000101011000010000000011011011111010010100000100110011011110010101010001000100101110
111110000010000101011000010000000011011011111010010100000100111100111001101110001100101010101010
111110000010000101011000010000000011011011111010010100000100110100001110110100111000000001101111
111110000010000101011000010000000011011011111010010100000100101011000010010111100110011110111100
111110000010000101011000010000000011011011111010010100000100011111110011000011000010100001100010
111110000010000101011000010000000011011011111010010100000100100001010110010101101000111101000111
111110000010000101011000010000000011011011111010010100000100111100001000110001010010001101100100
111110000010000101011000010000000011011011111010010100000100000001000101111011011111110110111010
111110000010000101011000010000000011011011111010010100000100111011110111001100110100111010011010
111110000010000101011000010000000011011011111010010100000100000010111011010111001101100010101001
111110000010000101011000010000000011011011111010010100000100001100011000000111000111100110101110
111110000010000101011000010000000011011011111010010100000100100111101010000100100111111101010011
111110000010000101011000010000000011011011111010010100000100110111110100110111100111001100101101
111110000010000101011000010000000011011011111010010100000100011001110100010010101111111110010001
111110000010000101011000010000000011011011111010010100000100010111001000101010110011001111001011
111110000010000101011000010000000011011011111010010100000100010100101111001110000001110110110010
111110000010000101011000010000000011011011111010010100000100000110111010110110001110100111001111
111110000010000101011000010000000011011011111010010100000100001001000100001100100011001001011100
111110000010000101011000010000000011011011111010010100000100111001010110111010101111100011110011
111110000010000101011000010000000011011011111010010100000100000111000010001110111100011100000100
111110000010000101011000010000000011011011111010010100000100001110001101101110100101010001100100
111110000010000101011000010000000011011011111010010100000100111110000010000110110000001000101010
111110000010000101011000010000000011011011111010010100000100111010111010011000000100111011000010
111110000010000101011000010000000011011011111010010100000100101000110100010110001000011101100011
111110000010000101011000010000000011011011111010010100000100111111011000101100111011110000010111
111110000010000101011000010000000011011011111010010100000100010010000100010110000010011101111100
111110000010000101011000010000000011011011111010010100000100011000011011101000000000110101101100
111110000010000101011000010000000011011011111010010100000100001001111111001011101001111100100011
111110000010000101011000010000000011011011111010010100000100011000010010100010100101011011010100
111110000010000101011000010000000011011011111010010100000100100000000100100001101001101001100111
111110000010000101011000010000000011011011111010010100000100000001010101010101010011010100111010
111110000010000101011000010000000011011011111010010100000100000110100110101111110101110011100000
111110000010000101011000010000000011011011111010010100000100100111110101001101000101000110110001
111110000010000101011000010000000011011011111010010100000100101100100111110100101001101111101001
111110000010000101011000010000000011011011111010010100000100111010111011111111001100110111110011
111110000010000101011000010000000011011011111010010100000100010100110100100011010110100011011010
111110000010000101011000010000000011011011111010010100000100110111101111100100001011101111010110
111110000010000101011000010000000011011011111010010100000100001111111111101001000110001110111011
111110000010000101011000010000000011011011111010010100000100000111010101110001011000000011001010
111110000010000101011000010000000011011011111010010100000100000011101000001110110010000101001001
111110000010000101011000010000000011011011111010010100000100000111110010011000100111011010111011
111110000010000101011000010000000011011011111010010100000100101011110001011010010010110111101010
111110000010000101011000010000000011011011111010010100000100111110100100100000000110110110100110
111110000010000101011000010000000011011011111010010100000100101111010000001010000011111001110000
111110000010000101011000010000000011011011111010010100000100000101111100011011101001011111011111
111110000010000101011000010000000011011011111010010100000100101001100110111101011101001010010011
111110000010000101011000010000000011011011111010010100000100000101100011111100110010001111011000
111110000010000101011000010000000011011011111010010100000100010101001111001001100011000011110000
111110000010000101011000010000000011011011111010010100000100111010110111001110010110100011001001
111110000010000101011000010000000011011011111010010100000100100011000110011100100001010001111100
111110000010000101011000010000000011011011111010010100000100111001100100111101000101000100110100
111110000010000101011000010000000011011011111010010100000100100100110000000000001011001010111111
