111110000010000101011000010000000011011011111010010100000100001111100011110011100110001010110111
111110000010000101011000010000000011011011111010010100000100110111000100001101100100010100000001
111110000010000101011000010000000011011011111010010100000100111111101110001000101111110011010010
111110000010000101011000010000000011011011111010010100000100000000001101010100000110011010000010
111110000010000101011000010000000011011011111010010100000100101100111010010101110101101111001010
111110000010000101011000010000000011011011111010010100000100101110111001111000110100011000100010
111110000010000101011000010000000011011011111010010100000100001001011101111001100011010111110010
111110000010000101011000010000000011011011111010010100000100100010000011111000010100100011010101
111110000010000101011000010000000011011011111010010100000100101100110000100110000111110001011000
111110000010000101011000010000000011011011111010010100000100111101000101101000111111000110101000
111110000010000101011000010000000011011011111010010100000100100100000111111011010011001010100111
111110000010000101011000010000000011011011111010010100000100000001010111000110101010110110010011
111110000010000101011000010000000011011011111010010100000100001101110101110001100010010101011101
111110000010000101011000010000000011011011111010010100000100001001100010010010101111000110110110
111110000010000101011000010000000011011011111010010100000100111000001011001001110000100001100110
111110000010000101011000010000000011011011111010010100000100000001101010011110010000111101001000
111110000010000101011000010000000011011011111010010100000100100001111000010100101101001001001010
111110000010000101011000010000000011011011111010010100000100100111100111000100111010011111111100
111110000010000101011000010000000011011011111010010100000100111110001001101010011010000010110101
111110000010000101011000010000000011011011111010010100000100101100000010001011010101001010000010
111110000010000101011000010000000011011011111010010100000100110110011111001010001101001000110000
111110000010000101011000010000000011011011111010010100000100110010010101011111111000001111001011
111110000010000101011000010000000011011011111010010100000100011011100011011100001010000110001011
111110000010000101011000010000000011011011111010010100000100111111110000000010011010110001001001
111110000010000101011000010000000011011011111010010100000100110101110010000000001000001101000010
111110000010000101011000010000000011011011111010010100000100101100101101100011010110010101010101
111110000010000101011000010000000011011011111010010100000100101001010000101101001000100111001100
111110000010000101011000010000000011011011111010010100000100010000101110011000010001100001000110
111110000010000101011000010000000011011011111010010100000100000001101110111001000101100111111000
111110000010000101011000010000000011011011111010010100000100010111100001011100100101011110111101
111110000010000101011000010000000011011011111010010100000100010110101000111000111101011000100011
111110000010000101011000010000000011011011111010010100000100001111110101000000111111000011010010
111110000010000101011000010000000011011011111010010100000100110010000000000101111000000111001001
111110000010000101011000010000000011011011111010010100000100001110001110000111010111010101111101
111110000010000101011000010000000011011011111010010100000100011100100000001000101100011010100111
111110000010000101011000010000000011011011111010010100000100011111001010101111000101111110100010
111110000010000101011000010000000011011011111010010100000100001000101110101111001111110101000010
111110000010000101011000010000000011011011111010010100000100100010101011000011000000011110011110
111110000010000101011000010000000011011011111010010100000100111011100011000101101011010110011111
111110000010000101011000010000000011011011111010010100000100110001000010000001101001101111001110
111110000010000101011000010000000011011011111010010100000100110111010000100101100000001100101101
111110000010000101011000010000000011011011111010010100000100001111011001100111100101001001010011
111110000010000101011000010000000011011011111010010100000100000010000110000111001101101010101000
111110000010000101011000010000000011011011111010010100000100011110001000110110101001011001001010
111110000010000101011000010000000011011011111010010100000100101001111001011001011011100101100011
111110000010000101011000010000000011011011111010010100000100011010111100000111010100010110100010
111110000010000101011000010000000011011011111010010100000100010010011101000111100001010100100101
111110000010000101011000010000000011011011111010010100000100011101110000111110110111000011111111
111110000010000101011000010000000011011011111010010100000100000111001101011101110011111011010100
111110000010000101011000010000000011011011111010010100000100110011000010100011000010111010101110
111110000010000101011000010000000011011011111010010100000100001110010101011000001011111001101110
111110000010000101011000010000000011011011111010010100000100111000001111010101010001110000111100
111110000010000101011000010000000011011011111010010100000100111000001000001011110010001111011111
111110000010000101011000010000000011011011111010010100000100000111010000010010100001100001111011
111110000010000101011000010000000011011011111010010100000100111000101101010111011100110100001000
111110000010000101011000010000000011011011111010010100000100101111010101111001001010001000001001
111110000010000101011000010000000011011011111010010100000100110010110110001110000111011010110001
111110000010000101011000010000000011011011111010010100000100110010000010001111011101111011110100
111110000010000101011000010000000011011011111010010100000100111010101110111010011100100100010111
111110000010000101011000010000000011011011111010010100000100110101011110111111001010001100000111
111110000010000101011000010000000011011011111010010100000100111001000110101100010010000011110011
111110000010000101011000010000000011011011111010010100000100010111001001100100110010101100000000
111110000010000101011000010000000011011011111010010100000100001011001101101111100001111001001110
111110000010000101011000010000000011011011111010010100000100100111000010000011110111000100010000
111110000010000101011000010000000011011011111010010100000100001010000101111101111010111101001000
111110000010000101011000010000000011011011111010010100000100010101010110110111001011111100111101
111110000010000101011000010000000011011011111010010100000100100101100011010010000101110011100101
111110000010000101011000010000000011011011111010010100000100011001011010000111110000101011011001
111110000010000101011000010000000011011011111010010100000100010001010000101110111100111000010111
111110000010000101011000010000000011011011111010010100000100101000111011110000011100000100101011
111110000010000101011000010000000011011011111010010100000100010101010111010111111100011100100001
111110000010000101011000010000000011011011111010010100000100100001001010010110011001000000100000
111110000010000101011000010000000011011011111010010100000100001100000011111110100100101101011101
111110000010000101011000010000000011011011111010010100000100010000000011110110011111110011000000
111110000010000101011000010000000011011011111010010100000100001110001110100110000011100100110001
111110000010000101011000010000000011011011111010010100000100110100101000111011110011110101001100
111110000010000101011000010000000011011011111010010100000100100011001010110101100101111011011011
111110000010000101011000010000000011011011111010010100000100111111001001000011111000011010111111
111110000010000101011000010000000011011011111010010100000100000011110001101111011010101111010110
111110000010000101011000010000000011011011111010010100000100001000110011111111100111010001011101
111110000010000101011000010000000011011011111010010100000100001101011000001001000011000100000101
111110000010000101011000010000000011011011111010010100000100100110100111010110011000111000110010
111110000010000101011000010000000011011011111010010100000100010000001000111111101000100001100001
111110000010000101011000010000000011011011111010010100000100101101110010011011110010010010111111
111110000010000101011000010000000011011011111010010100000100010111011000101010100000011110000000
111110000010000101011000010000000011011011111010010100000100101011100010100101000100000111111100
111110000010000101011000010000000011011011111010010100000100001001010001110000000011110111110100
111110000010000101011000010000000011011011111010010100000100001000000011110010110010110110101001
111110000010000101011000010000000011011011111010010100000100011100100011110111110011101010100111
111110000010000101011000010000000011011011111010010100000100100101111101011001010101001111100100
111110000010000101011000010000000011011011111010010100000100000010111111110000101100111101110111
111110000010000101011000010000000011011011111010010100000100101110111100110010111011000111111001
111110000010000101011000010000000011011011111010010100000100010011001101001101100100001111101000
111110000010000101011000010000000011011011111010010100000100100000100000000100010110011000101001
111110000010000101011000010000000011011011111010010100000100101000110101010011110110010100100110
111110000010000101011000010000000011011011111010010100000100101100011100000010110010111000101100
111110000010000101011000010000000011011011111010010100000100010101111100101001001111000100101001
111110000010000101011000010000000011011011111010010100000100010001011011000110000000101000100010
111110000010000101011000010000000011011011111010010100000100001111111110101110101011011011011111
111110000010000101011000010000000011011011111010010100000100100110101110011010011110011101110111
111110000010000101011000010000000011011011111010010100000100101101110101111010000001000011000111
111110000010000101011000010000000011011011111010010100000100011011000111110111110010100101010001
111110000010000101011000010000000011011011111010010100000100010100100011111111111010000100000111
111110000010000101011000010000000011011011111010010100000100001100000101011110101001101101110100
111110000010000101011000010000000011011011111010010100000100001110100001110100110110100101100111
111110000010000101011000010000000011011011111010010100000100011011110101101110100011000111101000
111110000010000101011000010000000011011011111010010100000100000010110100110011010101100100101110
111110000010000101011000010000000011011011111010010100000100001010011100000010001111111001001011
111110000010000101011000010000000011011011111010010100000100010000010001101100111001101000101110
111110000010000101011000010000000011011011111010010100000100011011011111110101101000010100100001
111110000010000101011000010000000011011011111010010100000100010110000010110100110110010100110000
111110000010000101011000010000000011011011111010010100000100010010110100101110110000100101001101
111110000010000101011000010000000011011011111010010100000100111111101010000100011101110001110110
111110000010000101011000010000000011011011111010010100000100000000001011100101101010010110100001
111110000010000101011000010000000011011011111010010100000100101011001011000101000110100110010111
111110000010000101011000010000000011011011111010010100000100011111000011100000111001110011110101
111110000010000101011000010000000011011011111010010100000100010001110001001100100010100000000001
111110000010000101011000010000000011011011111010010100000100100110010100111010000110111001001111
111110000010000101011000010000000011011011111010010100000100110010101010001100011101110001101110
111110000010000101011000010000000011011011111010010100000100110011001000001011101111111010100001
111110000010000101011000010000000011011011111010010100000100111110100110111111000010001101110000
111110000010000101011000010000000011011011111010010100000100011110011100010011111000110111100010
111110000010000101011000010000000011011011111010010100000100000100001111111011110001110000101110
111110000010000101011000010000000011011011111010010100000100001010101011001100111110110000111111
111110000010000101011000010000000011011011111010010100000100001100111011110101100010000011100010
111110000010000101011000010000000011011011111010010100000100001001000001111110011100100111100100
111110000010000101011000010000000011011011111010010100000100101110001101100111110011001111000110
111110000010000101011000010000000011011011111010010100000100011101111001001111110101100111110110
111110000010000101011000010000000011011011111010010100000100001111110111101001100101000111010110
111110000010000101011000010000000011011011111010010100000100100011001101101110101001011100110010
111110000010000101011000010000000011011011111010010100000100011010111100011110110101100010001011
111110000010000101011000010000000011011011111010010100000100001010001100111110101011100110100110
111110000010000101011000010000000011011011111010010100000100001001100111101011110110000101010011
111110000010000101011000010000000011011011111010010100000100110110010001011100011101101010000111
111110000010000101011000010000000011011011111010010100000100011110010101001101001000001100100000
111110000010000101011000010000000011011011111010010100000100100001011001010100100011001001101101
111110000010000101011000010000000011011011111010010100000100100000100010011010001111111111110010
111110000010000101011000010000000011011011111010010100000100001001001100001110100000111001111001
111110000010000101011000010000000011011011111010010100000100101101110000011110011101100111110000
111110000010000101011000010000000011011011111010010100000100001011010001000011010001010000010100
111110000010000101011000010000000011011011111010010100000100000111000110100110011001111011110101
111110000010000101011000010000000011011011111010010100000100111010010001001111001100010011000011
111110000010000101011000010000000011011011111010010100000100010111011010110111000001101111111101
111110000010000101011000010000000011011011111010010100000100101011001000110010111111110100010101
111110000010000101011000010000000011011011111010010100000100101111011100011011110101010110110000
111110000010000101011000010000000011011011111010010100000100010111011100011010110101111011111010
111110000010000101011000010000000011011011111010010100000100001101100100101100000000010101010110
111110000010000101011000010000000011011011111010010100000100010100101011101001001110101000001000
111110000010000101011000010000000011011011111010010100000100111000001110010110010001010001011010
111110000010000101011000010000000011011011111010010100000100111110110000110000001111101011101101
111110000010000101011000010000000011011011111010010100000100011011101100110101010000111100000111
111110000010000101011000010000000011011011111010010100000100010001010000110010000100010001110001
111110000010000101011000010000000011011011111010010100000100111101111011001110010010000000110111
111110000010000101011000010000000011011011111010010100000100011011000001100111111010010010101010
111110000010000101011000010000000011011011111010010100000100101001000100010000010100111000011111
111110000010000101011000010000000011011011111010010100000100000110011100101100000000000000010000
111110000010000101011000010000000011011011111010010100000100111111010011111010101010111010001011
111110000010000101011000010000000011011011111010010100000100111101001101101100111111100100110001
111110000010000101011000010000000011011011111010010100000100111001001011111011001010101010011001
111110000010000101011000010000000011011011111010010100000100001100110100010111011111000100100010
111110000010000101011000010000000011011011111010010100000100101100101101110001011111111000111111
111110000010000101011000010000000011011011111010010100000100000100000001010101000110110110011100
111110000010000101011000010000000011011011111010010100000100110100001010001000001101001011100000
111110000010000101011000010000000011011011111010010100000100010101110101001111110001100110010111
111110000010000101011000010000000011011011111010010100000100101100110001111011100001101011011010
111110000010000101011000010000000011011011111010010100000100011110011000110101010111001000100000
111110000010000101011000010000000011011011111010010100000100100001101110101001110100101110111010
111110000010000101011000010000000011011011111010010100000100101011000100111100001011000101001000
111110000010000101011000010000000011011011111010010100000100111100001001100100011010001000101011
111110000010000101011000010000000011011011111010010100000100010110001010100101000111001100011110
111110000010000101011000010000000011011011111010010100000100101010101101100110000001011111011101
111110000010000101011000010000000011011011111010010100000100010101111001010100110001001011110000
111110000010000101011000010000000011011011111010010100000100001001111000000101101000111111111000
111110000010000101011000010000000011011011111010010100000100111000000000001001110111011011101111
111110000010000101011000010000000011011011111010010100000100110000011011000110101000100011011110
111110000010000101011000010000000011011011111010010100000100011010000110110101111101110011110111
111110000010000101011000010000000011011011111010010100000100110101000101111010100111111101111001
111110000010000101011000010000000011011011111010010100000100000010001010010001100100101011000100
111110000010000101011000010000000011011011111010010100000100000001011110011101110111001001001010
111110000010000101011000010000000011011011111010010100000100011111001011110100010010011100111010
111110000010000101011000010000000011011011111010010100000100000001000111001100111011010010001110
111110000010000101011000010000000011011011111010010100000100110000010111000100011101101111010110
111110000010000101011000010000000011011011111010010100000100000100110110011110000100100101011000
111110000010000101011000010000000011011011111010010100000100011100111011001111101001011010101001
111110000010000101011000010000000011011011111010010100000100100101111011000101100101001010110100
111110000010000101011000010000000011011011111010010100000100000110011010011001011100100011001011
111110000010000101011000010000000011011011111010010100000100111001001000110111011100001100101111
111110000010000101011000010000000011011011111010010100000100001011001110000101110111010110010011
111110000010000101011000010000000011011011111010010100000100000010100100110110100111100010101111
111110000010000101011000010000000011011011111010010100000100110101010111101001111011011100001111
111110000010000101011000010000000011011011111010010100000100110101010110000000001111010001110101
111110000010000101011000010000000011011011111010010100000100001111100001010101001101011100111000
111110000010000101011000010000000011011011111010010100000100100010000000001011101110001010010001
111110000010000101011000010000000011011011111010010100000100000101001110111100010101010010110000
111110000010000101011000010000000011011011111010010100000100101111110111101111100000110010001110
111110000010000101011000010000000011011011111010010100000100011100101011100110100000010100010010
111110000010000101011000010000000011011011111010010100000100011101101110000101011001110100011100
111110000010000101011000010000000011011011111010010100000100100101001010000100100010100011000101
111110000010000101011000010000000011011011111010010100000100111011111101110000011111101110000100
111110000010000101011000010000000011011011111010010100000100110001101010000111001100100001111001
111110000010000101011000010000000011011011111010010100000100101001110001010001011101110111001000
111110000010000101011000010000000011011011111010010100000100111110101101000101101110111101000101
111110000010000101011000010000000011011011111010010100000100001011110011100101111001100010010100
111110000010000101011000010000000011011011111010010100000100001101111111000100011011011110100100
111110000010000101011000010000000011011011111010010100000100010000100001011101101101010000000001
111110000010000101011000010000000011011011111010010100000100111100101101000010011111000111101101
111110000010000101011000010000000011011011111010010100000100111010000101110110110000111001000111
111110000010000101011000010000000011011011111010010100000100110101000100000101010101001100100100
111110000010000101011000010000000011011011111010010100000100111101111011001010101101101011010101
111110000010000101011000010000000011011011111010010100000100100000010100110100101000011000010110
111110000010000101011000010000000011011011111010010100000100001000111100010010111101100111010001
111110000010000101011000010000000011011011111010010100000100000110100101011101100110011101111101
111110000010000101011000010000000011011011111010010100000100011010101111110101100101001000010111
111110000010000101011000010000000011011011111010010100000100001011100100110111010110001011001110
111110000010000101011000010000000011011011111010010100000100111101110000001110000010011001011011
111110000010000101011000010000000011011011111010010100000100100111111011010011010101100101011010
111110000010000101011000010000000011011011111010010100000100110101111100000111001000010011110011
111110000010000101011000010000000011011011111010010100000100110111110010100010110110001000000101
111110000010000101011000010000000011011011111010010100000100100010111101111100011101110111111001
111110000010000101011000010000000011011011111010010100000100000101000011000100101101010110110111
111110000010000101011000010000000011011011111010010100000100111101101010011010001100000111000100
111110000010000101011000010000000011011011111010010100000100101100010101010101010111001001000100
111110000010000101011000010000000011011011111010010100000100000110111101010000100110000000000001
111110000010000101011000010000000011011011111010010100000100101101000100111100101111111011101000
111110000010000101011000010000000011011011111010010100000100000001010010000010111110101011000010
111110000010000101011000010000000011011011111010010100000100101111010111101110111001000101101110
111110000010000101011000010000000011011011111010010100000100010000001100001000011100001100011110
111110000010000101011000010000000011011011111010010100000100011110000011111000000111111010001011
111110000010000101011000010000000011011011111010010100000100100111011001111010101111111000010100
111110000010000101011000010000000011011011111010010100000100111100000111111111110010001110110011
111110000010000101011000010000000011011011111010010100000100110100110111101001001011110000010010
111110000010000101011000010000000011011011111010010100000100101000000010010000001000010101101100
111110000010000101011000010000000011011011111010010100000100100010110000000011000101100011000100
111110000010000101011000010000000011011011111010010100000100100100111010101010110011001100000000
111110000010000101011000010000000011011011111010010100000100001001011000101111111000000101100100
111110000010000101011000010000000011011011111010010100000100110001101010011100001001100010000110
111110000010000101011000010000000011011011111010010100000100110111100111000011000000101101100110
111110000010000101011000010000000011011011111010010100000100011011011111101111111100001101101100
111110000010000101011000010000000011011011111010010100000100110000100001000101110100101000100001
111110000010000101011000010000000011011011111010010100000100001110111100100111001000001100010001
111110000010000101011000010000000011011011111010010100000100100100111011001110101100000010100111
111110000010000101011000010000000011011011111010010100000100001011100100110000010000101000001000
111110000010000101011000010000000011011011111010010100000100111110010110001011100000111110101110
111110000010000101011000010000000011011011111010010100000100111101100000000011001010111111111110
111110000010000101011000010000000011011011111010010100000100010101110001000101110111110110110101
111110000010000101011000010000000011011011111010010100000100011111110110011111001001000001010101
111110000010000101011000010000000011011011111010010100000100111110111111001011111110111100001001
111110000010000101011000010000000011011011111010010100000100011011001100111100011010011010111010
111110000010000101011000010000000011011011111010010100000100101101100011100110001111010110101110
111110000010000101011000010000000011011011111010010100000100000101011101100100011101110001110011
111110000010000101011000010000000011011011111010010100000100100111100000010101111110101101001000
111110000010000101011000010000000011011011111010010100000100000110101001110100100101111011110101
111110000010000101011000010000000011011011111010010100000100100111010111110011110110000111111010
111110000010000101011000010000000011011011111010010100000100000011111011011011110111011000001101
111110000010000101011000010000000011011011111010010100000100101110010110110011101001000010010110
111110000010000101011000010000000011011011111010010100000100011010000001100101110001101011011101
111110000010000101011000010000000011011011111010010100000100010110111100010111100001110001001001
111110000010000101011000010000000011011011111010010100000100101110011100011000111101111001101100
111110000010000101011000010000000011011011111010010100000100101001110000011110000101110010101100
111110000010000101011000010000000011011011111010010100000100010011111011000110001111100111111001
111110000010000101011000010000000011011011111010010100000100010000110111111100000001111010110101
111110000010000101011000010000000011011011111010010100000100110101100011011100111110010100101111
111110000010000101011000010000000011011011111010010100000100010111000011100010100110110010111110
111110000010000101011000010000000011011011111010010100000100010100001011011111010111001100001100
111110000010000101011000010000000011011011111010010100000100000001000011010010110100111000110101
111110000010000101011000010000000011011011111010010100000100011110000101100010100101111010111101
111110000010000101011000010000000011011011111010010100000100111010001101100010010011101011110100
111110000010000101011000010000000011011011111010010100000100110001000001010111000101101110011011
111110000010000101011000010000000011011011111010010100000100111001001010011010111010111101110010
111110000010000101011000010000000011011011111010010100000100100111001111110100001100011100110111
111110000010000101011000010000000011011011111010010100000100100000000010111000001110111011101001
111110000010000101011000010000000011011011111010010100000100111101100111001011010111001100111110
111110000010000101011000010000000011011011111010010100000100110111011011001110011100010001110011
111110000010000101011000010000000011011011111010010100000100111000011000100011011100111100001110
111110000010000101011000010000000011011011111010010100000100010100011011010100000100110100111000
111110000010000101011000010000000011011011111010010100000100111111001100110011010101010010110110
111110000010000101011000010000000011011011111010010100000100101001111101011101110110100001110001
111110000010000101011000010000000011011011111010010100000100001111101100101101100100101011010010
111110000010000101011000010000000011011011111010010100000100110001001000110010001010010111110111
111110000010000101011000010000000011011011111010010100000100011010011111110110110011010111110000
111110000010000101011000010000000011011011111010010100000100110010011100100111110001010010100111
111110000010000101011000010000000011011011111010010100000100001111001101100010100001010010100010
111110000010000101011000010000000011011011111010010100000100100001000111011011010100010100000100
111110000010000101011000010000000011011011111010010100000100011010001010100101001110010100011100
111110000010000101011000010000000011011011111010010100000100011100001001010111001110110001010100
111110000010000101011000010000000011011011111010010100000100101100001110000010100111101111110001
111110000010000101011000010000000011011011111010010100000100001111001100001010101101010000011100
111110000010000101011000010000000011011011111010010100000100100111110000000100101011111001011010
111110000010000101011000010000000011011011111010010100000100100110001010010000110000101010001110
111110000010000101011000010000000011011011111010010100000100010111000110111001110110011000101111
111110000010000101011000010000000011011011111010010100000100001001111110110001100111000100101001
111110000010000101011000010000000011011011111010010100000100001011000110101110000000011101111001
111110000010000101011000010000000011011011111010010100000100011001000000110001110101001001110101
111110000010000101011000010000000011011011111010010100000100011000100110011011011100101100000010
111110000010000101011000010000000011011011111010010100000100110101011101000111101110100101110111
111110000010000101011000010000000011011011111010010100000100011000011101101110101000000011011011
111110000010000101011000010000000011011011111010010100000100110000110101100111110110101010110101
111110000010000101011000010000000011011011111010010100000100000101010101111010011000110100111111
111110000010000101011000010000000011011011111010010100000100010001000010100110100010110011010100
111110000010000101011000010000000011011011111010010100000100111010110001110111000111101000000010
111110000010000101011000010000000011011011111010010100000100010010101011010111101000110111100101
111110000010000101011000010000000011011011111010010100000100010110101111101100100000001010010111
111110000010000101011000010000000011011011111010010100000100101101000011000001010010100101100010
111110000010000101011000010000000011011011111010010100000100000010011111111000101111101101110100
111110000010000101011000010000000011011011111010010100000100010111100011010111110111000101100110
111110000010000101011000010000000011011011111010010100000100011000111011111100111100111000110100
111110000010000101011000010000000011011011111010010100000100001100001000111011000111101100010010
111110000010000101011000010000000011011011111010010100000100101010110011011011011100100111111011
111110000010000101011000010000000011011011111010010100000100011011101111010100000011010101100100
111110000010000101011000010000000011011011111010010100000100011001010100111010010101000100111110
111110000010000101011000010000000011011011111010010100000100000101111001000001110011010010110110
111110000010000101011000010000000011011011111010010100000100100111011000100100111101100110011010
111110000010000101011000010000000011011011111010010100000100010101001100100111001101100111100111
111110000010000101011000010000000011011011111010010100000100111000010111000110110000100111111101
111110000010000101011000010000000011011011111010010100000100000111101110110111001011011110000000
111110000010000101011000010000000011011011111010010100000100110100001110010110001110100111111111
111110000010000101011000010000000011011011111010010100000100100101110101111010101011000110111001
111110000010000101011000010000000011011011111010010100000100111111111011100100010101010011111100
111110000010000101011000010000000011011011111010010100000100101001011001011000010110000000100001
111110000010000101011000010000000011011011111010010100000100010111111010000010010111111000111011
111110000010000101011000010000000011011011111010010100000100000111011011100110101110001001110110
111110000010000101011000010000000011011011111010010100000100100011011101011000111011100100001011
111110000010000101011000010000000011011011111010010100000100010011100101101100001001111101000011
111110000010000101011000010000000011011011111010010100000100110110101110111101110111100110010001
111110000010000101011000010000000011011011111010010100000100000010001011011100100001100100001001
111110000010000101011000010000000011011011111010010100000100000011001101000111100100011100110110
111110000010000101011000010000000011011011111010010100000100010111011100111101001011101110011101
111110000010000101011000010000000011011011111010010100000100011000100000000110100110110111011110
111110000010000101011000010000000011011011111010010100000100110011000111101011011101111011000011
111110000010000101011000010000000011011011111010010100000100101101010001000000010000001110010111
111110000010000101011000010000000011011011111010010100000100001101000100101100100101100100000100
111110000010000101011000010000000011011011111010010100000100110001111000110111010001001011100011
111110000010000101011000010000000011011011111010010100000100001101011000011111000110001100011101
111110000010000101011000010000000011011011111010010100000100110010101101011010110111110101011101
111110000010000101011000010000000011011011111010010100000100110001111110010011111010001001000100
111110000010000101011000010000000011011011111010010100000100100001011001000011110000111100001001
111110000010000101011000010000000011011011111010010100000100011011100110101000111011101010010001
111110000010000101011000010000000011011011111010010100000100111110000010100111011100011101110100
111110000010000101011000010000000011011011111010010100000100011011101101000001111100100001011111
111110000010000101011000010000000011011011111010010100000100001011001010011011011011000111111101
111110000010000101011000010000000011011011111010010100000100010011100001101110100011001110000110
111110000010000101011000010000000011011011111010010100000100001100101001011110111110110011000110
111110000010000101011000010000000011011011111010010100000100000010110110101000100110001111001000
111110000010000101011000010000000011011011111010010100000100100000101110100010010101100001111000
111110000010000101011000010000000011011011111010010100000100001001110111010001111010010100010001
111110000010000101011000010000000011011011111010010100000100111001001100110011100101000001111000
111110000010000101011000010000000011011011111010010100000100101100110011011101001001100010110011
111110000010000101011000010000000011011011111010010100000100011001111001011001100110010000000110
111110000010000101011000010000000011011011111010010100000100001111101011100001010010111100001011
111110000010000101011000010000000011011011111010010100000100000110110100000100011101101111001011
111110000010000101011000010000000011011011111010010100000100111110011100101010011001010101011111
111110000010000101011000010000000011011011111010010100000100011011111010100111100000010100011011
111110000010000101011000010000000011011011111010010100000100100010001100110101110101111010000110
111110000010000101011000010000000011011011111010010100000100111010110010011010100001111111000100
111110000010000101011000010000000011011011111010010100000100110110011111111110000111000011001100
111110000010000101011000010000000011011011111010010100000100111011110111001001110010001000101011
111110000010000101011000010000000011011011111010010100000100100011001001110111111100011000000100
111110000010000101011000010000000011011011111010010100000100100110011100100000011011111100000001
111110000010000101011000010000000011011011111010010100000100010100011110000110010010001000111011
111110000010000101011000010000000011011011111010010100000100101100011110111111011010111111011010
111110000010000101011000010000000011011011111010010100000100001101100011100110010101101111101101
111110000010000101011000010000000011011011111010010100000100101000001011101000101111111010101111
111110000010000101011000010000000011011011111010010100000100010100101111101000000000100000100110
111110000010000101011000010000000011011011111010010100000100010111111000010101111110001110100001
111110000010000101011000010000000011011011111010010100000100000111111111010010101110111010111110
111110000010000101011000010000000011011011111010010100000100010010001000101001111010010101011101
111110000010000101011000010000000011011011111010010100000100100000011011111110111001110110001110
111110000010000101011000010000000011011011111010010100000100101111001111011000110111111001011010
111110000010000101011000010000000011011011111010010100000100000110001010000001111101010101101011
111110000010000101011000010000000011011011111010010100000100001001001101011111111111111111101100
111110000010000101011000010000000011011011111010010100000100000010010001010000010001001000011000
111110000010000101011000010000000011011011111010010100000100001100111110001100101000111000110110
111110000010000101011000010000000011011011111010010100000100110001000000010001011111000101011011
111110000010000101011000010000000011011011111010010100000100101110010000111000100001011111101111
111110000010000101011000010000000011011011111010010100000100111110110000000010000101100010101001
111110000010000101011000010000000011011011111010010100000100101110110111100111111110100110010111
111110000010000101011000010000000011011011111010010100000100101100011100100100111100011001111100
111110000010000101011000010000000011011011111010010100000100100111100001111011100010100000110100
111110000010000101011000010000000011011011111010010100000100100011010100010010100001110100100000
111110000010000101011000010000000011011011111010010100000100011011101000010110110001011111111110
111110000010000101011000010000000011011011111010010100000100010001110001011110011101110110101000
111110000010000101011000010000000011011011111010010100000100110001111101111000111000111100110111
111110000010000101011000010000000011011011111010010100000100011001010010011111100110000000011111
111110000010000101011000010000000011011011111010010100000100101100010000110011100011010101011100
111110000010000101011000010000000011011011111010010100000100111100010101011000011001011100101011
111110000010000101011000010000000011011011111010010100000100010000001111010010011000101001001001
111110000010000101011000010000000011011011111010010100000100010011111100100011001011001011110101
111110000010000101011000010000000011011011111010010100000100000100100011011000001101000111111111
111110000010000101011000010000000011011011111010010100000100100110001010100000011111001011001111
111110000010000101011000010000000011011011111010010100000100000001100110100011011111101000010110
111110000010000101011000010000000011011011111010010100000100001110011000111110110000111000111110
111110000010000101011000010000000011011011111010010100000100100111001101101101100111101101000100
111110000010000101011000010000000011011011111010010100000100001010010101110011101111111000011001
111110000010000101011000010000000011011011111010010100000100011110001100011100001001010110000000
111110000010000101011000010000000011011011111010010100000100001000011010011101010101011011001000
111110000010000101011000010000000011011011111010010100000100010110011110111011001000000011011100
111110000010000101011000010000000011011011111010010100000100110101101011100110000100000010101111
111110000010000101011000010000000011011011111010010100000100010011111001100011100110000110110100
111110000010000101011000010000000011011011111010010100000100111110011010001110101111000011000110
111110000010000101011000010000000011011011111010010100000100101001100101000110001011000010010101
111110000010000101011000010000000011011011111010010100000100111101110110000001101010001011000110
111110000010000101011000010000000011011011111010010100000100011000100001000100011110010001010001
111110000010000101011000010000000011011011111010010100000100101001011101010100111010111010111001
111110000010000101011000010000000011011011111010010100000100111010101001000000100100010001001101
111110000010000101011000010000000011011011111010010100000100111000010110111000010001001011000111
111110000010000101011000010000000011011011111010010100000100010010001000011010011001101011010100
111110000010000101011000010000000011011011111010010100000100100010010100011111110000111110100110
111110000010000101011000010000000011011011111010010100000100000100100100111000010100100000010001
111110000010000101011000010000000011011011111010010100000100111011011101011010100110010011101011
111110000010000101011000010000000011011011111010010100000100010100101100110001010010110111100101
111110000010000101011000010000000011011011111010010100000100111101110010000010000101101100110111
111110000010000101011000010000000011011011111010010100000100111100000110111010000110100011010100
111110000010000101011000010000000011011011111010010100000100001001100001001111101100110000100111
111110000010000101011000010000000011011011111010010100000100110011000101100110100010000000100111
111110000010000101011000010000000011011011111010010100000100101110011110101010010111100110100101
111110000010000101011000010000000011011011111010010100000100010001010010111110001100000101101111
111110000010000101011000010000000011011011111010010100000100010100101111001011111001010010100010
111110000010000101011000010000000011011011111010010100000100100001000000100011110111011111001011
111110000010000101011000010000000011011011111010010100000100110001111101110001101010011001101010
111110000010000101011000010000000011011011111010010100000100010101001000101110001110101110100010
111110000010000101011000010000000011011011111010010100000100111111101101110111100110000110011011
111110000010000101011000010000000011011011111010010100000100111001010100001011000011100110101000
111110000010000101011000010000000011011011111010010100000100001110000000101110110111011001100111
111110000010000101011000010000000011011011111010010100000100000100100110110111101001100000101011
111110000010000101011000010000000011011011111010010100000100111111101100101011110110100111100110
111110000010000101011000010000000011011011111010010100000100110001100000011001101100001101001000
111110000010000101011000010000000011011011111010010100000100111111101010000110111100001001011010
111110000010000101011000010000000011011011111010010100000100110000110101001110111100100011100101
111110000010000101011000010000000011011011111010010100000100011000100010111000010111100101010111
111110000010000101011000010000000011011011111010010100000100000010111111100010101001011011101011
111110000010000101011000010000000011011011111010010100000100000100100001111101110001100010100100
111110000010000101011000010000000011011011111010010100000100101010001101011100101011010010001100
111110000010000101011000010000000011011011111010010100000100011011010001000110111101110111111100
111110000010000101011000010000000011011011111010010100000100100011000011111011001101110100100110
111110000010000101011000010000000011011011111010010100000100000100010100110110000111101000010011
111110000010000101011000010000000011011011111010010100000100101111111100101100000111101101011110
111110000010000101011000010000000011011011111010010100000100111110100110111111101011101110110111
111110000010000101011000010000000011011011111010010100000100111011001001001110001111100001100100
111110000010000101011000010000000011011011111010010100000100001111001100011011001010101001011101
111110000010000101011000010000000011011011111010010100000100100010111001000100111110000011000010
111110000010000101011000010000000011011011111010010100000100100110000011101000110100011110101111
111110000010000101011000010000000011011011111010010100000100001111010000110101001010110001000011
111110000010000101011000010000000011011011111010010100000100000001101110010001011111111111010111
111110000010000101011000010000000011011011111010010100000100010101001000110011011100110111010010
111110000010000101011000010000000011011011111010010100000100101010011101101001010111000101011101
111110000010000101011000010000000011011011111010010100000100010110001011101111010111110101001000
111110000010000101011000010000000011011011111010010100000100011101010000001110011001011100100011
111110000010000101011000010000000011011011111010010100000100100001111010001110010100010000011101
111110000010000101011000010000000011011011111010010100000100000000000101001000000111010000111100
111110000010000101011000010000000011011011111010010100000100100101001010000011101011000111111000
111110000010000101011000010000000011011011111010010100000100101101111111011001110001111001111011
111110000010000101011000010000000011011011111010010100000100110010101100100100000011110111100110
111110000010000101011000010000000011011011111010010100000100101011010010001001001011011011010011
111110000010000101011000010000000011011011111010010100000100110100010011011001011010110111110011
111110000010000101011000010000000011011011111010010100000100100111110110001100100000110011001101
111110000010000101011000010000000011011011111010010100000100010100010001001100100000010101001001
111110000010000101011000010000000011011011111010010100000100011000110111110010000001000000011010
111110000010000101011000010000000011011011111010010100000100110000000000001011101110001110110011
111110000010000101011000010000000011011011111010010100000100010001001010110101101001011001110001
111110000010000101011000010000000011011011111010010100000100011011011000100110111100111010010111
111110000010000101011000010000000011011011111010010100000100010011000100001101110011001100001110
111110000010000101011000010000000011011011111010010100000100001011001000001001110111111011000111
111110000010000101011000010000000011011011111010010100000100100010011110000101010111011011110001
111110000010000101011000010000000011011011111010010100000100110000001000100111001101000001111101
111110000010000101011000010000000011011011111010010100000100011111001101100110001010111001111000
111110000010000101011000010000000011011011111010010100000100011000010111000010001111000101110000
111110000010000101011000010000000011011011111010010100000100001110111000000011000010110010100001
111110000010000101011000010000000011011011111010010100000100001111110111011101011111010111000011
111110000010000101011000010000000011011011111010010100000100010111110001100000101010111001011011
111110000010000101011000010000000011011011111010010100000100000000110101111000001000100000000011
111110000010000101011000010000000011011011111010010100000100011001111101101100111001011001011110
111110000010000101011000010000000011011011111010010100000100111011000111011001000001101001010111
111110000010000101011000010000000011011011111010010100000100100100001110000100001101010110111110
111110000010000101011000010000000011011011111010010100000100011111100011000000101110001010001111
111110000010000101011000010000000011011011111010010100000100111101111110101100001000100111110010
111110000010000101011000010000000011011011111010010100000100111010111001010011001101010110011101
111110000010000101011000010000000011011011111010010100000100000111101101001001111110101011100011
111110000010000101011000010000000011011011111010010100000100000001111101010101100010110101001100
111110000010000101011000010000000011011011111010010100000100001011011000010101011001000011000001
111110000010000101011000010000000011011011111010010100000100100001100110111111000001001100101100
111110000010000101011000010000000011011011111010010100000100110010001110111011000111011100111000
111110000010000101011000010000000011011011111010010100000100011001111110110111110110110001101010
111110000010000101011000010000000011011011111010010100000100110010011001110000001110010100010011
111110000010000101011000010000000011011011111010010100000100111100110100100111010101010100000010
111110000010000101011000010000000011011011111010010100000100011010111101101100001010101000100011
111110000010000101011000010000000011011011111010010100000100010001111011110010011010011110001011
111110000010000101011000010000000011011011111010010100000100100110101010010101000000111110010101
111110000010000101011000010000000011011011111010010100000100111001110010011000111100100010010100
111110000010000101011000010000000011011011111010010100000100111111101100110100111011101101000100
111110000010000101011000010000000011011011111010010100000100111100110001001111001110011110000111
111110000010000101011000010000000011011011111010010100000100111001011010000010010101110011011101
111110000010000101011000010000000011011011111010010100000100011111111110011100010001100000000000
111110000010000101011000010000000011011011111010010100000100101001110001000101101100000111011001
111110000010000101011000010000000011011011111010010100000100010000011101100000100011011010010000
111110000010000101011000010000000011011011111010010100000100100101000111011001000111100111101111
111110000010000101011000010000000011011011111010010100000100111001010111110011110100110011000110
111110000010000101011000010000000011011011111010010100000100111011011010010001111111001101010001
111110000010000101011000010000000011011011111010010100000100000010100000011110100011101010100011
111110000010000101011000010000000011011011111010010100000100000110010011101111010111011010000111
111110000010000101011000010000000011011011111010010100000100011010011000010110000111100000111110
111110000010000101011000010000000011011011111010010100000100111011101100001010100110011000000110
111110000010000101011000010000000011011011111010010100000100001001011111111110111110110100010001
111110000010000101011000010000000011011011111010010100000100011001010111111000011001111111110111
111110000010000101011000010000000011011011111010010100000100001100011100110011100100101011111100
111110000010000101011000010000000011011011111010010100000100100111111100110111010110111010011111
111110000010000101011000010000000011011011111010010100000100000001111110010001010111000010100100
111110000010000101011000010000000011011011111010010100000100010110101000011010110011010011110110
111110000010000101011000010000000011011011111010010100000100001011110000000011011010101100011000
111110000010000101011000010000000011011011111010010100000100011110011001101011100011001011111101
111110000010000101011000010000000011011011111010010100000100010000100111100111000010011100101110
111110000010000101011000010000000011011011111010010100000100101110001001011001011100110110100111
111110000010000101011000010000000011011011111010010100000100101111001011011000111110100011110010
111110000010000101011000010000000011011011111010010100000100100111000000110101000111011010100101
111110000010000101011000010000000011011011111010010100000100011111100010111000101001111100101100
111110000010000101011000010000000011011011111010010100000100100001101000101100110100000111011111
111110000010000101011000010000000011011011111010010100000100011111011100110101001100110101101101
111110000010000101011000010000000011011011111010010100000100101100101001110100010111101010100110
111110000010000101011000010000000011011011111010010100000100001001010010000001010111110101101001
111110000010000101011000010000000011011011111010010100000100000001101110000010101011100111110010
111110000010000101011000010000000011011011111010010100000100000001110010111000001111101011000101
111110000010000101011000010000000011011011111010010100000100100001010110111001000111111010011000
111110000010000101011000010000000011011011111010010100000100011001011100011011001110000101101100
111110000010000101011000010000000011011011111010010100000100011010100100111110101110100011110010
111110000010000101011000010000000011011011111010010100000100100111011100101101110010011001111100
111110000010000101011000010000000011011011111010010100000100110011101000011001111000010101001100
111110000010000101011000010000000011011011111010010100000100011010011011101000111011001111111101
111110000010000101011000010000000011011011111010010100000100110100101000100111010011101010101001
111110000010000101011000010000000011011011111010010100000100011010110000110111001111111111011000
111110000010000101011000010000000011011011111010010100000100100101100011101110100101011111111011
111110000010000101011000010000000011011011111010010100000100011011101111010100111111000001101001
111110000010000101011000010000000011011011111010010100000100100010110000100110010010010111111101
111110000010000101011000010000000011011011111010010100000100000010110011000111001111010000111110
111110000010000101011000010000000011011011111010010100000100110100011010011011101001111000001011
111110000010000101011000010000000011011011111010010100000100101010110110011000010110111010100101
111110000010000101011000010000000011011011111010010100000100001010001111010101010111010100001110
111110000010000101011000010000000011011011111010010100000100100001001000001101000001010100000010
111110000010000101011000010000000011011011111010010100000100011001110111001111111000111101110001
111110000010000101011000010000000011011011111010010100000100110010101000000001010111001001011000
111110000010000101011000010000000011011011111010010100000100101101101111111001101101101100101100
111110000010000101011000010000000011011011111010010100000100101100100101010010100100000000101111
111110000010000101011000010000000011011011111010010100000100110100111011111001101110011101011010
111110000010000101011000010000000011011011111010010100000100000110001000001110011111110001100001
111110000010000101011000010000000011011011111010010100000100001000100100010101001011111000001000
111110000010000101011000010000000011011011111010010100000100000001001100111100010101000011101011
111110000010000101011000010000000011011011111010010100000100001011100011110011001111101100000100
111110000010000101011000010000000011011011111010010100000100010001110111011110000110001100100000
111110000010000101011000010000000011011011111010010100000100010101000100110011011111101000011010
111110000010000101011000010000000011011011111010010100000100010101111000110111111111010111000110
111110000010000101011000010000000011011011111010010100000100101111001101100000010000101001011000
111110000010000101011000010000000011011011111010010100000100001110111001100111010101000000100111
111110000010000101011000010000000011011011111010010100000100111101101000000100101111101101001001
111110000010000101011000010000000011011011111010010100000100100000101111100110000111000000101011
111110000010000101011000010000000011011011111010010100000100111000000101000011001110000010011100
111110000010000101011000010000000011011011111010010100000100100010111100110011100111010001100001
111110000010000101011000010000000011011011111010010100000100011000101000011101110100111111101001
111110000010000101011000010000000011011011111010010100000100111010110001110000010110100110111110
111110000010000101011000010000000011011011111010010100000100110011011110001011100111101100011001
111110000010000101011000010000000011011011111010010100000100000100010010110011001101000011001101
111110000010000101011000010000000011011011111010010100000100010010000101110010000001101110101101
111110000010000101011000010000000011011011111010010100000100100000000101110110010110110101001100
111110000010000101011000010000000011011011111010010100000100111001101101000110111100011101011101
111110000010000101011000010000000011011011111010010100000100011011110111010010110000010111011010
111110000010000101011000010000000011011011111010010100000100010110111000000110100100101110000101
111110000010000101011000010000000011011011111010010100000100011111001110000010010101001101101100
111110000010000101011000010000000011011011111010010100000100001101011010010000011111101110111011
111110000010000101011000010000000011011011111010010100000100101000000001001110010000010011001111
111110000010000101011000010000000011011011111010010100000100000011110111101000100111000101100000
111110000010000101011000010000000011011011111010010100000100001011000111101111110000100011000001
111110000010000101011000010000000011011011111010010100000100010000000001111110111111111001100000
111110000010000101011000010000000011011011111010010100000100100011111000011110111101001001101111
111110000010000101011000010000000011011011111010010100000100111011000001100100000010000010011000
111110000010000101011000010000000011011011111010010100000100000110110001011110101010111101100010
111110000010000101011000010000000011011011111010010100000100110101100101111001011111110011001010
111110000010000101011000010000000011011011111010010100000100011101111000001010001111101001011000
111110000010000101011000010000000011011011111010010100000100110001000011010111110111010001011011
111110000010000101011000010000000011011011111010010100000100001110011010101100101011011110010000
111110000010000101011000010000000011011011111010010100000100011100001010100001101010110101001101
111110000010000101011000010000000011011011111010010100000100000111101010001111101111101101001001
111110000010000101011000010000000011011011111010010100000100110010110100100100010011011101101001
111110000010000101011000010000000011011011111010010100000100110111011010100011110111101011101001
111110000010000101011000010000000011011011111010010100000100001100111101010111000011100101100000
111110000010000101011000010000000011011011111010010100000100111100010110110011100010011001101101
111110000010000101011000010000000011011011111010010100000100010010111100000100111101110110110010
111110000010000101011000010000000011011011111010010100000100101110101110000101110101111011110111
111110000010000101011000010000000011011011111010010100000100110101101100000111001011001011000100
111110000010000101011000010000000011011011111010010100000100000100010010101101001010111100101100
111110000010000101011000010000000011011011111010010100000100000100110011000000110010100111111011
111110000010000101011000010000000011011011111010010100000100001111100011100010100111011001100111
111110000010000101011000010000000011011011111010010100000100100111010001010110001011110100011111
111110000010000101011000010000000011011011111010010100000100101110100001100000011101000111001011
111110000010000101011000010000000011011011111010010100000100111010101011110011101101010001011100
111110000010000101011000010000000011011011111010010100000100001000100010100101101111001101001111
111110000010000101011000010000000011011011111010010100000100011111100101010100011111010011011001
111110000010000101011000010000000011011011111010010100000100010010110001101101101001110010010100
111110000010000101011000010000000011011011111010010100000100010001111000001001001111101010100101
111110000010000101011000010000000011011011111010010100000100010111011011000101001001011010011011
111110000010000101011000010000000011011011111010010100000100011010000000010000100001110010111010
111110000010000101011000010000000011011011111010010100000100011000011001010101001011000111110011
111110000010000101011000010000000011011011111010010100000100110101010110110111101100000010100011
111110000010000101011000010000000011011011111010010100000100000001110010001110100101110011010111
111110000010000101011000010000000011011011111010010100000100000100110000001111000001001011000101
111110000010000101011000010000000011011011111010010100000100001100100000111001101001111111100110
111110000010000101011000010000000011011011111010010100000100100100111011010000100010110111001010
111110000010000101011000010000000011011011111010010100000100000101011011111110011111000011000110
111110000010000101011000010000000011011011111010010100000100010100010110010010111100100001000011
111110000010000101011000010000000011011011111010010100000100000000100111100111110110100001001101
111110000010000101011000010000000011011011111010010100000100000100101100111101001111000110110011
111110000010000101011000010000000011011011111010010100000100101000001110001001001110000001011011
111110000010000101011000010000000011011011111010010100000100100100110010100110110011110001100101
111110000010000101011000010000000011011011111010010100000100110111110111111110001001111010111110
111110000010000101011000010000000011011011111010010100000100000110111111100101010111110110100001
111110000010000101011000010000000011011011111010010100000100000111000010010011100001100011010111
111110000010000101011000010000000011011011111010010100000100010100101011110010101001010110101111
111110000010000101011000010000000011011011111010010100000100010110101001001100001110011000111000
111110000010000101011000010000000011011011111010010100000100111011011010011001101001011010001111
111110000010000101011000010000000011011011111010010100000100100111011110101001101100011110100010
111110000010000101011000010000000011011011111010010100000100010100000101101111010111011110001011
111110000010000101011000010000000011011011111010010100000100111110101000011100110110100011100010
111110000010000101011000010000000011011011111010010100000100010110100010011000101111111011101111
111110000010000101011000010000000011011011111010010100000100110101101101000011100000100111000001
111110000010000101011000010000000011011011111010010100000100000100011110001100110110101000111100
111110000010000101011000010000000011011011111010010100000100000101001000011111110011110101011000
111110000010000101011000010000000011011011111010010100000100101001001111100101100001100100010000
111110000010000101011000010000000011011011111010010100000100010111110011010000000101111000100010
111110000010000101011000010000000011011011111010010100000100100100101110001111001001100100101101
111110000010000101011000010000000011011011111010010100000100011010011010111111001101101101100011
111110000010000101011000010000000011011011111010010100000100110001101100111110101111111010101111
111110000010000101011000010000000011011011111010010100000100001111011101000100100100000010001100
111110000010000101011000010000000011011011111010010100000100010011111011001011100100011101110011
111110000010000101011000010000000011011011111010010100000100010010001111110010001101000001011011
111110000010000101011000010000000011011011111010010100000100100110001100011111100100111100100011
111110000010000101011000010000000011011011111010010100000100001111101010100010101101010001110101
111110000010000101011000010000000011011011111010010100000100110101100101100101000110100010101110
111110000010000101011000010000000011011011111010010100000100001010011101010110010110001111111011
111110000010000101011000010000000011011011111010010100000100110111111100010100010100000001111011
111110000010000101011000010000000011011011111010010100000100010101010010101110011101001000100011
111110000010000101011000010000000011011011111010010100000100111001011011100101000100101000010100
111110000010000101011000010000000011011011111010010100000100110011101100001001010011011011111101
111110000010000101011000010000000011011011111010010100000100110110101111111001000110000110101010
111110000010000101011000010000000011011011111010010100000100000100011001100100001010101010010010
111110000010000101011000010000000011011011111010010100000100000001101011100011101001100010001111
111110000010000101011000010000000011011011111010010100000100010010111100111011000100001101101011
111110000010000101011000010000000011011011111010010100000100001110111100110010011011100110000010
111110000010000101011000010000000011011011111010010100000100001000111011001101110011110101001010
111110000010000101011000010000000011011011111010010100000100101100101110101110010001100110110100
111110000010000101011000010000000011011011111010010100000100110011010010001110101110000011010110
111110000010000101011000010000000011011011111010010100000100100111011111011011101001011111101101
111110000010000101011000010000000011011011111010010100000100010000100110010010010001010010000100
111110000010000101011000010000000011011011111010010100000100111110110001011000111001001001110110
111110000010000101011000010000000011011011111010010100000100100100010000100110001000100100001100
111110000010000101011000010000000011011011111010010100000100010011000100101010001101000001000111
111110000010000101011000010000000011011011111010010100000100110001111111011111000111010011111011
111110000010000101011000010000000011011011111010010100000100110111011010010100100010011110001100
111110000010000101011000010000000011011011111010010100000100111000000000001100100001110110110110
111110000010000101011000010000000011011011111010010100000100010001111000000011110001110101100010
111110000010000101011000010000000011011011111010010100000100000001010110110011110010110011011010
111110000010000101011000010000000011011011111010010100000100000000011110110110110101100011000100
111110000010000101011000010000000011011011111010010100000100111000000000000011010001100010011010
111110000010000101011000010000000011011011111010010100000100101000001100101000111010000101010010
111110000010000101011000010000000011011011111010010100000100101010110100001111011111110101000010
111110000010000101011000010000000011011011111010010100000100011111000101100100110010111100100011
111110000010000101011000010000000011011011111010010100000100101111101101101111001010101101010010
111110000010000101011000010000000011011011111010010100000100011100101001000010011110101001000101
111110000010000101011000010000000011011011111010010100000100100111011001001100111001111010101010
111110000010000101011000010000000011011011111010010100000100000010001101000010011001010010101011
111110000010000101011000010000000011011011111010010100000100010111111111000011100011000001110010
111110000010000101011000010000000011011011111010010100000100101011100011101001110000101010101001
111110000010000101011000010000000011011011111010010100000100001000000010100000101100110111011101
111110000010000101011000010000000011011011111010010100000100101010010010100011010000110101110110
111110000010000101011000010000000011011011111010010100000100101100111101010111111000000100111001
111110000010000101011000010000000011011011111010010100000100011110110001111111001001100010110000
111110000010000101011000010000000011011011111010010100000100011011011100100100000110111111110111
111110000010000101011000010000000011011011111010010100000100111001001110011000000101100010011000
111110000010000101011000010000000011011011111010010100000100110010111001101011000110111101101010
111110000010000101011000010000000011011011111010010100000100101100110001010110011001111111101100
111110000010000101011000010000000011011011111010010100000100010110110110010100010111001010001101
111110000010000101011000010000000011011011111010010100000100011011110100101100000100010011011001
111110000010000101011000010000000011011011111010010100000100011010101110111001010100100101111011
111110000010000101011000010000000011011011111010010100000100001000000111100001001001001101011100
111110000010000101011000010000000011011011111010010100000100110111011001111011100011110010011011
111110000010000101011000010000000011011011111010010100000100100011101010000000001001100001101110
111110000010000101011000010000000011011011111010010100000100000110010111111110001010001111000111
111110000010000101011000010000000011011011111010010100000100011111010110001110001011001001100101
111110000010000101011000010000000011011011111010010100000100100111001110000000100101101000011011
111110000010000101011000010000000011011011111010010100000100101100110101000101101111101001110100
111110000010000101011000010000000011011011111010010100000100001010101001010000100111100010110111
111110000010000101011000010000000011011011111010010100000100101001111011110001010010111100111110
111110000010000101011000010000000011011011111010010100000100101110111110000010001000110110000110
111110000010000101011000010000000011011011111010010100000100100010110110100111010111010001000010
111110000010000101011000010000000011011011111010010100000100100001100100111110100010111001101001
111110000010000101011000010000000011011011111010010100000100010111110001010011101001101100111011
111110000010000101011000010000000011011011111010010100000100011010001000010110010011001010000100
111110000010000101011000010000000011011011111010010100000100011010100011010100110110000001011110
111110000010000101011000010000000011011011111010010100000100010100001001010100110010100101100110
111110000010000101011000010000000011011011111010010100000100010011010111011011010100011101000000
111110000010000101011000010000000011011011111010010100000100010010000011010110111101000110100110
111110000010000101011000010000000011011011111010010100000100100001010000000010110001110100001110
111110000010000101011000010000000011011011111010010100000100001001101101111000011100001010011100
111110000010000101011000010000000011011011111010010100000100100111100111010101101011111000011010
111110000010000101011000010000000011011011111010010100000100010000100010000001100111111100110010
111110000010000101011000010000000011011011111010010100000100100011001010100100101000110111011100
111110000010000101011000010000000011011011111010010100000100101110111000110011010000010111011110
111110000010000101011000010000000011011011111010010100000100100110011011011101111001010010100011
111110000010000101011000010000000011011011111010010100000100110101011101110000100011101101111100
111110000010000101011000010000000011011011111010010100000100111010011011110101101011101000010000
111110000010000101011000010000000011011011111010010100000100101000110010111010110011000010000111
111110000010000101011000010000000011011011111010010100000100100100000001000001101001001001001110
111110000010000101011000010000000011011011111010010100000100110101001101000001111010001001001000
111110000010000101011000010000000011011011111010010100000100101001010000011111101111111011011100
111110000010000101011000010000000011011011111010010100000100111110001001010001010010111110011101
111110000010000101011000010000000011011011111010010100000100101101011000100001011100111101111100
111110000010000101011000010000000011011011111010010100000100011101100101100100000101000110001100
111110000010000101011000010000000011011011111010010100000100100010100000011010001101001101110000
111110000010000101011000010000000011011011111010010100000100010011001100010110111100000111111010
111110000010000101011000010000000011011011111010010100000100001100100100101010100110011100010011
111110000010000101011000010000000011011011111010010100000100100110011010110110111000001001000010
111110000010000101011000010000000011011011111010010100000100010010000100101111110101110110101111
111110000010000101011000010000000011011011111010010100000100110110000101001110101001010100101110
111110000010000101011000010000000011011011111010010100000100111001110101110101011001110110101011
111110000010000101011000010000000011011011111010010100000100011011111110100011101000100010000101
111110000010000101011000010000000011011011111010010100000100111001001111111011010110010001011010
111110000010000101011000010000000011011011111010010100000100011011111001010110001110101010001011
111110000010000101011000010000000011011011111010010100000100011001000110001111001010111011011001
111110000010000101011000010000000011011011111010010100000100011001111110000011101011111111111110
111110000010000101011000010000000011011011111010010100000100001001101111010111111101111001011100
111110000010000101011000010000000011011011111010010100000100110001100010101111111011110111100010
111110000010000101011000010000000011011011111010010100000100101000110000111010110010000010111010
111110000010000101011000010000000011011011111010010100000100111010010010000101101111001001101111
111110000010000101011000010000000011011011111010010100000100100010000011110000000010110101101010
111110000010000101011000010000000011011011111010010100000100001010000111100101000001011011100001
111110000010000101011000010000000011011011111010010100000100111000000001101000000010101100000010
111110000010000101011000010000000011011011111010010100000100001000100110011000110001010000110000
111110000010000101011000010000000011011011111010010100000100001100000110000001100100000100110001
111110000010000101011000010000000011011011111010010100000100001001000000110100001001001000101110
111110000010000101011000010000000011011011111010010100000100111100110101011101110001011101001111
111110000010000101011000010000000011011011111010010100000100001000110110000011001000010111001011
111110000010000101011000010000000011011011111010010100000100110010110100101110101111111011011001
111110000010000101011000010000000011011011111010010100000100000110000010111110111000010010100011
111110000010000101011000010000000011011011111010010100000100001111011010101101101110011001110011
111110000010000101011000010000000011011011111010010100000100110111110100111100111010110001000000
111110000010000101011000010000000011011011111010010100000100101000111001000100000010111101111101
111110000010000101011000010000000011011011111010010100000100101101101011000010001000100010111011
111110000010000101011000010000000011011011111010010100000100100110111100011101000100100001110101
111110000010000101011000010000000011011011111010010100000100101110110000111110110111011111000110
111110000010000101011000010000000011011011111010010100000100111000100011100111110110000010111001
111110000010000101011000010000000011011011111010010100000100110001011001110110001010101010100110
111110000010000101011000010000000011011011111010010100000100100110010000110101110011010110010001
111110000010000101011000010000000011011011111010010100000100100111101110111010001110000101111100
111110000010000101011000010000000011011011111010010100000100100001010010110100111010100000010000
111110000010000101011000010000000011011011111010010100000100010000111001001001010001100110000011
111110000010000101011000010000000011011011111010010100000100011010101111100101101101011100001011
111110000010000101011000010000000011011011111010010100000100011101110100011000000001001011011111
111110000010000101011000010000000011011011111010010100000100010010011101101010111110010000000110
111110000010000101011000010000000011011011111010010100000100011111010011011011000110010111101001
111110000010000101011000010000000011011011111010010100000100110011011101101101011010010100100001
111110000010000101011000010000000011011011111010010100000100001110101000110010010110001011100110
111110000010000101011000010000000011011011111010010100000100000010011010000110011101101001001111
111110000010000101011000010000000011011011111010010100000100010111000011110001101100101101011010
111110000010000101011000010000000011011011111010010100000100010110000010001110100011111010100011
111110000010000101011000010000000011011011111010010100000100101101011100010000010100110011101101
111110000010000101011000010000000011011011111010010100000100011000001100011000100100111110110010
111110000010000101011000010000000011011011111010010100000100100110101111100110010000110110100100
111110000010000101011000010000000011011011111010010100000100010000100001100101000001001110101010
111110000010000101011000010000000011011011111010010100000100000100000011011100100001110000011110
111110000010000101011000010000000011011011111010010100000100001000010110101000110000110110010001
111110000010000101011000010000000011011011111010010100000100010101010000110101011011001100000111
111110000010000101011000010000000011011011111010010100000100110100000010000111001001001001111111
111110000010000101011000010000000011011011111010010100000100010100111000001100010001011110010111
111110000010000101011000010000000011011011111010010100000100010010010000100111010010111001101100
111110000010000101011000010000000011011011111010010100000100000000101101010110001001111110111001
111110000010000101011000010000000011011011111010010100000100101010001001000110001110110101100110
111110000010000101011000010000000011011011111010010100000100101000101011001000000111110000101110
111110000010000101011000010000000011011011111010010100000100111110101001100001010000101110100101
111110000010000101011000010000000011011011111010010100000100010100001101000100100100110001100101
111110000010000101011000010000000011011011111010010100000100110111001101110010100000000101000001
111110000010000101011000010000000011011011111010010100000100010010100100101000100000100010001100
111110000010000101011000010000000011011011111010010100000100011101001011000111101111000001101011
111110000010000101011000010000000011011011111010010100000100101111101111101101100010011000011000
111110000010000101011000010000000011011011111010010100000100111111100011010100110100011010100101
111110000010000101011000010000000011011011111010010100000100111111110000110011000000000001101000
111110000010000101011000010000000011011011111010010100000100000100001011100010110011111000100010
111110000010000101011000010000000011011011111010010100000100101000100100000101101011010010101000
111110000010000101011000010000000011011011111010010100000100011011010000011010011111000000001001
111110000010000101011000010000000011011011111010010100000100101111001000100000100111111010111111
111110000010000101011000010000000011011011111010010100000100110111111001011100001110101010100000
111110000010000101011000010000000011011011111010010100000100011100011110000010000110101010011101
111110000010000101011000010000000011011011111010010100000100100101100011000000111101001110101000
111110000010000101011000010000000011011011111010010100000100011010111000100000001101111010000111
111110000010000101011000010000000011011011111010010100000100010000011110000011111010100011011001
111110000010000101011000010000000011011011111010010100000100010101010000110110011011000111001001
111110000010000101011000010000000011011011111010010100000100000100000111010110011100010001011000
111110000010000101011000010000000011011011111010010100000100010001001001100110100001000001111100
111110000010000101011000010000000011011011111010010100000100100111011010101001000010011100011000
111110000010000101011000010000000011011011111010010100000100001010001001010010001100001000111100
111110000010000101011000010000000011011011111010010100000100111010110001001011011111101010000010
111110000010000101011000010000000011011011111010010100000100110100100000001010111010110111111010
111110000010000101011000010000000011011011111010010100000100000000010001001011100010111001110100
111110000010000101011000010000000011011011111010010100000100110100111100110001111001100111011111
111110000010000101011000010000000011011011111010010100000100111101110101000111101101110100100110
111110000010000101011000010000000011011011111010010100000100100100000010111010110101101000110010
