000111111001000010000000000000000000000000000000000000000000000010011110101000101101010011010110
010100000110011110000000000000000000000000000000000000000000000010011110101000101101010011010110
000100001001111111000000000000000000000000000000000000000000000010011110101000101101010011010110
110011101001011000100000000000000000000000000000000000000000000010011110101000101101010011010110
110101100000001000100000000000000000000000000000000000000000000010011110101000101101010011010110
010000110010101101000000000000000000000000000000000000000000000010011110101000101101010011010110
101000110010100011000000000000000000000000000000000000000000000010011110101000101101010011010110
010100100000010101000000000000000000000000000000000000000000000010011110101000101101010011010110
111000000000101100000000000000000000000000000000000000000000000010011110101000101101010011010110
110011101101110011000000000000000000000000000000000000000000000010011110101000101101010011010110
010000100100000010000000000000000000000000000000000000000000000010011110101000101101010011010110
110101101101110100000000000000000000000000000000000000000000000010011110101000101101010011010110
100011110111101110000000000000000000000000000000000000000000000010011110101000101101010011010110
011010100010111000100000000000000000000000000000000000000000000010011110101000101101010011010110
011110001011001111000000000000000000000000000000000000000000000010011110101000101101010011010110
110101010010111111000000000000000000000000000000000000000000000010011110101000101101010011010110
000101111001011000100000000000000000000000000000000000000000000010011110101000101101010011010110
010010101100010001000000000000000000000000000000000000000000000010011110101000101101010011010110
000100100011100111000000000000000000000000000000000000000000000010011110101000101101010011010110
000100111100000000100000000000000000000000000000000000000000000010011110101000101101010011010110
100101110111011010000000000000000000000000000000000000000000000010011110101000101101010011010110
100010101000110111000000000000000000000000000000000000000000000010011110101000101101010011010110
110001000101000010000000000000000000000000000000000000000000000010011110101000101101010011010110
011001111110111100000000000000000000000000000000000000000000000010011110101000101101010011010110
000001111001100010000000000000000000000000000000000000000000000010011110101000101101010011010110
000110101110001110000000000000000000000000000000000000000000000010011110101000101101010011010110
110101100100001100000000000000000000000000000000000000000000000010011110101000101101010011010110
110110001001100001000000000000000000000000000000000000000000000010011110101000101101010011010110
101100011011010010000000000000000000000000000000000000000000000010011110101000101101010011010110
110111110101010101000000000000000000000000000000000000000000000010011110101000101101010011010110
111001111101100101000000000000000000000000000000000000000000000010011110101000101101010011010110
011011101011010010000000000000000000000000000000000000000000000010011110101000101101010011010110
111000111101101101000000000000000000000000000000000000000000000010011110101000101101010011010110
101010000111001111000000000000000000000000000000000000000000000010011110101000101101010011010110
110111010110011100000000000000000000000000000000000000000000000010011110101000101101010011010110
100101011110100001000000000000000000000000000000000000000000000010011110101000101101010011010110
010110101000100111000000000000000000000000000000000000000000000010011110101000101101010011010110
100101000111101000000000000000000000000000000000000000000000000010011110101000101101010011010110
001010010010000100000000000000000000000000000000000000000000000010011110101000101101010011010110
101100010010001101000000000000000000000000000000000000000000000010011110101000101101010011010110
110110110000010000000000000000000000000000000000000000000000000010011110101000101101010011010110
011011001010100000000000000000000000000000000000000000000000000010011110101000101101010011010110
100001101011001001000000000000000000000000000000000000000000000010011110101000101101010011010110
111010111110001011000000000000000000000000000000000000000000000010011110101000101101010011010110
010000001101000010000000000000000000000000000000000000000000000010011110101000101101010011010110
101001000000111001000000000000000000000000000000000000000000000010011110101000101101010011010110
101110100111010000000000000000000000000000000000000000000000000010011110101000101101010011010110
011110011010010111000000000000000000000000000000000000000000000010011110101000101101010011010110
001001011110100101000000000000000000000000000000000000000000000010011110101000101101010011010110
011010111000010100000000000000000000000000000000000000000000000010011110101000101101010011010110
100011010110111001000000000000000000000000000000000000000000000010011110101000101101010011010110
001000110010100100000000000000000000000000000000000000000000000010011110101000101101010011010110
100111000110011100000000000000000000000000000000000000000000000010011110101000101101010011010110
001111001101011000000000000000000000000000000000000000000000000010011110101000101101010011010110
010111111100111000000000000000000000000000000000000000000000000010011110101000101101010011010110
110100101000010100000000000000000000000000000000000000000000000010011110101000101101010011010110
111000101000011010000000000000000000000000000000000000000000000010011110101000101101010011010110
111011111111011000000000000000000000000000000000000000000000000010011110101000101101010011010110
110100000111101010000000000000000000000000000000000000000000000010011110101000101101010011010110
001111110100110101000000000000000000000000000000000000000000000010011110101000101101010011010110
101010001100100100100000000000000000000000000000000000000000000010011110101000101101010011010110
010100001100011001000000000000000000000000000000000000000000000010011110101000101101010011010110
110110000101000000100000000000000000000000000000000000000000000010011110101000101101010011010110
000001100000010111000000000000000000000000000000000000000000000010011110101000101101010011010110
000111010101100010000000000000000000000000000000000000000000000010011110101000101101010011010110
110010101010110101000000000000000000000000000000000000000000000010011110101000101101010011010110
101101011110110000000000000000000000000000000000000000000000000010011110101000101101010011010110
011100100110001001000000000000000000000000000000000000000000000010011110101000101101010011010110
101010110000010010000000000000000000000000000000000000000000000010011110101000101101010011010110
111100100110100111000000000000000000000000000000000000000000000010011110101000101101010011010110
011010000010010101000000000000000000000000000000000000000000000010011110101000101101010011010110
000010111001101010000000000000000000000000000000000000000000000010011110101000101101010011010110
001010110101111010000000000000000000000000000000000000000000000010011110101000101101010011010110
101111101000111100000000000000000000000000000000000000000000000010011110101000101101010011010110
001110001011011000000000000000000000000000000000000000000000000010011110101000101101010011010110
110111011011010010000000000000000000000000000000000000000000000010011110101000101101010011010110
010000010011011101000000000000000000000000000000000000000000000010011110101000101101010011010110
011010100111001000100000000000000000000000000000000000000000000010011110101000101101010011010110
100111000101000100100000000000000000000000000000000000000000000010011110101000101101010011010110
011011010111001110000000000000000000000000000000000000000000000010011110101000101101010011010110
110000010010111010000000000000000000000000000000000000000000000010011110101000101101010011010110
101011110010100100000000000000000000000000000000000000000000000010011110101000101101010011010110
000110110011100010000000000000000000000000000000000000000000000010011110101000101101010011010110
100010001001001110000000000000000000000000000000000000000000000010011110101000101101010011010110
111111101001110010000000000000000000000000000000000000000000000010011110101000101101010011010110
000100111101000001000000000000000000000000000000000000000000000010011110101000101101010011010110
001000101001100101000000000000000000000000000000000000000000000010011110101000101101010011010110
001110101110111100000000000000000000000000000000000000000000000010011110101000101101010011010110
010010010111011001000000000000000000000000000000000000000000000010011110101000101101010011010110
000001101100111000000000000000000000000000000000000000000000000010011110101000101101010011010110
011010011001011101000000000000000000000000000000000000000000000010011110101000101101010011010110
100110100010101000100000000000000000000000000000000000000000000010011110101000101101010011010110
011111111111010110000000000000000000000000000000000000000000000010011110101000101101010011010110
001110100010011011000000000000000000000000000000000000000000000010011110101000101101010011010110
001110101111110100000000000000000000000000000000000000000000000010011110101000101101010011010110
100101100111110100000000000000000000000000000000000000000000000010011110101000101101010011010110
010100001101010101000000000000000000000000000000000000000000000010011110101000101101010011010110
100100100010111101000000000000000000000000000000000000000000000010011110101000101101010011010110
100001100010111101000000000000000000000000000000000000000000000010011110101000101101010011010110
111010101011010110000000000000000000000000000000000000000000000010011110101000101101010011010110
101000001101010100000000000000000000000000000000000000000000000010011110101000101101010011010110
101111111011011101000000000000000000000000000000000000000000000010011110101000101101010011010110
110101101101010000000000000000000000000000000000000000000000000010011110101000101101010011010110
000010110111010010000000000000000000000000000000000000000000000010011110101000101101010011010110
011011011010100001000000000000000000000000000000000000000000000010011110101000101101010011010110
110010010110111010000000000000000000000000000000000000000000000010011110101000101101010011010110
111011100100101001000000000000000000000000000000000000000000000010011110101000101101010011010110
000001110000100110000000000000000000000000000000000000000000000010011110101000101101010011010110
111010100100101010000000000000000000000000000000000000000000000010011110101000101101010011010110
011111010100100000000000000000000000000000000000000000000000000010011110101000101101010011010110
100001010101001110000000000000000000000000000000000000000000000010011110101000101101010011010110
000000111111000100100000000000000000000000000000000000000000000010011110101000101101010011010110
110100110101101000100000000000000000000000000000000000000000000010011110101000101101010011010110
101001100110111110000000000000000000000000000000000000000000000010011110101000101101010011010110
110110011111111100000000000000000000000000000000000000000000000010011110101000101101010011010110
101100010010101010000000000000000000000000000000000000000000000010011110101000101101010011010110
001111010001011000100000000000000000000000000000000000000000000010011110101000101101010011010110
010111100001100010000000000000000000000000000000000000000000000010011110101000101101010011010110
010100001111010100000000000000000000000000000000000000000000000010011110101000101101010011010110
000001101000100011000000000000000000000000000000000000000000000010011110101000101101010011010110
100011010000111001000000000000000000000000000000000000000000000010011110101000101101010011010110
110001000001101110000000000000000000000000000000000000000000000010011110101000101101010011010110
011011101010011101000000000000000000000000000000000000000000000010011110101000101101010011010110
101001010111010010000000000000000000000000000000000000000000000010011110101000101101010011010110
101100010000010000100000000000000000000000000000000000000000000010011110101000101101010011010110
110101101001001110000000000000000000000000000000000000000000000010011110101000101101010011010110
100100001001011110000000000000000000000000000000000000000000000010011110101000101101010011010110
110110100111011001000000000000000000000000000000000000000000000010011110101000101101010011010110
001110111011011111000000000000000000000000000000000000000000000010011110101000101101010011010110
110000010110000100100000000000000000000000000000000000000000000010011110101000101101010011010110
000110000110111000000000000000000000000000000000000000000000000010011110101000101101010011010110
101111110010011000000000000000000000000000000000000000000000000010011110101000101101010011010110
011001011101010101000000000000000000000000000000000000000000000010011110101000101101010011010110
111001110011111100000000000000000000000000000000000000000000000010011110101000101101010011010110
101111000010110000000000000000000000000000000000000000000000000010011110101000101101010011010110
111011110011010111000000000000000000000000000000000000000000000010011110101000101101010011010110
000010101010001101000000000000000000000000000000000000000000000010011110101000101101010011010110
010001101101111010000000000000000000000000000000000000000000000010011110101000101101010011010110
010111001110101010000000000000000000000000000000000000000000000010011110101000101101010011010110
100001001010101110000000000000000000000000000000000000000000000010011110101000101101010011010110
101101100100111000000000000000000000000000000000000000000000000010011110101000101101010011010110
110111110001111111000000000000000000000000000000000000000000000010011110101000101101010011010110
011010010110111001000000000000000000000000000000000000000000000010011110101000101101010011010110
011101110111101011000000000000000000000000000000000000000000000010011110101000101101010011010110
111011001001101000000000000000000000000000000000000000000000000010011110101000101101010011010110
101100011101110111000000000000000000000000000000000000000000000010011110101000101101010011010110
001010101001011000100000000000000000000000000000000000000000000010011110101000101101010011010110
010101101101001100000000000000000000000000000000000000000000000010011110101000101101010011010110
011111100110111001000000000000000000000000000000000000000000000010011110101000101101010011010110
101010100111100101000000000000000000000000000000000000000000000010011110101000101101010011010110
100000010101010111000000000000000000000000000000000000000000000010011110101000101101010011010110
001001011011010000100000000000000000000000000000000000000000000010011110101000101101010011010110
000101001100100000000000000000000000000000000000000000000000000010011110101000101101010011010110
000110110011111100000000000000000000000000000000000000000000000010011110101000101101010011010110
101010101011110011000000000000000000000000000000000000000000000010011110101000101101010011010110
111011011011001011000000000000000000000000000000000000000000000010011110101000101101010011010110
110100111101111100000000000000000000000000000000000000000000000010011110101000101101010011010110
011110000000110000000000000000000000000000000000000000000000000010011110101000101101010011010110
001101100010010111000000000000000000000000000000000000000000000010011110101000101101010011010110
110110110011110001000000000000000000000000000000000000000000000010011110101000101101010011010110
111100011011000111000000000000000000000000000000000000000000000010011110101000101101010011010110
111010101101110101000000000000000000000000000000000000000000000010011110101000101101010011010110
111111000100010000000000000000000000000000000000000000000000000010011110101000101101010011010110
011101101001000011000000000000000000000000000000000000000000000010011110101000101101010011010110
101001100111000111000000000000000000000000000000000000000000000010011110101000101101010011010110
110010111100001100000000000000000000000000000000000000000000000010011110101000101101010011010110
111010110111001100000000000000000000000000000000000000000000000010011110101000101101010011010110
011100010001010000100000000000000000000000000000000000000000000010011110101000101101010011010110
000111110000001011000000000000000000000000000000000000000000000010011110101000101101010011010110
010101110110111000000000000000000000000000000000000000000000000010011110101000101101010011010110
110000100011101110000000000000000000000000000000000000000000000010011110101000101101010011010110
011100010001101101000000000000000000000000000000000000000000000010011110101000101101010011010110
110101100010000011000000000000000000000000000000000000000000000010011110101000101101010011010110
100101010111000100100000000000000000000000000000000000000000000010011110101000101101010011010110
001101110010100110000000000000000000000000000000000000000000000010011110101000101101010011010110
011001000001000001000000000000000000000000000000000000000000000010011110101000101101010011010110
100111011111111001000000000000000000000000000000000000000000000010011110101000101101010011010110
010100010001000100000000000000000000000000000000000000000000000010011110101000101101010011010110
100000101001101110000000000000000000000000000000000000000000000010011110101000101101010011010110
001110111001111101000000000000000000000000000000000000000000000010011110101000101101010011010110
000001001011110110000000000000000000000000000000000000000000000010011110101000101101010011010110
111000101100010001000000000000000000000000000000000000000000000010011110101000101101010011010110
100001110000010010000000000000000000000000000000000000000000000010011110101000101101010011010110
000010000111011101000000000000000000000000000000000000000000000010011110101000101101010011010110
011101111101101100000000000000000000000000000000000000000000000010011110101000101101010011010110
111010111001010110000000000000000000000000000000000000000000000010011110101000101101010011010110
001011111000010100000000000000000000000000000000000000000000000010011110101000101101010011010110
100010001001110010000000000000000000000000000000000000000000000010011110101000101101010011010110
100100100000110101000000000000000000000000000000000000000000000010011110101000101101010011010110
111110010001101100000000000000000000000000000000000000000000000010011110101000101101010011010110
011010001000000110000000000000000000000000000000000000000000000010011110101000101101010011010110
010101101100011000000000000000000000000000000000000000000000000010011110101000101101010011010110
110100010101110011000000000000000000000000000000000000000000000010011110101000101101010011010110
100100001000111101000000000000000000000000000000000000000000000010011110101000101101010011010110
101100100001000100000000000000000000000000000000000000000000000010011110101000101101010011010110
000010110100000010000000000000000000000000000000000000000000000010011110101000101101010011010110
000011111000101101000000000000000000000000000000000000000000000010011110101000101101010011010110
101011110100010101000000000000000000000000000000000000000000000010011110101000101101010011010110
010111010111011100000000000000000000000000000000000000000000000010011110101000101101010011010110
000101000100100011000000000000000000000000000000000000000000000010011110101000101101010011010110
100100110001011011000000000000000000000000000000000000000000000010011110101000101101010011010110
001010110011001000100000000000000000000000000000000000000000000010011110101000101101010011010110
001101000010001111000000000000000000000000000000000000000000000010011110101000101101010011010110
011111100101010110000000000000000000000000000000000000000000000010011110101000101101010011010110
110011111011110110000000000000000000000000000000000000000000000010011110101000101101010011010110
100001001000001100000000000000000000000000000000000000000000000010011110101000101101010011010110
111100101101000111000000000000000000000000000000000000000000000010011110101000101101010011010110
111100001111001001000000000000000000000000000000000000000000000010011110101000101101010011010110
110111111010110111000000000000000000000000000000000000000000000010011110101000101101010011010110
101110011000010101000000000000000000000000000000000000000000000010011110101000101101010011010110
110101110010000100000000000000000000000000000000000000000000000010011110101000101101010011010110
000110000010111000100000000000000000000000000000000000000000000010011110101000101101010011010110
110000110011001111000000000000000000000000000000000000000000000010011110101000101101010011010110
001011000110001100000000000000000000000000000000000000000000000010011110101000101101010011010110
011110110101011100000000000000000000000000000000000000000000000010011110101000101101010011010110
000111001101011001000000000000000000000000000000000000000000000010011110101000101101010011010110
101010011000011010000000000000000000000000000000000000000000000010011110101000101101010011010110
011010000110011110000000000000000000000000000000000000000000000010011110101000101101010011010110
001100000001100000100000000000000000000000000000000000000000000010011110101000101101010011010110
100010010110010100000000000000000000000000000000000000000000000010011110101000101101010011010110
011001000101010000000000000000000000000000000000000000000000000010011110101000101101010011010110
000111011110001010000000000000000000000000000000000000000000000010011110101000101101010011010110
110110001000001100000000000000000000000000000000000000000000000010011110101000101101010011010110
100000000001011101000000000000000000000000000000000000000000000010011110101000101101010011010110
010111111110000100100000000000000000000000000000000000000000000010011110101000101101010011010110
011100001001010101000000000000000000000000000000000000000000000010011110101000101101010011010110
110011011000011101000000000000000000000000000000000000000000000010011110101000101101010011010110
100011000001111111000000000000000000000000000000000000000000000010011110101000101101010011010110
101000011110010001000000000000000000000000000000000000000000000010011110101000101101010011010110
110111010010101000000000000000000000000000000000000000000000000010011110101000101101010011010110
110101010101110110000000000000000000000000000000000000000000000010011110101000101101010011010110
111000001111000111000000000000000000000000000000000000000000000010011110101000101101010011010110
011000001101110100000000000000000000000000000000000000000000000010011110101000101101010011010110
101110000111001000000000000000000000000000000000000000000000000010011110101000101101010011010110
000010001110000110000000000000000000000000000000000000000000000010011110101000101101010011010110
111011000110100000100000000000000000000000000000000000000000000010011110101000101101010011010110
000011100000111100000000000000000000000000000000000000000000000010011110101000101101010011010110
111111011101100010000000000000000000000000000000000000000000000010011110101000101101010011010110
001100110101010010000000000000000000000000000000000000000000000010011110101000101101010011010110
010101001000001010000000000000000000000000000000000000000000000010011110101000101101010011010110
100111001010000101000000000000000000000000000000000000000000000010011110101000101101010011010110
111111001111100000000000000000000000000000000000000000000000000010011110101000101101010011010110
011111101000111110000000000000000000000000000000000000000000000010011110101000101101010011010110
000011100101111000000000000000000000000000000000000000000000000010011110101000101101010011010110
001101100011100011000000000000000000000000000000000000000000000010011110101000101101010011010110
111011101100001011000000000000000000000000000000000000000000000010011110101000101101010011010110
010011001100110101000000000000000000000000000000000000000000000010011110101000101101010011010110
011001111001010100000000000000000000000000000000000000000000000010011110101000101101010011010110
001011110100000000100000000000000000000000000000000000000000000010011110101000101101010011010110
110100000001100000000000000000000000000000000000000000000000000010011110101000101101010011010110
011101111011111100000000000000000000000000000000000000000000000010011110101000101101010011010110
000001000000100111000000000000000000000000000000000000000000000010011110101000101101010011010110
101010111110010000000000000000000000000000000000000000000000000010011110101000101101010011010110
000000100110010010000000000000000000000000000000000000000000000010011110101000101101010011010110
001100010011111000100000000000000000000000000000000000000000000010011110101000101101010011010110
011011111101100000000000000000000000000000000000000000000000000010011110101000101101010011010110
111010101100010111000000000000000000000000000000000000000000000010011110101000101101010011010110
010110010110110110000000000000000000000000000000000000000000000010011110101000101101010011010110
011001101011001000000000000000000000000000000000000000000000000010011110101000101101010011010110
000100000100100101000000000000000000000000000000000000000000000010011110101000101101010011010110
101110000001101011000000000000000000000000000000000000000000000010011110101000101101010011010110
111011110101100001000000000000000000000000000000000000000000000010011110101000101101010011010110
001010001101011110000000000000000000000000000000000000000000000010011110101000101101010011010110
101101100001001111000000000000000000000000000000000000000000000010011110101000101101010011010110
011101110100101000000000000000000000000000000000000000000000000010011110101000101101010011010110
100100011110111110000000000000000000000000000000000000000000000010011110101000101101010011010110
010011010010101000000000000000000000000000000000000000000000000010011110101000101101010011010110
010101000011000100000000000000000000000000000000000000000000000010011110101000101101010011010110
110010110110100001000000000000000000000000000000000000000000000010011110101000101101010011010110
110111001110000000000000000000000000000000000000000000000000000010011110101000101101010011010110
110110111101100100000000000000000000000000000000000000000000000010011110101000101101010011010110
010100110110011110000000000000000000000000000000000000000000000010011110101000101101010011010110
110000111000100111000000000000000000000000000000000000000000000010011110101000101101010011010110
010101111110110000000000000000000000000000000000000000000000000010011110101000101101010011010110
110000001001001000000000000000000000000000000000000000000000000010011110101000101101010011010110
111011100100000011000000000000000000000000000000000000000000000010011110101000101101010011010110
011000001011011110000000000000000000000000000000000000000000000010011110101000101101010011010110
111110111100011101000000000000000000000000000000000000000000000010011110101000101101010011010110
111101100110011001000000000000000000000000000000000000000000000010011110101000101101010011010110
111111011111101001000000000000000000000000000000000000000000000010011110101000101101010011010110
111101110000111100000000000000000000000000000000000000000000000010011110101000101101010011010110
111101001101100001000000000000000000000000000000000000000000000010011110101000101101010011010110
010111111001110100000000000000000000000000000000000000000000000010011110101000101101010011010110
010001111010100001000000000000000000000000000000000000000000000010011110101000101101010011010110
000001011010101100000000000000000000000000000000000000000000000010011110101000101101010011010110
001010100110000000100000000000000000000000000000000000000000000010011110101000101101010011010110
111101000100001101000000000000000000000000000000000000000000000010011110101000101101010011010110
011100100000001111000000000000000000000000000000000000000000000010011110101000101101010011010110
010100101100110010000000000000000000000000000000000000000000000010011110101000101101010011010110
011001000100101010000000000000000000000000000000000000000000000010011110101000101101010011010110
001110101000100000000000000000000000000000000000000000000000000010011110101000101101010011010110
001100111010001111000000000000000000000000000000000000000000000010011110101000101101010011010110
001110011011111100000000000000000000000000000000000000000000000010011110101000101101010011010110
010001100000000110000000000000000000000000000000000000000000000010011110101000101101010011010110
100010010010011000000000000000000000000000000000000000000000000010011110101000101101010011010110
001111000000110000000000000000000000000000000000000000000000000010011110101000101101010011010110
011010011100011001000000000000000000000000000000000000000000000010011110101000101101010011010110
100001100000000000100000000000000000000000000000000000000000000010011110101000101101010011010110
010010011011110010000000000000000000000000000000000000000000000010011110101000101101010011010110
111110000001011101000000000000000000000000000000000000000000000010011110101000101101010011010110
110100011011001011000000000000000000000000000000000000000000000010011110101000101101010011010110
110001100000010000000000000000000000000000000000000000000000000010011110101000101101010011010110
000100111110000011000000000000000000000000000000000000000000000010011110101000101101010011010110
111101011101000011000000000000000000000000000000000000000000000010011110101000101101010011010110
000100001000101111000000000000000000000000000000000000000000000010011110101000101101010011010110
111001111011001000100000000000000000000000000000000000000000000010011110101000101101010011010110
001111010111100101000000000000000000000000000000000000000000000010011110101000101101010011010110
001001100001111011000000000000000000000000000000000000000000000010011110101000101101010011010110
000010111101101001000000000000000000000000000000000000000000000010011110101000101101010011010110
011110110011010001000000000000000000000000000000000000000000000010011110101000101101010011010110
111111101101100000000000000000000000000000000000000000000000000010011110101000101101010011010110
111011101001000111000000000000000000000000000000000000000000000010011110101000101101010011010110
101101100010001000000000000000000000000000000000000000000000000010011110101000101101010011010110
101010101011111001000000000000000000000000000000000000000000000010011110101000101101010011010110
101100110000000011000000000000000000000000000000000000000000000010011110101000101101010011010110
111010011011111101000000000000000000000000000000000000000000000010011110101000101101010011010110
100000101001010011000000000000000000000000000000000000000000000010011110101000101101010011010110
000010011010001100000000000000000000000000000000000000000000000010011110101000101101010011010110
011111000001011000100000000000000000000000000000000000000000000010011110101000101101010011010110
100001001100101110000000000000000000000000000000000000000000000010011110101000101101010011010110
111100010101011100000000000000000000000000000000000000000000000010011110101000101101010011010110
011101110000100001000000000000000000000000000000000000000000000010011110101000101101010011010110
000110101000001101000000000000000000000000000000000000000000000010011110101000101101010011010110
000110101111000111000000000000000000000000000000000000000000000010011110101000101101010011010110
001110100001001000100000000000000000000000000000000000000000000010011110101000101101010011010110
100000101001010010000000000000000000000000000000000000000000000010011110101000101101010011010110
011110110010001101000000000000000000000000000000000000000000000010011110101000101101010011010110
100011111110000000000000000000000000000000000000000000000000000010011110101000101101010011010110
001010000110101011000000000000000000000000000000000000000000000010011110101000101101010011010110
011010000100101001000000000000000000000000000000000000000000000010011110101000101101010011010110
001101100001110110000000000000000000000000000000000000000000000010011110101000101101010011010110
100010001000101110000000000000000000000000000000000000000000000010011110101000101101010011010110
001100011100101010000000000000000000000000000000000000000000000010011110101000101101010011010110
111000111110011000000000000000000000000000000000000000000000000010011110101000101101010011010110
101100001000001100000000000000000000000000000000000000000000000010011110101000101101010011010110
111011000000110000000000000000000000000000000000000000000000000010011110101000101101010011010110
010101100111001100000000000000000000000000000000000000000000000010011110101000101101010011010110
110110010111010101000000000000000000000000000000000000000000000010011110101000101101010011010110
100011000001101110000000000000000000000000000000000000000000000010011110101000101101010011010110
110101000111100001000000000000000000000000000000000000000000000010011110101000101101010011010110
100010101101111111000000000000000000000000000000000000000000000010011110101000101101010011010110
011011110101001000100000000000000000000000000000000000000000000010011110101000101101010011010110
000111001111111111000000000000000000000000000000000000000000000010011110101000101101010011010110
000001000000111111000000000000000000000000000000000000000000000010011110101000101101010011010110
000001000111000000000000000000000000000000000000000000000000000010011110101000101101010011010110
111000100110100100000000000000000000000000000000000000000000000010011110101000101101010011010110
100101100110111000000000000000000000000000000000000000000000000010011110101000101101010011010110
000011110110101110000000000000000000000000000000000000000000000010011110101000101101010011010110
110010111000101000100000000000000000000000000000000000000000000010011110101000101101010011010110
111001100100101101000000000000000000000000000000000000000000000010011110101000101101010011010110
111101101011000100000000000000000000000000000000000000000000000010011110101000101101010011010110
110111100011000000100000000000000000000000000000000000000000000010011110101000101101010011010110
110101101110010101000000000000000000000000000000000000000000000010011110101000101101010011010110
001001000110011110000000000000000000000000000000000000000000000010011110101000101101010011010110
011100000011100101000000000000000000000000000000000000000000000010011110101000101101010011010110
000111001100000011000000000000000000000000000000000000000000000010011110101000101101010011010110
010010100100011101000000000000000000000000000000000000000000000010011110101000101101010011010110
011001011000101110000000000000000000000000000000000000000000000010011110101000101101010011010110
110000110100101111000000000000000000000000000000000000000000000010011110101000101101010011010110
000111010101111000100000000000000000000000000000000000000000000010011110101000101101010011010110
100000110110111000100000000000000000000000000000000000000000000010011110101000101101010011010110
101111001111011101000000000000000000000000000000000000000000000010011110101000101101010011010110
110010011011001110000000000000000000000000000000000000000000000010011110101000101101010011010110
000011101111100000000000000000000000000000000000000000000000000010011110101000101101010011010110
110101110110111000100000000000000000000000000000000000000000000010011110101000101101010011010110
110010100111010101000000000000000000000000000000000000000000000010011110101000101101010011010110
110101111001111000000000000000000000000000000000000000000000000010011110101000101101010011010110
100100010111101111000000000000000000000000000000000000000000000010011110101000101101010011010110
001101111000010100000000000000000000000000000000000000000000000010011110101000101101010011010110
101010101100001111000000000000000000000000000000000000000000000010011110101000101101010011010110
111111011100100111000000000000000000000000000000000000000000000010011110101000101101010011010110
110101000101111000000000000000000000000000000000000000000000000010011110101000101101010011010110
101000101001001000100000000000000000000000000000000000000000000010011110101000101101010011010110
110111010011100101000000000000000000000000000000000000000000000010011110101000101101010011010110
000111110110000100000000000000000000000000000000000000000000000010011110101000101101010011010110
000010010001000001000000000000000000000000000000000000000000000010011110101000101101010011010110
100110101010011101000000000000000000000000000000000000000000000010011110101000101101010011010110
111110010000011111000000000000000000000000000000000000000000000010011110101000101101010011010110
001111100101110011000000000000000000000000000000000000000000000010011110101000101101010011010110
111010011010100001000000000000000000000000000000000000000000000010011110101000101101010011010110
011011101100110011000000000000000000000000000000000000000000000010011110101000101101010011010110
000100100100101000100000000000000000000000000000000000000000000010011110101000101101010011010110
000110101100100110000000000000000000000000000000000000000000000010011110101000101101010011010110
111110011100101011000000000000000000000000000000000000000000000010011110101000101101010011010110
011011100111010111000000000000000000000000000000000000000000000010011110101000101101010011010110
010100110000011000100000000000000000000000000000000000000000000010011110101000101101010011010110
110011000110101110000000000000000000000000000000000000000000000010011110101000101101010011010110
011001100000101000100000000000000000000000000000000000000000000010011110101000101101010011010110
010100001010010001000000000000000000000000000000000000000000000010011110101000101101010011010110
001100110101110101000000000000000000000000000000000000000000000010011110101000101101010011010110
011011011001100000100000000000000000000000000000000000000000000010011110101000101101010011010110
010000000000100011000000000000000000000000000000000000000000000010011110101000101101010011010110
110100000011010111000000000000000000000000000000000000000000000010011110101000101101010011010110
010001010101000100100000000000000000000000000000000000000000000010011110101000101101010011010110
011000100011100100000000000000000000000000000000000000000000000010011110101000101101010011010110
010001101010100101000000000000000000000000000000000000000000000010011110101000101101010011010110
011101110101000000100000000000000000000000000000000000000000000010011110101000101101010011010110
101000110110111000100000000000000000000000000000000000000000000010011110101000101101010011010110
101101110000101010000000000000000000000000000000000000000000000010011110101000101101010011010110
100111110001101000100000000000000000000000000000000000000000000010011110101000101101010011010110
001111101001010011000000000000000000000000000000000000000000000010011110101000101101010011010110
101101100111101111000000000000000000000000000000000000000000000010011110101000101101010011010110
110000111110101100000000000000000000000000000000000000000000000010011110101000101101010011010110
100010111110111000100000000000000000000000000000000000000000000010011110101000101101010011010110
010011101001011101000000000000000000000000000000000000000000000010011110101000101101010011010110
110011110101001111000000000000000000000000000000000000000000000010011110101000101101010011010110
010111100010010111000000000000000000000000000000000000000000000010011110101000101101010011010110
011010000111101100000000000000000000000000000000000000000000000010011110101000101101010011010110
111000100100011000000000000000000000000000000000000000000000000010011110101000101101010011010110
011100000100011101000000000000000000000000000000000000000000000010011110101000101101010011010110
001110001001001001000000000000000000000000000000000000000000000010011110101000101101010011010110
111110100010010101000000000000000000000000000000000000000000000010011110101000101101010011010110
100110111001011000000000000000000000000000000000000000000000000010011110101000101101010011010110
101111000110000010000000000000000000000000000000000000000000000010011110101000101101010011010110
111011010111011000100000000000000000000000000000000000000000000010011110101000101101010011010110
000000111000100101000000000000000000000000000000000000000000000010011110101000101101010011010110
011010100011111001000000000000000000000000000000000000000000000010011110101000101101010011010110
100101011001100110000000000000000000000000000000000000000000000010011110101000101101010011010110
001011101100011111000000000000000000000000000000000000000000000010011110101000101101010011010110
001101111011000001000000000000000000000000000000000000000000000010011110101000101101010011010110
001011111110000011000000000000000000000000000000000000000000000010011110101000101101010011010110
010111101000001000000000000000000000000000000000000000000000000010011110101000101101010011010110
101001101111000000000000000000000000000000000000000000000000000010011110101000101101010011010110
011001101111010110000000000000000000000000000000000000000000000010011110101000101101010011010110
101001110111000011000000000000000000000000000000000000000000000010011110101000101101010011010110
010000100110010100000000000000000000000000000000000000000000000010011110101000101101010011010110
110010011110100001000000000000000000000000000000000000000000000010011110101000101101010011010110
110111101111110110000000000000000000000000000000000000000000000010011110101000101101010011010110
101100111110111100000000000000000000000000000000000000000000000010011110101000101101010011010110
010001001100000100100000000000000000000000000000000000000000000010011110101000101101010011010110
111001001101101101000000000000000000000000000000000000000000000010011110101000101101010011010110
011000000111101000000000000000000000000000000000000000000000000010011110101000101101010011010110
101000011010010001000000000000000000000000000000000000000000000010011110101000101101010011010110
111101000100100001000000000000000000000000000000000000000000000010011110101000101101010011010110
101000111011001000100000000000000000000000000000000000000000000010011110101000101101010011010110
101111000110111010000000000000000000000000000000000000000000000010011110101000101101010011010110
101111101110011010000000000000000000000000000000000000000000000010011110101000101101010011010110
111110001001101011000000000000000000000000000000000000000000000010011110101000101101010011010110
011000111001110111000000000000000000000000000000000000000000000010011110101000101101010011010110
100100111101100000100000000000000000000000000000000000000000000010011110101000101101010011010110
111110110010001111000000000000000000000000000000000000000000000010011110101000101101010011010110
110101111001000111000000000000000000000000000000000000000000000010011110101000101101010011010110
101111011111001110000000000000000000000000000000000000000000000010011110101000101101010011010110
010111000011011011000000000000000000000000000000000000000000000010011110101000101101010011010110
011010011011001111000000000000000000000000000000000000000000000010011110101000101101010011010110
010000010100011000000000000000000000000000000000000000000000000010011110101000101101010011010110
100100001111111001000000000000000000000000000000000000000000000010011110101000101101010011010110
000010010110010100000000000000000000000000000000000000000000000010011110101000101101010011010110
110001000010110111000000000000000000000000000000000000000000000010011110101000101101010011010110
011100101011001010000000000000000000000000000000000000000000000010011110101000101101010011010110
010110010101101001000000000000000000000000000000000000000000000010011110101000101101010011010110
111101101100000011000000000000000000000000000000000000000000000010011110101000101101010011010110
100100011000000101000000000000000000000000000000000000000000000010011110101000101101010011010110
001001110010111001000000000000000000000000000000000000000000000010011110101000101101010011010110
010101110010000110000000000000000000000000000000000000000000000010011110101000101101010011010110
101111011110010000100000000000000000000000000000000000000000000010011110101000101101010011010110
001010000011001000100000000000000000000000000000000000000000000010011110101000101101010011010110
110001101100000011000000000000000000000000000000000000000000000010011110101000101101010011010110
000110010110001010000000000000000000000000000000000000000000000010011110101000101101010011010110
010011101011001011000000000000000000000000000000000000000000000010011110101000101101010011010110
011000111110011001000000000000000000000000000000000000000000000010011110101000101101010011010110
110000000101100110000000000000000000000000000000000000000000000010011110101000101101010011010110
001000010010010100000000000000000000000000000000000000000000000010011110101000101101010011010110
101000011010111110000000000000000000000000000000000000000000000010011110101000101101010011010110
111110111111001000000000000000000000000000000000000000000000000010011110101000101101010011010110
111101011000101000000000000000000000000000000000000000000000000010011110101000101101010011010110
100111000011011000100000000000000000000000000000000000000000000010011110101000101101010011010110
100001011001100111000000000000000000000000000000000000000000000010011110101000101101010011010110
101001000001100001000000000000000000000000000000000000000000000010011110101000101101010011010110
101100010010101011000000000000000000000000000000000000000000000010011110101000101101010011010110
101111100011010100000000000000000000000000000000000000000000000010011110101000101101010011010110
100011011010001100000000000000000000000000000000000000000000000010011110101000101101010011010110
011110011100011011000000000000000000000000000000000000000000000010011110101000101101010011010110
101000011111100011000000000000000000000000000000000000000000000010011110101000101101010011010110
110100111111000011000000000000000000000000000000000000000000000010011110101000101101010011010110
010001000011000100000000000000000000000000000000000000000000000010011110101000101101010011010110
100100100011101110000000000000000000000000000000000000000000000010011110101000101101010011010110
110011100100001011000000000000000000000000000000000000000000000010011110101000101101010011010110
000100100111011110000000000000000000000000000000000000000000000010011110101000101101010011010110
011010111000111110000000000000000000000000000000000000000000000010011110101000101101010011010110
001111100111010111000000000000000000000000000000000000000000000010011110101000101101010011010110
110010001011101100000000000000000000000000000000000000000000000010011110101000101101010011010110
100100000010100011000000000000000000000000000000000000000000000010011110101000101101010011010110
011011001110101000100000000000000000000000000000000000000000000010011110101000101101010011010110
010111100110101001000000000000000000000000000000000000000000000010011110101000101101010011010110
110000111100011111000000000000000000000000000000000000000000000010011110101000101101010011010110
010111001011111001000000000000000000000000000000000000000000000010011110101000101101010011010110
011000101010111101000000000000000000000000000000000000000000000010011110101000101101010011010110
000010101110001000100000000000000000000000000000000000000000000010011110101000101101010011010110
100000110100010100000000000000000000000000000000000000000000000010011110101000101101010011010110
110111100001110110000000000000000000000000000000000000000000000010011110101000101101010011010110
011110010000011100000000000000000000000000000000000000000000000010011110101000101101010011010110
011011011111001110000000000000000000000000000000000000000000000010011110101000101101010011010110
111101101111011100000000000000000000000000000000000000000000000010011110101000101101010011010110
010011100010000110000000000000000000000000000000000000000000000010011110101000101101010011010110
001000011011100101000000000000000000000000000000000000000000000010011110101000101101010011010110
001101011001010100000000000000000000000000000000000000000000000010011110101000101101010011010110
111101011100010001000000000000000000000000000000000000000000000010011110101000101101010011010110
000010011000111001000000000000000000000000000000000000000000000010011110101000101101010011010110
110101010101100011000000000000000000000000000000000000000000000010011110101000101101010011010110
011000011110110101000000000000000000000000000000000000000000000010011110101000101101010011010110
100101111000111000000000000000000000000000000000000000000000000010011110101000101101010011010110
001010100000000110000000000000000000000000000000000000000000000010011110101000101101010011010110
110110010100010010000000000000000000000000000000000000000000000010011110101000101101010011010110
110010010100010100000000000000000000000000000000000000000000000010011110101000101101010011010110
001001011010010101000000000000000000000000000000000000000000000010011110101000101101010011010110
111011000110101101000000000000000000000000000000000000000000000010011110101000101101010011010110
011001100111001000100000000000000000000000000000000000000000000010011110101000101101010011010110
011101100100011111000000000000000000000000000000000000000000000010011110101000101101010011010110
111010100011000101000000000000000000000000000000000000000000000010011110101000101101010011010110
001100011001001100000000000000000000000000000000000000000000000010011110101000101101010011010110
110101010011000100000000000000000000000000000000000000000000000010011110101000101101010011010110
011100100100010010000000000000000000000000000000000000000000000010011110101000101101010011010110
101101100110001110000000000000000000000000000000000000000000000010011110101000101101010011010110
010110111000110010000000000000000000000000000000000000000000000010011110101000101101010011010110
001101000111111101000000000000000000000000000000000000000000000010011110101000101101010011010110
010000101010101000100000000000000000000000000000000000000000000010011110101000101101010011010110
100001111110010011000000000000000000000000000000000000000000000010011110101000101101010011010110
111000111110111100000000000000000000000000000000000000000000000010011110101000101101010011010110
010010011110101111000000000000000000000000000000000000000000000010011110101000101101010011010110
001011001110011111000000000000000000000000000000000000000000000010011110101000101101010011010110
001100000011110100000000000000000000000000000000000000000000000010011110101000101101010011010110
010000111001110110000000000000000000000000000000000000000000000010011110101000101101010011010110
011101110111101000000000000000000000000000000000000000000000000010011110101000101101010011010110
101111011111101101000000000000000000000000000000000000000000000010011110101000101101010011010110
111001100001101001000000000000000000000000000000000000000000000010011110101000101101010011010110
110011101001000111000000000000000000000000000000000000000000000010011110101000101101010011010110
001101011110000000100000000000000000000000000000000000000000000010011110101000101101010011010110
110010001100011100000000000000000000000000000000000000000000000010011110101000101101010011010110
011100001110100000000000000000000000000000000000000000000000000010011110101000101101010011010110
011001011001011100000000000000000000000000000000000000000000000010011110101000101101010011010110
111101011110000010000000000000000000000000000000000000000000000010011110101000101101010011010110
100100011100101010000000000000000000000000000000000000000000000010011110101000101101010011010110
001101111110100111000000000000000000000000000000000000000000000010011110101000101101010011010110
011100010001011111000000000000000000000000000000000000000000000010011110101000101101010011010110
110011101001001101000000000000000000000000000000000000000000000010011110101000101101010011010110
110011000100011100000000000000000000000000000000000000000000000010011110101000101101010011010110
101110001110011010000000000000000000000000000000000000000000000010011110101000101101010011010110
100010110110001011000000000000000000000000000000000000000000000010011110101000101101010011010110
001011010010011101000000000000000000000000000000000000000000000010011110101000101101010011010110
101101000101111111000000000000000000000000000000000000000000000010011110101000101101010011010110
111000110100001101000000000000000000000000000000000000000000000010011110101000101101010011010110
010100000001011000100000000000000000000000000000000000000000000010011110101000101101010011010110
100111111001000100000000000000000000000000000000000000000000000010011110101000101101010011010110
001110001111000111000000000000000000000000000000000000000000000010011110101000101101010011010110
100100011001000100100000000000000000000000000000000000000000000010011110101000101101010011010110
001010111011100101000000000000000000000000000000000000000000000010011110101000101101010011010110
001000001010111000100000000000000000000000000000000000000000000010011110101000101101010011010110
010111100010000101000000000000000000000000000000000000000000000010011110101000101101010011010110
001011110010111011000000000000000000000000000000000000000000000010011110101000101101010011010110
101111100010000000100000000000000000000000000000000000000000000010011110101000101101010011010110
000000010101101100000000000000000000000000000000000000000000000010011110101000101101010011010110
000100010001100011000000000000000000000000000000000000000000000010011110101000101101010011010110
110111111010010110000000000000000000000000000000000000000000000010011110101000101101010011010110
000110101000100010000000000000000000000000000000000000000000000010011110101000101101010011010110
001010100111010001000000000000000000000000000000000000000000000010011110101000101101010011010110
011011110001010010000000000000000000000000000000000000000000000010011110101000101101010011010110
110110001101001111000000000000000000000000000000000000000000000010011110101000101101010011010110
011001110110110000000000000000000000000000000000000000000000000010011110101000101101010011010110
001111000011011111000000000000000000000000000000000000000000000010011110101000101101010011010110
000011011101111101000000000000000000000000000000000000000000000010011110101000101101010011010110
011100010110111101000000000000000000000000000000000000000000000010011110101000101101010011010110
001110101111101100000000000000000000000000000000000000000000000010011110101000101101010011010110
110001000010011001000000000000000000000000000000000000000000000010011110101000101101010011010110
110111100000010010000000000000000000000000000000000000000000000010011110101000101101010011010110
011010111100100001000000000000000000000000000000000000000000000010011110101000101101010011010110
100110011110100111000000000000000000000000000000000000000000000010011110101000101101010011010110
011101101100011000100000000000000000000000000000000000000000000010011110101000101101010011010110
011101100000111000000000000000000000000000000000000000000000000010011110101000101101010011010110
011001010010010000100000000000000000000000000000000000000000000010011110101000101101010011010110
100010001111110100000000000000000000000000000000000000000000000010011110101000101101010011010110
110010101101000111000000000000000000000000000000000000000000000010011110101000101101010011010110
011101100011001111000000000000000000000000000000000000000000000010011110101000101101010011010110
010001001010001011000000000000000000000000000000000000000000000010011110101000101101010011010110
001001010101010011000000000000000000000000000000000000000000000010011110101000101101010011010110
001100100001111001000000000000000000000000000000000000000000000010011110101000101101010011010110
111010011100001110000000000000000000000000000000000000000000000010011110101000101101010011010110
110100111000001100000000000000000000000000000000000000000000000010011110101000101101010011010110
000111111001011010000000000000000000000000000000000000000000000010011110101000101101010011010110
001010110110010011000000000000000000000000000000000000000000000010011110101000101101010011010110
000010111001101110000000000000000000000000000000000000000000000010011110101000101101010011010110
011000010100101000100000000000000000000000000000000000000000000010011110101000101101010011010110
111100011011000100100000000000000000000000000000000000000000000010011110101000101101010011010110
000011000111000001000000000000000000000000000000000000000000000010011110101000101101010011010110
000101101110010100000000000000000000000000000000000000000000000010011110101000101101010011010110
011100000100111110000000000000000000000000000000000000000000000010011110101000101101010011010110
001111101100011010000000000000000000000000000000000000000000000010011110101000101101010011010110
110000111111000000100000000000000000000000000000000000000000000010011110101000101101010011010110
000010001100111110000000000000000000000000000000000000000000000010011110101000101101010011010110
010011000110111110000000000000000000000000000000000000000000000010011110101000101101010011010110
111110100011110110000000000000000000000000000000000000000000000010011110101000101101010011010110
011100001110001101000000000000000000000000000000000000000000000010011110101000101101010011010110
011011110001111101000000000000000000000000000000000000000000000010011110101000101101010011010110
110111000001000000000000000000000000000000000000000000000000000010011110101000101101010011010110
010010010111110100000000000000000000000000000000000000000000000010011110101000101101010011010110
000001000011110111000000000000000000000000000000000000000000000010011110101000101101010011010110
101011010001100010000000000000000000000000000000000000000000000010011110101000101101010011010110
000001110000111111000000000000000000000000000000000000000000000010011110101000101101010011010110
000010111101011010000000000000000000000000000000000000000000000010011110101000101101010011010110
111111010001011001000000000000000000000000000000000000000000000010011110101000101101010011010110
101010001100101001000000000000000000000000000000000000000000000010011110101000101101010011010110
110101111100000010000000000000000000000000000000000000000000000010011110101000101101010011010110
000000010001001101000000000000000000000000000000000000000000000010011110101000101101010011010110
111001101100100111000000000000000000000000000000000000000000000010011110101000101101010011010110
011001010000111000000000000000000000000000000000000000000000000010011110101000101101010011010110
001110001001011010000000000000000000000000000000000000000000000010011110101000101101010011010110
001101111101010101000000000000000000000000000000000000000000000010011110101000101101010011010110
101010011010100001000000000000000000000000000000000000000000000010011110101000101101010011010110
100010111101011100000000000000000000000000000000000000000000000010011110101000101101010011010110
100110010111010111000000000000000000000000000000000000000000000010011110101000101101010011010110
110101000000011101000000000000000000000000000000000000000000000010011110101000101101010011010110
110111011000110101000000000000000000000000000000000000000000000010011110101000101101010011010110
000110011011000010000000000000000000000000000000000000000000000010011110101000101101010011010110
001010110100101001000000000000000000000000000000000000000000000010011110101000101101010011010110
111101000111111101000000000000000000000000000000000000000000000010011110101000101101010011010110
010001100100110110000000000000000000000000000000000000000000000010011110101000101101010011010110
110011000011110000100000000000000000000000000000000000000000000010011110101000101101010011010110
110011110110111010000000000000000000000000000000000000000000000010011110101000101101010011010110
010111010111011101000000000000000000000000000000000000000000000010011110101000101101010011010110
110100001100111111000000000000000000000000000000000000000000000010011110101000101101010011010110
111110011000100010000000000000000000000000000000000000000000000010011110101000101101010011010110
110010101010110110000000000000000000000000000000000000000000000010011110101000101101010011010110
001010100101111000100000000000000000000000000000000000000000000010011110101000101101010011010110
110000010111010110000000000000000000000000000000000000000000000010011110101000101101010011010110
001011101101111001000000000000000000000000000000000000000000000010011110101000101101010011010110
111111011101000111000000000000000000000000000000000000000000000010011110101000101101010011010110
000110011110001100000000000000000000000000000000000000000000000010011110101000101101010011010110
101100110110100100000000000000000000000000000000000000000000000010011110101000101101010011010110
101111011111100111000000000000000000000000000000000000000000000010011110101000101101010011010110
100100101010000100100000000000000000000000000000000000000000000010011110101000101101010011010110
011111000111011000100000000000000000000000000000000000000000000010011110101000101101010011010110
101000100000101100000000000000000000000000000000000000000000000010011110101000101101010011010110
110101000100001100000000000000000000000000000000000000000000000010011110101000101101010011010110
111111100010000111000000000000000000000000000000000000000000000010011110101000101101010011010110
100110000000111010000000000000000000000000000000000000000000000010011110101000101101010011010110
110110011100100101000000000000000000000000000000000000000000000010011110101000101101010011010110
000100000011000100100000000000000000000000000000000000000000000010011110101000101101010011010110
000010001111010110000000000000000000000000000000000000000000000010011110101000101101010011010110
101110100100110111000000000000000000000000000000000000000000000010011110101000101101010011010110
011001101010101000100000000000000000000000000000000000000000000010011110101000101101010011010110
100000001011000000000000000000000000000000000000000000000000000010011110101000101101010011010110
010101101010100011000000000000000000000000000000000000000000000010011110101000101101010011010110
101100110001010001000000000000000000000000000000000000000000000010011110101000101101010011010110
110101011001001011000000000000000000000000000000000000000000000010011110101000101101010011010110
110101110101100110000000000000000000000000000000000000000000000010011110101000101101010011010110
010000010011100000000000000000000000000000000000000000000000000010011110101000101101010011010110
110100011101011100000000000000000000000000000000000000000000000010011110101000101101010011010110
110000000000111000000000000000000000000000000000000000000000000010011110101000101101010011010110
111010101001000010000000000000000000000000000000000000000000000010011110101000101101010011010110
110100001101110100000000000000000000000000000000000000000000000010011110101000101101010011010110
100011100100101110000000000000000000000000000000000000000000000010011110101000101101010011010110
100010111100100000100000000000000000000000000000000000000000000010011110101000101101010011010110
111110111100000111000000000000000000000000000000000000000000000010011110101000101101010011010110
100110101011000110000000000000000000000000000000000000000000000010011110101000101101010011010110
101010000000000001000000000000000000000000000000000000000000000010011110101000101101010011010110
001110010110110100000000000000000000000000000000000000000000000010011110101000101101010011010110
110000011111111010000000000000000000000000000000000000000000000010011110101000101101010011010110
100011100110100010000000000000000000000000000000000000000000000010011110101000101101010011010110
000101101111011000100000000000000000000000000000000000000000000010011110101000101101010011010110
001111011100101001000000000000000000000000000000000000000000000010011110101000101101010011010110
101110011011100011000000000000000000000000000000000000000000000010011110101000101101010011010110
100010110011010101000000000000000000000000000000000000000000000010011110101000101101010011010110
011010011110010110000000000000000000000000000000000000000000000010011110101000101101010011010110
111111000101111011000000000000000000000000000000000000000000000010011110101000101101010011010110
010001000110100001000000000000000000000000000000000000000000000010011110101000101101010011010110
001110110011110100000000000000000000000000000000000000000000000010011110101000101101010011010110
001110100111101110000000000000000000000000000000000000000000000010011110101000101101010011010110
100100011101011111000000000000000000000000000000000000000000000010011110101000101101010011010110
001010001101011111000000000000000000000000000000000000000000000010011110101000101101010011010110
110100011100001101000000000000000000000000000000000000000000000010011110101000101101010011010110
101100110101001100000000000000000000000000000000000000000000000010011110101000101101010011010110
011100011101101011000000000000000000000000000000000000000000000010011110101000101101010011010110
010110011011011000000000000000000000000000000000000000000000000010011110101000101101010011010110
111000011100000001000000000000000000000000000000000000000000000010011110101000101101010011010110
110100101111111000100000000000000000000000000000000000000000000010011110101000101101010011010110
110111010011000011000000000000000000000000000000000000000000000010011110101000101101010011010110
101110110100101100000000000000000000000000000000000000000000000010011110101000101101010011010110
100011000010011101000000000000000000000000000000000000000000000010011110101000101101010011010110
000101100010101000000000000000000000000000000000000000000000000010011110101000101101010011010110
100110101111000010000000000000000000000000000000000000000000000010011110101000101101010011010110
010000101110101100000000000000000000000000000000000000000000000010011110101000101101010011010110
010101011011011000100000000000000000000000000000000000000000000010011110101000101101010011010110
101001010110000000000000000000000000000000000000000000000000000010011110101000101101010011010110
011101100010101000100000000000000000000000000000000000000000000010011110101000101101010011010110
011110011010101001000000000000000000000000000000000000000000000010011110101000101101010011010110
111101011011110101000000000000000000000000000000000000000000000010011110101000101101010011010110
001011010000000101000000000000000000000000000000000000000000000010011110101000101101010011010110
011011111111100110000000000000000000000000000000000000000000000010011110101000101101010011010110
010011001101111011000000000000000000000000000000000000000000000010011110101000101101010011010110
010011011101110111000000000000000000000000000000000000000000000010011110101000101101010011010110
111011000101000100000000000000000000000000000000000000000000000010011110101000101101010011010110
010000100111100100000000000000000000000000000000000000000000000010011110101000101101010011010110
100101010110010001000000000000000000000000000000000000000000000010011110101000101101010011010110
111110010000100000100000000000000000000000000000000000000000000010011110101000101101010011010110
011101100011010111000000000000000000000000000000000000000000000010011110101000101101010011010110
110000000011101111000000000000000000000000000000000000000000000010011110101000101101010011010110
001000100000000000100000000000000000000000000000000000000000000010011110101000101101010011010110
010100101010011001000000000000000000000000000000000000000000000010011110101000101101010011010110
001010000000000100000000000000000000000000000000000000000000000010011110101000101101010011010110
100110000001011010000000000000000000000000000000000000000000000010011110101000101101010011010110
101001010001011011000000000000000000000000000000000000000000000010011110101000101101010011010110
110101100111010110000000000000000000000000000000000000000000000010011110101000101101010011010110
100010100000010100000000000000000000000000000000000000000000000010011110101000101101010011010110
110001000011111111000000000000000000000000000000000000000000000010011110101000101101010011010110
011110000110001111000000000000000000000000000000000000000000000010011110101000101101010011010110
101100100111000000100000000000000000000000000000000000000000000010011110101000101101010011010110
110100101000000111000000000000000000000000000000000000000000000010011110101000101101010011010110
000110101100011100000000000000000000000000000000000000000000000010011110101000101101010011010110
100110101100101100000000000000000000000000000000000000000000000010011110101000101101010011010110
000110001001100101000000000000000000000000000000000000000000000010011110101000101101010011010110
110010001101000100100000000000000000000000000000000000000000000010011110101000101101010011010110
110111010010101100000000000000000000000000000000000000000000000010011110101000101101010011010110
111100000100111010000000000000000000000000000000000000000000000010011110101000101101010011010110
100100011010010010000000000000000000000000000000000000000000000010011110101000101101010011010110
001110010010111101000000000000000000000000000000000000000000000010011110101000101101010011010110
001010110110110010000000000000000000000000000000000000000000000010011110101000101101010011010110
001001100100001010000000000000000000000000000000000000000000000010011110101000101101010011010110
110011010111110111000000000000000000000000000000000000000000000010011110101000101101010011010110
101010001100100010000000000000000000000000000000000000000000000010011110101000101101010011010110
001010101010010100000000000000000000000000000000000000000000000010011110101000101101010011010110
100100101111100110000000000000000000000000000000000000000000000010011110101000101101010011010110
001101111001011111000000000000000000000000000000000000000000000010011110101000101101010011010110
010101111010110000000000000000000000000000000000000000000000000010011110101000101101010011010110
001000010010101111000000000000000000000000000000000000000000000010011110101000101101010011010110
001001001001111010000000000000000000000000000000000000000000000010011110101000101101010011010110
110001101111110111000000000000000000000000000000000000000000000010011110101000101101010011010110
111101100001011000100000000000000000000000000000000000000000000010011110101000101101010011010110
011010000011010000000000000000000000000000000000000000000000000010011110101000101101010011010110
101011111011100010000000000000000000000000000000000000000000000010011110101000101101010011010110
010111001101111111000000000000000000000000000000000000000000000010011110101000101101010011010110
100111111000011111000000000000000000000000000000000000000000000010011110101000101101010011010110
111010011000110110000000000000000000000000000000000000000000000010011110101000101101010011010110
101000011001011000000000000000000000000000000000000000000000000010011110101000101101010011010110
110010001001010111000000000000000000000000000000000000000000000010011110101000101101010011010110
111100110111010010000000000000000000000000000000000000000000000010011110101000101101010011010110
100101000111100011000000000000000000000000000000000000000000000010011110101000101101010011010110
110010010000111010000000000000000000000000000000000000000000000010011110101000101101010011010110
110000011001001100000000000000000000000000000000000000000000000010011110101000101101010011010110
000010100001011110000000000000000000000000000000000000000000000010011110101000101101010011010110
011101100001011010000000000000000000000000000000000000000000000010011110101000101101010011010110
001100110011101010000000000000000000000000000000000000000000000010011110101000101101010011010110
000101111000100011000000000000000000000000000000000000000000000010011110101000101101010011010110
010100000101011010000000000000000000000000000000000000000000000010011110101000101101010011010110
000001110101000110000000000000000000000000000000000000000000000010011110101000101101010011010110
111101011110010101000000000000000000000000000000000000000000000010011110101000101101010011010110
010010011100010001000000000000000000000000000000000000000000000010011110101000101101010011010110
100000011010010000100000000000000000000000000000000000000000000010011110101000101101010011010110
000110110011101110000000000000000000000000000000000000000000000010011110101000101101010011010110
011000001111100000100000000000000000000000000000000000000000000010011110101000101101010011010110
010111000000111111000000000000000000000000000000000000000000000010011110101000101101010011010110
101100010011011000100000000000000000000000000000000000000000000010011110101000101101010011010110
110010011100011110000000000000000000000000000000000000000000000010011110101000101101010011010110
101101111010011011000000000000000000000000000000000000000000000010011110101000101101010011010110
101011010010110100000000000000000000000000000000000000000000000010011110101000101101010011010110
010101100001010110000000000000000000000000000000000000000000000010011110101000101101010011010110
001011000101100101000000000000000000000000000000000000000000000010011110101000101101010011010110
111110001111000011000000000000000000000000000000000000000000000010011110101000101101010011010110
000111001101011110000000000000000000000000000000000000000000000010011110101000101101010011010110
111111010010101011000000000000000000000000000000000000000000000010011110101000101101010011010110
000110110000101101000000000000000000000000000000000000000000000010011110101000101101010011010110
110001010001111000000000000000000000000000000000000000000000000010011110101000101101010011010110
111001101001110001000000000000000000000000000000000000000000000010011110101000101101010011010110
100001110100000100100000000000000000000000000000000000000000000010011110101000101101010011010110
111111101011000110000000000000000000000000000000000000000000000010011110101000101101010011010110
101000011001111110000000000000000000000000000000000000000000000010011110101000101101010011010110
000001001001011001000000000000000000000000000000000000000000000010011110101000101101010011010110
100110110011001001000000000000000000000000000000000000000000000010011110101000101101010011010110
100110110100000011000000000000000000000000000000000000000000000010011110101000101101010011010110
110110001110001100000000000000000000000000000000000000000000000010011110101000101101010011010110
000111110110011011000000000000000000000000000000000000000000000010011110101000101101010011010110
010101011000101100000000000000000000000000000000000000000000000010011110101000101101010011010110
111011111000101000100000000000000000000000000000000000000000000010011110101000101101010011010110
111110011101100010000000000000000000000000000000000000000000000010011110101000101101010011010110
001100001110110010000000000000000000000000000000000000000000000010011110101000101101010011010110
101110001111011100000000000000000000000000000000000000000000000010011110101000101101010011010110
000011011110100000000000000000000000000000000000000000000000000010011110101000101101010011010110
101000011010000000100000000000000000000000000000000000000000000010011110101000101101010011010110
010100001011100001000000000000000000000000000000000000000000000010011110101000101101010011010110
111011100011000001000000000000000000000000000000000000000000000010011110101000101101010011010110
000010100011001111000000000000000000000000000000000000000000000010011110101000101101010011010110
000100101100110111000000000000000000000000000000000000000000000010011110101000101101010011010110
011011000010010011000000000000000000000000000000000000000000000010011110101000101101010011010110
001101100011010000000000000000000000000000000000000000000000000010011110101000101101010011010110
001010101011101000100000000000000000000000000000000000000000000010011110101000101101010011010110
101100101011110111000000000000000000000000000000000000000000000010011110101000101101010011010110
101010111000001000000000000000000000000000000000000000000000000010011110101000101101010011010110
101111111110111011000000000000000000000000000000000000000000000010011110101000101101010011010110
000111011100110000000000000000000000000000000000000000000000000010011110101000101101010011010110
101011100010111001000000000000000000000000000000000000000000000010011110101000101101010011010110
000100100101101011000000000000000000000000000000000000000000000010011110101000101101010011010110
111001111011110000100000000000000000000000000000000000000000000010011110101000101101010011010110
101000011100110000000000000000000000000000000000000000000000000010011110101000101101010011010110
101111011100001001000000000000000000000000000000000000000000000010011110101000101101010011010110
110100011000111010000000000000000000000000000000000000000000000010011110101000101101010011010110
000111010001010000000000000000000000000000000000000000000000000010011110101000101101010011010110
100010000101100100000000000000000000000000000000000000000000000010011110101000101101010011010110
110010110101010000100000000000000000000000000000000000000000000010011110101000101101010011010110
100100010100011101000000000000000000000000000000000000000000000010011110101000101101010011010110
001001100110011110000000000000000000000000000000000000000000000010011110101000101101010011010110
101111101001011010000000000000000000000000000000000000000000000010011110101000101101010011010110
