100111101010001011010100110101100000000000000000000000000000000000000000000000110001011000101111
100111101010001011010100110101100000000000000000000000000000000000000000000000110011101001010011
100111101010001011010100110101100000000000000000000000000000000000000000000000101111001010100011
100111101010001011010100110101100000000000000000000000000000000000000000000000110001011011110001
100111101010001011010100110101100000000000000000000000000000000000000000000000001111100101111110
100111101010001011010100110101100000000000000000000000000000000000000000000000000101010000000111
100111101010001011010100110101100000000000000000000000000000000000000000000000101100001001111011
100111101010001011010100110101100000000000000000000000000000000000000000000000110011011111101101
100111101010001011010100110101100000000000000000000000000000000000000000000000110110100110101001
100111101010001011010100110101100000000000000000000000000000000000000000000000001101011000010010
100111101010001011010100110101100000000000000000000000000000000000000000000000000011011010000101
100111101010001011010100110101100000000000000000000000000000000000000000000000000011000001110011
100111101010001011010100110101100000000000000000000000000000000000000000000000101110001111000100
100111101010001011010100110101100000000000000000000000000000000000000000000000010101100111110100
100111101010001011010100110101100000000000000000000000000000000000000000000000001100000010100110
100111101010001011010100110101100000000000000000000000000000000000000000000000111101000111100110
100111101010001011010100110101100000000000000000000000000000000000000000000001000101001001000111
100111101010001011010100110101100000000000000000000000000000000000000000000000101111010100111010
100111101010001011010100110101100000000000000000000000000000000000000000000000110100111011000000
100111101010001011010100110101100000000000000000000000000000000000000000000000111000101011100100
100111101010001011010100110101100000000000000000000000000000000000000000000000010001001001111101
100111101010001011010100110101100000000000000000000000000000000000000000000001000000011001011110
100111101010001011010100110101100000000000000000000000000000000000000000000000110110100010111111
100111101010001011010100110101100000000000000000000000000000000000000000000000011001011110001000
100111101010001011010100110101100000000000000000000000000000000000000000000000011001010000100010
100111101010001011010100110101100000000000000000000000000000000000000000000001000100001011101011
100111101010001011010100110101100000000000000000000000000000000000000000000001000000110001011001
100111101010001011010100110101100000000000000000000000000000000000000000000000111111101011000001
100111101010001011010100110101100000000000000000000000000000000000000000000000000101000010001110
100111101010001011010100110101100000000000000000000000000000000000000000000000110111111001111010
100111101010001011010100110101100000000000000000000000000000000000000000000000000100110111110101
100111101010001011010100110101100000000000000000000000000000000000000000000000111101101110011100
100111101010001011010100110101100000000000000000000000000000000000000000000000001010110101010010
100111101010001011010100110101100000000000000000000000000000000000000000000001001000010011011011
100111101010001011010100110101100000000000000000000000000000000000000000000000101011100011000100
100111101010001011010100110101100000000000000000000000000000000000000000000001000010101111001110
100111101010001011010100110101100000000000000000000000000000000000000000000000101111011000100110
100111101010001011010100110101100000000000000000000000000000000000000000000000010011011011001110
100111101010001011010100110101100000000000000000000000000000000000000000000000011110010010010100
100111101010001011010100110101100000000000000000000000000000000000000000000001000011111111000111
100111101010001011010100110101100000000000000000000000000000000000000000000000011110011111000101
100111101010001011010100110101100000000000000000000000000000000000000000000000010110100110110100
100111101010001011010100110101100000000000000000000000000000000000000000000000101101111011101101
100111101010001011010100110101100000000000000000000000000000000000000000000000000011100001000000
100111101010001011010100110101100000000000000000000000000000000000000000000000011001110111101010
100111101010001011010100110101100000000000000000000000000000000000000000000000000010000011000101
100111101010001011010100110101100000000000000000000000000000000000000000000000001001001110110011
100111101010001011010100110101100000000000000000000000000000000000000000000000000010110010000000
100111101010001011010100110101100000000000000000000000000000000000000000000000001111110111000001
100111101010001011010100110101100000000000000000000000000000000000000000000001000111000101111011
100111101010001011010100110101100000000000000000000000000000000000000000000000000110000010101010
100111101010001011010100110101100000000000000000000000000000000000000000000000101101010000100111
100111101010001011010100110101100000000000000000000000000000000000000000000000111001000011011000
100111101010001011010100110101100000000000000000000000000000000000000000000000010010000111101010
100111101010001011010100110101100000000000000000000000000000000000000000000000110001011111111001
100111101010001011010100110101100000000000000000000000000000000000000000000000110011010000000001
100111101010001011010100110101100000000000000000000000000000000000000000000001001000000000100111
100111101010001011010100110101100000000000000000000000000000000000000000000000111011111100100011
100111101010001011010100110101100000000000000000000000000000000000000000000000000010010011010001
100111101010001011010100110101100000000000000000000000000000000000000000000000111000001111101110
100111101010001011010100110101100000000000000000000000000000000000000000000000001010111000110101
100111101010001011010100110101100000000000000000000000000000000000000000000000100010100111010101
100111101010001011010100110101100000000000000000000000000000000000000000000000101000001011110100
100111101010001011010100110101100000000000000000000000000000000000000000000000111000101001000000
100111101010001011010100110101100000000000000000000000000000000000000000000000110101011001111010
100111101010001011010100110101100000000000000000000000000000000000000000000000010011110000000101
100111101010001011010100110101100000000000000000000000000000000000000000000000101001100010111101
100111101010001011010100110101100000000000000000000000000000000000000000000000010000010110001011
100111101010001011010100110101100000000000000000000000000000000000000000000000011100100111010110
100111101010001011010100110101100000000000000000000000000000000000000000000000011000001101100101
100111101010001011010100110101100000000000000000000000000000000000000000000000001110111101100101
100111101010001011010100110101100000000000000000000000000000000000000000000001001001000000001011
100111101010001011010100110101100000000000000000000000000000000000000000000001001000100110000001
100111101010001011010100110101100000000000000000000000000000000000000000000000101000001001101001
100111101010001011010100110101100000000000000000000000000000000000000000000001000100101110101110
100111101010001011010100110101100000000000000000000000000000000000000000000000100101100010011000
100111101010001011010100110101100000000000000000000000000000000000000000000001000001000011101111
100111101010001011010100110101100000000000000000000000000000000000000000000000000010111011101010
100111101010001011010100110101100000000000000000000000000000000000000000000000110101101011111100
100111101010001011010100110101100000000000000000000000000000000000000000000000100100100111110101
100111101010001011010100110101100000000000000000000000000000000000000000000000001001111010011001
100111101010001011010100110101100000000000000000000000000000000000000000000000001100001001111101
100111101010001011010100110101100000000000000000000000000000000000000000000001001000011001001111
100111101010001011010100110101100000000000000000000000000000000000000000000000100110010101010001
100111101010001011010100110101100000000000000000000000000000000000000000000001001000100111110101
100111101010001011010100110101100000000000000000000000000000000000000000000000011010110111111100
100111101010001011010100110101100000000000000000000000000000000000000000000000101000000111110110
100111101010001011010100110101100000000000000000000000000000000000000000000000011000000111001111
100111101010001011010100110101100000000000000000000000000000000000000000000000111111111010111001
100111101010001011010100110101100000000000000000000000000000000000000000000000000100101111111111
100111101010001011010100110101100000000000000000000000000000000000000000000000100110000010001110
100111101010001011010100110101100000000000000000000000000000000000000000000001001001001001000011
100111101010001011010100110101100000000000000000000000000000000000000000000000010100101111111001
100111101010001011010100110101100000000000000000000000000000000000000000000000110101011110011110
100111101010001011010100110101100000000000000000000000000000000000000000000000100101100110011011
100111101010001011010100110101100000000000000000000000000000000000000000000000111110101111000110
100111101010001011010100110101100000000000000000000000000000000000000000000000101000100101110101
100111101010001011010100110101100000000000000000000000000000000000000000000001000100111100111111
100111101010001011010100110101100000000000000000000000000000000000000000000000011100110000001001
100111101010001011010100110101100000000000000000000000000000000000000000000000000101110110100000
100111101010001011010100110101100000000000000000000000000000000000000000000000010011011111011111
100111101010001011010100110101100000000000000000000000000000000000000000000000100111010010010011
100111101010001011010100110101100000000000000000000000000000000000000000000000110010111101000111
100111101010001011010100110101100000000000000000000000000000000000000000000000110111101000010101
100111101010001011010100110101100000000000000000000000000000000000000000000000110011000001100101
100111101010001011010100110101100000000000000000000000000000000000000000000000000111010110111100
100111101010001011010100110101100000000000000000000000000000000000000000000001000110111011101101
100111101010001011010100110101100000000000000000000000000000000000000000000000011001101101100000
100111101010001011010100110101100000000000000000000000000000000000000000000001001000111000110100
100111101010001011010100110101100000000000000000000000000000000000000000000001000100100101011100
100111101010001011010100110101100000000000000000000000000000000000000000000000010100011111110110
100111101010001011010100110101100000000000000000000000000000000000000000000000100010010010010010
100111101010001011010100110101100000000000000000000000000000000000000000000000001011110000001010
100111101010001011010100110101100000000000000000000000000000000000000000000000100001001101001100
100111101010001011010100110101100000000000000000000000000000000000000000000000000111111000101100
100111101010001011010100110101100000000000000000000000000000000000000000000000110001001111111100
100111101010001011010100110101100000000000000000000000000000000000000000000000011111001001110100
100111101010001011010100110101100000000000000000000000000000000000000000000000010001010001110111
100111101010001011010100110101100000000000000000000000000000000000000000000000010110010101111100
100111101010001011010100110101100000000000000000000000000000000000000000000000100101111101101011
100111101010001011010100110101100000000000000000000000000000000000000000000001000010010010101101
100111101010001011010100110101100000000000000000000000000000000000000000000000010100011111011000
100111101010001011010100110101100000000000000000000000000000000000000000000000100000101110100010
100111101010001011010100110101100000000000000000000000000000000000000000000000100111101011101111
100111101010001011010100110101100000000000000000000000000000000000000000000000010101101111010101
100111101010001011010100110101100000000000000000000000000000000000000000000001000111001101000111
100111101010001011010100110101100000000000000000000000000000000000000000000001000011011100111100
100111101010001011010100110101100000000000000000000000000000000000000000000000010011001000101010
100111101010001011010100110101100000000000000000000000000000000000000000000000100100011000000001
100111101010001011010100110101100000000000000000000000000000000000000000000000011001010000111011
100111101010001011010100110101100000000000000000000000000000000000000000000000111011011111101110
100111101010001011010100110101100000000000000000000000000000000000000000000001000111110111101000
100111101010001011010100110101100000000000000000000000000000000000000000000001001000011011110101
100111101010001011010100110101100000000000000000000000000000000000000000000001000011010110100110
100111101010001011010100110101100000000000000000000000000000000000000000000001000110011011011101
100111101010001011010100110101100000000000000000000000000000000000000000000000001100110000001001
100111101010001011010100110101100000000000000000000000000000000000000000000000001110001101010100
100111101010001011010100110101100000000000000000000000000000000000000000000000011010011010010110
100111101010001011010100110101100000000000000000000000000000000000000000000000010000010101110110
100111101010001011010100110101100000000000000000000000000000000000000000000000010110110010100001
100111101010001011010100110101100000000000000000000000000000000000000000000001000101011110100111
100111101010001011010100110101100000000000000000000000000000000000000000000000100010111101010100
100111101010001011010100110101100000000000000000000000000000000000000000000000111101010000011101
100111101010001011010100110101100000000000000000000000000000000000000000000000111101010110010010
100111101010001011010100110101100000000000000000000000000000000000000000000001001000001011100000
100111101010001011010100110101100000000000000000000000000000000000000000000000111110000001101101
100111101010001011010100110101100000000000000000000000000000000000000000000000001001101001010101
100111101010001011010100110101100000000000000000000000000000000000000000000000111000011100011110
100111101010001011010100110101100000000000000000000000000000000000000000000000111000001001101111
100111101010001011010100110101100000000000000000000000000000000000000000000000001011101001111100
100111101010001011010100110101100000000000000000000000000000000000000000000000001111111110010111
100111101010001011010100110101100000000000000000000000000000000000000000000000111101101010110001
100111101010001011010100110101100000000000000000000000000000000000000000000000101101010101010010
100111101010001011010100110101100000000000000000000000000000000000000000000000010100010100011110
100111101010001011010100110101100000000000000000000000000000000000000000000000001010011111100100
100111101010001011010100110101100000000000000000000000000000000000000000000000101011111001011010
100111101010001011010100110101100000000000000000000000000000000000000000000000101110100001000000
100111101010001011010100110101100000000000000000000000000000000000000000000000110111110111010000
100111101010001011010100110101100000000000000000000000000000000000000000000000111101110110011101
100111101010001011010100110101100000000000000000000000000000000000000000000000011110010011010000
100111101010001011010100110101100000000000000000000000000000000000000000000000110001111010001101
100111101010001011010100110101100000000000000000000000000000000000000000000000011111110111011001
100111101010001011010100110101100000000000000000000000000000000000000000000001000001001101100110
100111101010001011010100110101100000000000000000000000000000000000000000000000100000100001100001
100111101010001011010100110101100000000000000000000000000000000000000000000000101101011001011100
100111101010001011010100110101100000000000000000000000000000000000000000000001000001001110010010
100111101010001011010100110101100000000000000000000000000000000000000000000001000101011001101010
100111101010001011010100110101100000000000000000000000000000000000000000000000011100111001010001
100111101010001011010100110101100000000000000000000000000000000000000000000000001110100011110100
100111101010001011010100110101100000000000000000000000000000000000000000000000101010101000010000
100111101010001011010100110101100000000000000000000000000000000000000000000000010001110010011110
100111101010001011010100110101100000000000000000000000000000000000000000000000101111110110000011
100111101010001011010100110101100000000000000000000000000000000000000000000000110100000101001000
100111101010001011010100110101100000000000000000000000000000000000000000000000111001100010010100
100111101010001011010100110101100000000000000000000000000000000000000000000000011100111110110111
100111101010001011010100110101100000000000000000000000000000000000000000000000000111101110000110
100111101010001011010100110101100000000000000000000000000000000000000000000000011000110111100111
100111101010001011010100110101100000000000000000000000000000000000000000000000001010000010010101
100111101010001011010100110101100000000000000000000000000000000000000000000000001010101100100100
100111101010001011010100110101100000000000000000000000000000000000000000000001000011000011101011
100111101010001011010100110101100000000000000000000000000000000000000000000000001000001101010001
100111101010001011010100110101100000000000000000000000000000000000000000000000101110000011100100
100111101010001011010100110101100000000000000000000000000000000000000000000001000101001111010111
100111101010001011010100110101100000000000000000000000000000000000000000000000100000100001000011
100111101010001011010100110101100000000000000000000000000000000000000000000000001010101001010010
100111101010001011010100110101100000000000000000000000000000000000000000000000011000110101000010
100111101010001011010100110101100000000000000000000000000000000000000000000000100111101001010110
100111101010001011010100110101100000000000000000000000000000000000000000000000100010011011100101
100111101010001011010100110101100000000000000000000000000000000000000000000000111000100100101110
100111101010001011010100110101100000000000000000000000000000000000000000000000001001011101001101
100111101010001011010100110101100000000000000000000000000000000000000000000000001110100010101110
100111101010001011010100110101100000000000000000000000000000000000000000000000110010011011001110
100111101010001011010100110101100000000000000000000000000000000000000000000000000001010001011110
100111101010001011010100110101100000000000000000000000000000000000000000000000000010001101000010
100111101010001011010100110101100000000000000000000000000000000000000000000000010111010110111110
100111101010001011010100110101100000000000000000000000000000000000000000000000000100111100011001
100111101010001011010100110101100000000000000000000000000000000000000000000000001001110110100001
100111101010001011010100110101100000000000000000000000000000000000000000000000000000101110001010
100111101010001011010100110101100000000000000000000000000000000000000000000001000101101110111000
100111101010001011010100110101100000000000000000000000000000000000000000000000100101110101101010
100111101010001011010100110101100000000000000000000000000000000000000000000000001110000000100010
100111101010001011010100110101100000000000000000000000000000000000000000000000100111001001100111
100111101010001011010100110101100000000000000000000000000000000000000000000000111011111011110001
100111101010001011010100110101100000000000000000000000000000000000000000000000011001101000000011
100111101010001011010100110101100000000000000000000000000000000000000000000000111010110101000011
100111101010001011010100110101100000000000000000000000000000000000000000000000101011100001100001
100111101010001011010100110101100000000000000000000000000000000000000000000000111010100000111010
100111101010001011010100110101100000000000000000000000000000000000000000000000001000100101100011
100111101010001011010100110101100000000000000000000000000000000000000000000000110111100001001001
100111101010001011010100110101100000000000000000000000000000000000000000000000000010101010100001
100111101010001011010100110101100000000000000000000000000000000000000000000000000101100100111111
100111101010001011010100110101100000000000000000000000000000000000000000000000110001111000110001
100111101010001011010100110101100000000000000000000000000000000000000000000000010011001010110010
100111101010001011010100110101100000000000000000000000000000000000000000000000101011010001010001
100111101010001011010100110101100000000000000000000000000000000000000000000001000000101010111010
100111101010001011010100110101100000000000000000000000000000000000000000000000011010110010111100
100111101010001011010100110101100000000000000000000000000000000000000000000001000100001001111100
100111101010001011010100110101100000000000000000000000000000000000000000000000111101111001100101
100111101010001011010100110101100000000000000000000000000000000000000000000000111101101010110110
100111101010001011010100110101100000000000000000000000000000000000000000000000100000011111011111
100111101010001011010100110101100000000000000000000000000000000000000000000000000110101101101110
100111101010001011010100110101100000000000000000000000000000000000000000000000010100100010101011
100111101010001011010100110101100000000000000000000000000000000000000000000000000100110010011010
100111101010001011010100110101100000000000000000000000000000000000000000000000101111001101110010
100111101010001011010100110101100000000000000000000000000000000000000000000000011110100000110111
100111101010001011010100110101100000000000000000000000000000000000000000000000001000111011100010
100111101010001011010100110101100000000000000000000000000000000000000000000001000011100110100111
100111101010001011010100110101100000000000000000000000000000000000000000000001000100000011100100
100111101010001011010100110101100000000000000000000000000000000000000000000000000000111010111001
100111101010001011010100110101100000000000000000000000000000000000000000000000010111001110000000
100111101010001011010100110101100000000000000000000000000000000000000000000000110010011111001010
100111101010001011010100110101100000000000000000000000000000000000000000000000100110101000100011
100111101010001011010100110101100000000000000000000000000000000000000000000000101010010110001011
100111101010001011010100110101100000000000000000000000000000000000000000000000001000100110110010
100111101010001011010100110101100000000000000000000000000000000000000000000000110001110000001100
100111101010001011010100110101100000000000000000000000000000000000000000000000101100000011101000
100111101010001011010100110101100000000000000000000000000000000000000000000000110001100110100101
100111101010001011010100110101100000000000000000000000000000000000000000000000110100110101011000
100111101010001011010100110101100000000000000000000000000000000000000000000000111000111001011110
100111101010001011010100110101100000000000000000000000000000000000000000000000100101111010111100
100111101010001011010100110101100000000000000000000000000000000000000000000000101100101000000100
100111101010001011010100110101100000000000000000000000000000000000000000000000000111110101001110
100111101010001011010100110101100000000000000000000000000000000000000000000000101010110011010101
100111101010001011010100110101100000000000000000000000000000000000000000000000101001011110010000
100111101010001011010100110101100000000000000000000000000000000000000000000000110111110010100111
100111101010001011010100110101100000000000000000000000000000000000000000000000011101010010010111
100111101010001011010100110101100000000000000000000000000000000000000000000000010111101010100100
100111101010001011010100110101100000000000000000000000000000000000000000000000111100100001100001
100111101010001011010100110101100000000000000000000000000000000000000000000000101101010110110001
100111101010001011010100110101100000000000000000000000000000000000000000000000110110010001101100
100111101010001011010100110101100000000000000000000000000000000000000000000000100001101000010110
100111101010001011010100110101100000000000000000000000000000000000000000000001000101110100000000
100111101010001011010100110101100000000000000000000000000000000000000000000000000101000001001010
100111101010001011010100110101100000000000000000000000000000000000000000000000100011000100110100
100111101010001011010100110101100000000000000000000000000000000000000000000000010101011110011010
100111101010001011010100110101100000000000000000000000000000000000000000000000011011011010110100
100111101010001011010100110101100000000000000000000000000000000000000000000000000011100001111100
100111101010001011010100110101100000000000000000000000000000000000000000000000011001110001110101
100111101010001011010100110101100000000000000000000000000000000000000000000000100111010000101001
100111101010001011010100110101100000000000000000000000000000000000000000000000000100111101111101
100111101010001011010100110101100000000000000000000000000000000000000000000000101010001100011100
100111101010001011010100110101100000000000000000000000000000000000000000000000000111101111011011
100111101010001011010100110101100000000000000000000000000000000000000000000000110000100100100100
100111101010001011010100110101100000000000000000000000000000000000000000000000000101100001000111
100111101010001011010100110101100000000000000000000000000000000000000000000001000111011100111010
100111101010001011010100110101100000000000000000000000000000000000000000000000010101111111000111
100111101010001011010100110101100000000000000000000000000000000000000000000001000001011010011111
100111101010001011010100110101100000000000000000000000000000000000000000000000000000110000000111
100111101010001011010100110101100000000000000000000000000000000000000000000000001100110000101011
100111101010001011010100110101100000000000000000000000000000000000000000000000010011010110001100
100111101010001011010100110101100000000000000000000000000000000000000000000000110111010110100011
100111101010001011010100110101100000000000000000000000000000000000000000000000000100100101001100
100111101010001011010100110101100000000000000000000000000000000000000000000000100101100101111001
100111101010001011010100110101100000000000000000000000000000000000000000000001000011000101001010
100111101010001011010100110101100000000000000000000000000000000000000000000000110000001100010110
100111101010001011010100110101100000000000000000000000000000000000000000000000011110101101010101
100111101010001011010100110101100000000000000000000000000000000000000000000000111110101101010100
100111101010001011010100110101100000000000000000000000000000000000000000000000101110111111100100
100111101010001011010100110101100000000000000000000000000000000000000000000000000111100110011101
100111101010001011010100110101100000000000000000000000000000000000000000000001000000111001100100
100111101010001011010100110101100000000000000000000000000000000000000000000000100101101001100111
100111101010001011010100110101100000000000000000000000000000000000000000000000011111101011001111
100111101010001011010100110101100000000000000000000000000000000000000000000000001101101011100110
100111101010001011010100110101100000000000000000000000000000000000000000000000100000101010111110
100111101010001011010100110101100000000000000000000000000000000000000000000000010101111100111011
100111101010001011010100110101100000000000000000000000000000000000000000000000010010001111111011
100111101010001011010100110101100000000000000000000000000000000000000000000000100101100101000001
100111101010001011010100110101100000000000000000000000000000000000000000000000010111100100001110
100111101010001011010100110101100000000000000000000000000000000000000000000000000100001010000011
100111101010001011010100110101100000000000000000000000000000000000000000000000110100100111111101
100111101010001011010100110101100000000000000000000000000000000000000000000000000101011000110011
100111101010001011010100110101100000000000000000000000000000000000000000000000100001100001000101
100111101010001011010100110101100000000000000000000000000000000000000000000001001001001001011100
100111101010001011010100110101100000000000000000000000000000000000000000000000001101101110111010
100111101010001011010100110101100000000000000000000000000000000000000000000000000011011110101110
100111101010001011010100110101100000000000000000000000000000000000000000000000001010010000010101
100111101010001011010100110101100000000000000000000000000000000000000000000000010001010100000011
100111101010001011010100110101100000000000000000000000000000000000000000000001000010101011010111
100111101010001011010100110101100000000000000000000000000000000000000000000001000011100101100110
100111101010001011010100110101100000000000000000000000000000000000000000000000000101110011000110
100111101010001011010100110101100000000000000000000000000000000000000000000000111101011011001001
100111101010001011010100110101100000000000000000000000000000000000000000000000110000111011111110
100111101010001011010100110101100000000000000000000000000000000000000000000000110000000010110100
100111101010001011010100110101100000000000000000000000000000000000000000000000011010111001110111
100111101010001011010100110101100000000000000000000000000000000000000000000000111110010111101000
100111101010001011010100110101100000000000000000000000000000000000000000000001000101101011011001
100111101010001011010100110101100000000000000000000000000000000000000000000001000010111011000000
100111101010001011010100110101100000000000000000000000000000000000000000000000001000101000110010
100111101010001011010100110101100000000000000000000000000000000000000000000000110100100111100111
100111101010001011010100110101100000000000000000000000000000000000000000000000000111110100001010
100111101010001011010100110101100000000000000000000000000000000000000000000000110000001101001101
100111101010001011010100110101100000000000000000000000000000000000000000000000001001010000010110
100111101010001011010100110101100000000000000000000000000000000000000000000000010101001111111011
100111101010001011010100110101100000000000000000000000000000000000000000000000111010011101001001
100111101010001011010100110101100000000000000000000000000000000000000000000000000110111001001100
100111101010001011010100110101100000000000000000000000000000000000000000000000011011111010001011
100111101010001011010100110101100000000000000000000000000000000000000000000000011011111110100110
100111101010001011010100110101100000000000000000000000000000000000000000000000010001101111111101
100111101010001011010100110101100000000000000000000000000000000000000000000000111010011010110101
100111101010001011010100110101100000000000000000000000000000000000000000000000001010101011000001
100111101010001011010100110101100000000000000000000000000000000000000000000000010001001010001100
100111101010001011010100110101100000000000000000000000000000000000000000000001000001001000101101
100111101010001011010100110101100000000000000000000000000000000000000000000000100101011110010010
100111101010001011010100110101100000000000000000000000000000000000000000000000101101101001110010
100111101010001011010100110101100000000000000000000000000000000000000000000000101100110001100001
100111101010001011010100110101100000000000000000000000000000000000000000000000111111010111101011
100111101010001011010100110101100000000000000000000000000000000000000000000000101001100110101011
100111101010001011010100110101100000000000000000000000000000000000000000000000101001101110101011
100111101010001011010100110101100000000000000000000000000000000000000000000000110000100111100001
100111101010001011010100110101100000000000000000000000000000000000000000000000000111101000011011
100111101010001011010100110101100000000000000000000000000000000000000000000000011111100010000111
100111101010001011010100110101100000000000000000000000000000000000000000000000011011011101111100
100111101010001011010100110101100000000000000000000000000000000000000000000000101111000110001010
100111101010001011010100110101100000000000000000000000000000000000000000000000010001010001000010
100111101010001011010100110101100000000000000000000000000000000000000000000000000010111101011110
100111101010001011010100110101100000000000000000000000000000000000000000000000110100011111011001
100111101010001011010100110101100000000000000000000000000000000000000000000000000100011011101101
100111101010001011010100110101100000000000000000000000000000000000000000000000010110010001011000
100111101010001011010100110101100000000000000000000000000000000000000000000000010100011000111000
100111101010001011010100110101100000000000000000000000000000000000000000000000000111011110111110
100111101010001011010100110101100000000000000000000000000000000000000000000000100101011010000101
100111101010001011010100110101100000000000000000000000000000000000000000000000101111010100100111
100111101010001011010100110101100000000000000000000000000000000000000000000000010100000100000000
100111101010001011010100110101100000000000000000000000000000000000000000000000101110010011110011
100111101010001011010100110101100000000000000000000000000000000000000000000000011001000001010000
100111101010001011010100110101100000000000000000000000000000000000000000000000110111011111011101
100111101010001011010100110101100000000000000000000000000000000000000000000000000001110010111101
100111101010001011010100110101100000000000000000000000000000000000000000000000110000111010000111
100111101010001011010100110101100000000000000000000000000000000000000000000000111001111010101001
100111101010001011010100110101100000000000000000000000000000000000000000000000111001001100101011
100111101010001011010100110101100000000000000000000000000000000000000000000000000010110000101111
100111101010001011010100110101100000000000000000000000000000000000000000000000100101110010101011
100111101010001011010100110101100000000000000000000000000000000000000000000001000110110001101100
100111101010001011010100110101100000000000000000000000000000000000000000000000011111010101110101
100111101010001011010100110101100000000000000000000000000000000000000000000001000011101100001001
100111101010001011010100110101100000000000000000000000000000000000000000000000011010110001111010
100111101010001011010100110101100000000000000000000000000000000000000000000000101010000110111000
100111101010001011010100110101100000000000000000000000000000000000000000000000000010101100010010
100111101010001011010100110101100000000000000000000000000000000000000000000000101111010100111110
100111101010001011010100110101100000000000000000000000000000000000000000000000111011000110111110
100111101010001011010100110101100000000000000000000000000000000000000000000000011111000110100101
100111101010001011010100110101100000000000000000000000000000000000000000000000110000001011100100
100111101010001011010100110101100000000000000000000000000000000000000000000001000111001001001001
100111101010001011010100110101100000000000000000000000000000000000000000000000101001011110111100
100111101010001011010100110101100000000000000000000000000000000000000000000000010000111111111110
100111101010001011010100110101100000000000000000000000000000000000000000000000001111000100110010
100111101010001011010100110101100000000000000000000000000000000000000000000000001010010111001100
100111101010001011010100110101100000000000000000000000000000000000000000000000001100001011000000
100111101010001011010100110101100000000000000000000000000000000000000000000001000101111111001011
100111101010001011010100110101100000000000000000000000000000000000000000000000100100000101100011
100111101010001011010100110101100000000000000000000000000000000000000000000000110100000101100110
100111101010001011010100110101100000000000000000000000000000000000000000000000011011111001010010
100111101010001011010100110101100000000000000000000000000000000000000000000000011001000010000000
100111101010001011010100110101100000000000000000000000000000000000000000000000100000000110011101
100111101010001011010100110101100000000000000000000000000000000000000000000000000110011111111010
100111101010001011010100110101100000000000000000000000000000000000000000000000111011001000101010
100111101010001011010100110101100000000000000000000000000000000000000000000000100110101101111111
100111101010001011010100110101100000000000000000000000000000000000000000000000101001001011010011
100111101010001011010100110101100000000000000000000000000000000000000000000000010101111001110010
100111101010001011010100110101100000000000000000000000000000000000000000000000101011101101101010
100111101010001011010100110101100000000000000000000000000000000000000000000000001000101011100000
100111101010001011010100110101100000000000000000000000000000000000000000000001000100011100100010
100111101010001011010100110101100000000000000000000000000000000000000000000001000101100100111001
100111101010001011010100110101100000000000000000000000000000000000000000000000111000110011101100
100111101010001011010100110101100000000000000000000000000000000000000000000001000110001010010011
100111101010001011010100110101100000000000000000000000000000000000000000000000110000001111110000
100111101010001011010100110101100000000000000000000000000000000000000000000000101101101110111010
100111101010001011010100110101100000000000000000000000000000000000000000000000000100010100011110
100111101010001011010100110101100000000000000000000000000000000000000000000001000010001110100000
100111101010001011010100110101100000000000000000000000000000000000000000000001000111010101110100
100111101010001011010100110101100000000000000000000000000000000000000000000001000011010100000110
100111101010001011010100110101100000000000000000000000000000000000000000000001000110111010111100
100111101010001011010100110101100000000000000000000000000000000000000000000000001100001110000111
100111101010001011010100110101100000000000000000000000000000000000000000000000101100010000101010
100111101010001011010100110101100000000000000000000000000000000000000000000000111111010110111010
100111101010001011010100110101100000000000000000000000000000000000000000000000000010101000001011
100111101010001011010100110101100000000000000000000000000000000000000000000000001101011010000011
100111101010001011010100110101100000000000000000000000000000000000000000000000100000001100101011
100111101010001011010100110101100000000000000000000000000000000000000000000000000101101110000101
100111101010001011010100110101100000000000000000000000000000000000000000000000011000111000101001
