000111110001101100010111011010101011000010000101010101011011011110111011011011111010101100000100
101001111000101100111100000000111100000010000101010101011011011110111011011011111010101100000100
110010010101101000100111111100111100000010000101010101011011011110111011011011111010101100000100
000010010100001110001110100111111101000010000101010101011011011110111011011011111010101100000100
101101010100111011111001101000111101000010000101010101011011011110111011011011111010101100000100
001010111011110101111100000101000111000010000101010101011011011110111011011011111010101100000100
110000111010110011111100011010100000000010000101010101011011011110111011011011111010101100000100
010111101001110011000100111111011010000010000101010101011011011110111011011011111010101100000100
100101110101000101010101100001001111000010000101010101011011011110111011011011111010101100000100
110100100000111111000111010000011100000010000101010101011011011110111011011011111010101100000100
000010101101001011111011111111001111000010000101010101011011011110111011011011111010101100000100
000011111010010000110001110010111100000010000101010101011011011110111011011011111010101100000100
011000111010101101011111110011101101000010000101010101011011011110111011011011111010101100000100
101001000011001001111110011011000000000010000101010101011011011110111011011011111010101100000100
101100010010011111001101110011110010000010000101010101011011011110111011011011111010101100000100
001011111101011011000011001111110010000010000101010101011011011110111011011011111010101100000100
001011010010100001000010001100100010000010000101010101011011011110111011011011111010101100000100
001001101100011110101010000000010101000010000101010101011011011110111011011011111010101100000100
001001000011010001110010101111101011000010000101010101011011011110111011011011111010101100000100
011000011101100111100010000110001011000010000101010101011011011110111011011011111010101100000100
000110100001100100010100001010111100000010000101010101011011011110111011011011111010101100000100
110100011001100111011010011110100100000010000101010101011011011110111011011011111010101100000100
110101101011001111011011001100111011000010000101010101011011011110111011011011111010101100000100
111110010110011011010000101001101011000010000101010101011011011110111011011011111010101100000100
110000000110010000111110111000000011000010000101010101011011011110111011011011111010101100000100
111011010000111010011100111001110111000010000101010101011011011110111011011011111010101100000100
101111001101110011011101111111111101000010000101010101011011011110111011011011111010101100000100
000110110010010001110000010000101000000010000101010101011011011110111011011011111010101100000100
000101011110111110011001111000101100000010000101010101011011011110111011011011111010101100000100
000101011110010010101000011001000000000010000101010101011011011110111011011011111010101100000100
101101101111101111011011001011011101000010000101010101011011011110111011011011111010101100000100
101001100000001011110111110100001111000010000101010101011011011110111011011011111010101100000100
100011101100010011010110001111110001000010000101010101011011011110111011011011111010101100000100
110000100001001011111110110100110001000010000101010101011011011110111011011011111010101100000100
001001100101111011010000011010100111000010000101010101011011011110111011011011111010101100000100
000000110011101110001111010110011101000010000101010101011011011110111011011011111010101100000100
010110001001011110100001010100111011000010000101010101011011011110111011011011111010101100000100
111100110110101000100101101111000000000010000101010101011011011110111011011011111010101100000100
110011100101011101101001011100111111000010000101010101011011011110111011011011111010101100000100
010110110001010111110000010110111101000010000101010101011011011110111011011011111010101100000100
111010010011001101011100111000000010000010000101010101011011011110111011011011111010101100000100
001110100101101101110101010110100101000010000101010101011011011110111011011011111010101100000100
010111011000000000010000110010101011000010000101010101011011011110111011011011111010101100000100
111110000000111001100001100111100110000010000101010101011011011110111011011011111010101100000100
111101000001101001001110011011101010000010000101010101011011011110111011011011111010101100000100
000110010101111000010011001011010111000010000101010101011011011110111011011011111010101100000100
101011011101011010110001001000110110000010000101010101011011011110111011011011111010101100000100
111111111101001100001111001000111110000010000101010101011011011110111011011011111010101100000100
010001110110010101000000100000110000000010000101010101011011011110111011011011111010101100000100
000100110100110001110101100000110110000010000101010101011011011110111011011011111010101100000100
101100011101101001010000000001000011000010000101010101011011011110111011011011111010101100000100
000011010100100000111011111110001101000010000101010101011011011110111011011011111010101100000100
001001111010010111000101111011001101000010000101010101011011011110111011011011111010101100000100
000000010101100101001101010100010011000010000101010101011011011110111011011011111010101100000100
111100010001001110010101100110011001000010000101010101011011011110111011011011111010101100000100
010000010010001000101100011001010011000010000101010101011011011110111011011011111010101100000100
001101001101110111001100011110110100000010000101010101011011011110111011011011111010101100000100
110001001010011010110011110011110000000010000101010101011011011110111011011011111010101100000100
101010000011011000000101010110000111000010000101010101011011011110111011011011111010101100000100
011101100010010101100111110110010100000010000101010101011011011110111011011011111010101100000100
001110011000100111110001111000010001000010000101010101011011011110111011011011111010101100000100
111101000101111100101001110111110011000010000101010101011011011110111011011011111010101100000100
000111000011111110010001001111111110000010000101010101011011011110111011011011111010101100000100
101001011001100001110110110110011110000010000101010101011011011110111011011011111010101100000100
100011111000001001110100000011000011000010000101010101011011011110111011011011111010101100000100
100110100011101000010000110111111100000010000101010101011011011110111011011011111010101100000100
000110110111001010111010110001000001000010000101010101011011011110111011011011111010101100000100
111000011100000110110011101000100001000010000101010101011011011110111011011011111010101100000100
101110100010100100101100100011111010000010000101010101011011011110111011011011111010101100000100
101111100100110010001110000011011100000010000101010101011011011110111011011011111010101100000100
110010000010111111001000110101100100000010000101010101011011011110111011011011111010101100000100
101101111101101010100101110000001100000010000101010101011011011110111011011011111010101100000100
111001011101001101011110111101110010000010000101010101011011011110111011011011111010101100000100
010111100000001101101010010111110011000010000101010101011011011110111011011011111010101100000100
111000010000110110111001010000010001000010000101010101011011011110111011011011111010101100000100
000111010101011101010000110100010001000010000101010101011011011110111011011011111010101100000100
000110111010001100100111000001101111000010000101010101011011011110111011011011111010101100000100
110111010000111000110011001010011010000010000101010101011011011110111011011011111010101100000100
101010100000110110110010010011110001000010000101010101011011011110111011011011111010101100000100
100001011100110001010000101011110000000010000101010101011011011110111011011011111010101100000100
000111111011001100011101111010011001000010000101010101011011011110111011011011111010101100000100
010010011000010000001001010011011010000010000101010101011011011110111011011011111010101100000100
011001101101011011110101000111010000000010000101010101011011011110111011011011111010101100000100
110110000101101000010110011011001011000010000101010101011011011110111011011011111010101100000100
000011110110011011111010100110101011000010000101010101011011011110111011011011111010101100000100
101011011100011100101100110010111001000010000101010101011011011110111011011011111010101100000100
111011100111010101110101110111110111000010000101010101011011011110111011011011111010101100000100
010100110110101011100101011000010010000010000101010101011011011110111011011011111010101100000100
000011111010110111010100001011011001000010000101010101011011011110111011011011111010101100000100
000110000110101110110000100011100110000010000101010101011011011110111011011011111010101100000100
101011000010100010011101010001010111000010000101010101011011011110111011011011111010101100000100
011011010010010010001101110010110000000010000101010101011011011110111011011011111010101100000100
011111101010110111001101001101011111000010000101010101011011011110111011011011111010101100000100
001110101101011100001111110101011011000010000101010101011011011110111011011011111010101100000100
000011111110110010110010100000000101000010000101010101011011011110111011011011111010101100000100
100100000100011010010101011101000101000010000101010101011011011110111011011011111010101100000100
110011100110010010001111111111110011000010000101010101011011011110111011011011111010101100000100
011001000000111010000011011101011110000010000101010101011011011110111011011011111010101100000100
001100011100010000101011100111000000000010000101010101011011011110111011011011111010101100000100
011111001000000101010111000000111001000010000101010101011011011110111011011011111010101100000100
110001100000100111110100111111011100000010000101010101011011011110111011011011111010101100000100
010001000010100011010011101011001011000010000101010101011011011110111011011011111010101100000100
010101111010110111000101010100001011000010000101010101011011011110111011011011111010101100000100
001011101000101010100001010101111100000010000101010101011011011110111011011011111010101100000100
011100100100101110000000101111100000000010000101010101011011011110111011011011111010101100000100
101001000101111011011000000110011010000010000101010101011011011110111011011011111010101100000100
011110011110101000000110101010001110000010000101010101011011011110111011011011111010101100000100
110000010110101010010011110101101001000010000101010101011011011110111011011011111010101100000100
110100011111001111110011011100011110000010000101010101011011011110111011011011111010101100000100
011101001001011001001101001000100001000010000101010101011011011110111011011011111010101100000100
011110110010011011100101010000100011000010000101010101011011011110111011011011111010101100000100
111100101111000001000111000100110100000010000101010101011011011110111011011011111010101100000100
011011111110011110100111000010010110000010000101010101011011011110111011011011111010101100000100
101000011001000010001111010111111011000010000101010101011011011110111011011011111010101100000100
001001011001001100110011110111001001000010000101010101011011011110111011011011111010101100000100
100010011000000010000111101100010111000010000101010101011011011110111011011011111010101100000100
100111100010010001011100111100011100000010000101010101011011011110111011011011111010101100000100
111100110111001111101001010100111010000010000101010101011011011110111011011011111010101100000100
101111101110011010010010011000001110000010000101010101011011011110111011011011111010101100000100
001101011100011001001011001001011111000010000101010101011011011110111011011011111010101100000100
000101100110010000111111110011110010000010000101010101011011011110111011011011111010101100000100
110110001101110111000100110010101011000010000101010101011011011110111011011011111010101100000100
011011110010010111011101101000001110000010000101010101011011011110111011011011111010101100000100
100110111101000001001110000001011010000010000101010101011011011110111011011011111010101100000100
111010100100110000111111101001001111000010000101010101011011011110111011011011111010101100000100
101011100011010101101110001101011010000010000101010101011011011110111011011011111010101100000100
011110100000000101000111011101011010000010000101010101011011011110111011011011111010101100000100
100100111010110001001111100101001111000010000101010101011011011110111011011011111010101100000100
111110111011011110001011011110011011000010000101010101011011011110111011011011111010101100000100
001011000010010110001001000011100001000010000101010101011011011110111011011011111010101100000100
000011000101101010000000010001100110000010000101010101011011011110111011011011111010101100000100
110000110011101110101110111110010111000010000101010101011011011110111011011011111010101100000100
101001011010000001000100111100101010000010000101010101011011011110111011011011111010101100000100
110100110010100100101100111101011111000010000101010101011011011110111011011011111010101100000100
111101101110000100011101111101101110000010000101010101011011011110111011011011111010101100000100
000100000010000010111001000110100011000010000101010101011011011110111011011011111010101100000100
000010101111101000010000010101111111000010000101010101011011011110111011011011111010101100000100
000101110110000001010101011101101000000010000101010101011011011110111011011011111010101100000100
011000010111101110011010000100010001000010000101010101011011011110111011011011111010101100000100
111010000100110110010011001010101110000010000101010101011011011110111011011011111010101100000100
101101010110010000011011110111000001000010000101010101011011011110111011011011111010101100000100
100011111101010110001010110001101000000010000101010101011011011110111011011011111010101100000100
011001011111110101000101101100101000000010000101010101011011011110111011011011111010101100000100
010011101011010110011111011001100010000010000101010101011011011110111011011011111010101100000100
100101010010101011001011110100000001000010000101010101011011011110111011011011111010101100000100
101001100110001010100100100010111001000010000101010101011011011110111011011011111010101100000100
010101110100000110111100101011100111000010000101010101011011011110111011011011111010101100000100
011101100100110010100011101010110111000010000101010101011011011110111011011011111010101100000100
100101001110010010011111010111110010000010000101010101011011011110111011011011111010101100000100
110111100101011101100110001000001110000010000101010101011011011110111011011011111010101100000100
011001100010101111111101000011110010000010000101010101011011011110111011011011111010101100000100
001001100111110000000100101110011010000010000101010101011011011110111011011011111010101100000100
010111000010110101100110011010101010000010000101010101011011011110111011011011111010101100000100
011110001101101010101001101000100001000010000101010101011011011110111011011011111010101100000100
000000111111010010000011000000001100000010000101010101011011011110111011011011111010101100000100
010010111110110100111011000000000000000010000101010101011011011110111011011011111010101100000100
111100010001111001100001001110000111000010000101010101011011011110111011011011111010101100000100
000000010010000111111111001001010011000010000101010101011011011110111011011011111010101100000100
100001001111010101111100010001101110000010000101010101011011011110111011011011111010101100000100
101001100001000100110110101010111010000010000101010101011011011110111011011011111010101100000100
000000001010001011111111101001000011000010000101010101011011011110111011011011111010101100000100
011000111000110101011100111011101101000010000101010101011011011110111011011011111010101100000100
101101101110110111101110100100000110000010000101010101011011011110111011011011111010101100000100
011101101100011000100010011100011101000010000101010101011011011110111011011011111010101100000100
101110111110101101010010010101011011000010000101010101011011011110111011011011111010101100000100
011100111010001011101110100011110000000010000101010101011011011110111011011011111010101100000100
001000111100001100100101100000000100000010000101010101011011011110111011011011111010101100000100
000001010101010001010101011110110001000010000101010101011011011110111011011011111010101100000100
101001001010000110100100111000111000000010000101010101011011011110111011011011111010101100000100
000101110101110110001010001010000010000010000101010101011011011110111011011011111010101100000100
001111000010111100011110001111010001000010000101010101011011011110111011011011111010101100000100
110111111010100110100101010010110110000010000101010101011011011110111011011011111010101100000100
100111000110011111010111110101110001000010000101010101011011011110111011011011111010101100000100
011101111110011000011110010001111110000010000101010101011011011110111011011011111010101100000100
000101100110100010111011000110010100000010000101010101011011011110111011011011111010101100000100
111111110000100010011001111110001000000010000101010101011011011110111011011011111010101100000100
000010110001010111101001001100101010000010000101010101011011011110111011011011111010101100000100
010111001001000111110011000100100111000010000101010101011011011110111011011011111010101100000100
100010001000100001000001011001111010000010000101010101011011011110111011011011111010101100000100
000101000010000111100110000010111111000010000101010101011011011110111011011011111010101100000100
000100101010000000111111000111011111000010000101010101011011011110111011011011111010101100000100
111011111001001010001000001001011111000010000101010101011011011110111011011011111010101100000100
010011110001010100011001100100111111000010000101010101011011011110111011011011111010101100000100
010001010001111011011101100001110110000010000101010101011011011110111011011011111010101100000100
000011010101100010100101001000100110000010000101010101011011011110111011011011111010101100000100
100110101011001110000000101000011011000010000101010101011011011110111011011011111010101100000100
111101001011000010110011111111000100000010000101010101011011011110111011011011111010101100000100
100101111011010110110000111111011000000010000101010101011011011110111011011011111010101100000100
001000000101010110000011111110000001000010000101010101011011011110111011011011111010101100000100
000011011000011001000000100011101100000010000101010101011011011110111011011011111010101100000100
101001110110001101011110010011010111000010000101010101011011011110111011011011111010101100000100
100110001111010011110101110010001000000010000101010101011011011110111011011011111010101100000100
101000010000001110001001010111010000000010000101010101011011011110111011011011111010101100000100
111011111001100001101011111111111100000010000101010101011011011110111011011011111010101100000100
010101111100011110110001100101100001000010000101010101011011011110111011011011111010101100000100
100111011001100000100101010111110111000010000101010101011011011110111011011011111010101100000100
001000101011011011010110111001111001000010000101010101011011011110111011011011111010101100000100
111110000111001101010111011111001010000010000101010101011011011110111011011011111010101100000100
001111111000011010011100110100101101000010000101010101011011011110111011011011111010101100000100
000010001111100010100001111100100011000010000101010101011011011110111011011011111010101100000100
010011111011010011101101010101000110000010000101010101011011011110111011011011111010101100000100
101000000000110100010111000110101110000010000101010101011011011110111011011011111010101100000100
101100001111000101010011111111011011000010000101010101011011011110111011011011111010101100000100
110111101000100000011010101011010101000010000101010101011011011110111011011011111010101100000100
001001000010100000100111110011001100000010000101010101011011011110111011011011111010101100000100
101111100011010001010100111110000100000010000101010101011011011110111011011011111010101100000100
111010100100010110010011000001010110000010000101010101011011011110111011011011111010101100000100
101100110101110001010111001001010011000010000101010101011011011110111011011011111010101100000100
000010111110111011111011100000101100000010000101010101011011011110111011011011111010101100000100
010001011110111111010010011101110000000010000101010101011011011110111011011011111010101100000100
111011010011101010101100110101001101000010000101010101011011011110111011011011111010101100000100
110010011000110100010011100001000111000010000101010101011011011110111011011011111010101100000100
000111001111101010110110101100110000000010000101010101011011011110111011011011111010101100000100
111001100110001100101010110000110011000010000101010101011011011110111011011011111010101100000100
101100001000010000100000001000011000000010000101010101011011011110111011011011111010101100000100
110010010110011101010111001110111000000010000101010101011011011110111011011011111010101100000100
100101100111010010000111001100000010000010000101010101011011011110111011011011111010101100000100
011111110111010111100000011010000010000010000101010101011011011110111011011011111010101100000100
110110111101100000001001010011101110000010000101010101011011011110111011011011111010101100000100
001110100010011111000110101011000100000010000101010101011011011110111011011011111010101100000100
000010010110011000110101010101100010000010000101010101011011011110111011011011111010101100000100
111111001101010011000000010000010101000010000101010101011011011110111011011011111010101100000100
110100010000111010001011001100000111000010000101010101011011011110111011011011111010101100000100
100110000000111010111111000110000000000010000101010101011011011110111011011011111010101100000100
011011111000111011110101100001100111000010000101010101011011011110111011011011111010101100000100
010100101101010001011011111010000001000010000101010101011011011110111011011011111010101100000100
101111011101111101111100111011100011000010000101010101011011011110111011011011111010101100000100
000001001010110011101001111101111101000010000101010101011011011110111011011011111010101100000100
001011110100001100110011100111111001000010000101010101011011011110111011011011111010101100000100
011110011111101001110110111111011001000010000101010101011011011110111011011011111010101100000100
011010010110000100000001011111111011000010000101010101011011011110111011011011111010101100000100
100001011111111111111011110010001000000010000101010101011011011110111011011011111010101100000100
100001101101010000010000101011100110000010000101010101011011011110111011011011111010101100000100
000001111011001001000111110111111010000010000101010101011011011110111011011011111010101100000100
110100100111000011100110100010110111000010000101010101011011011110111011011011111010101100000100
001001100001111110101111100010101011000010000101010101011011011110111011011011111010101100000100
010100110110010111000100110110100100000010000101010101011011011110111011011011111010101100000100
110110110101101111101001111011001111000010000101010101011011011110111011011011111010101100000100
010010001101100101110111101100111011000010000101010101011011011110111011011011111010101100000100
100010000110000011101011001001101011000010000101010101011011011110111011011011111010101100000100
000001010000111101111111101110010001000010000101010101011011011110111011011011111010101100000100
011100111010100001011111111010001100000010000101010101011011011110111011011011111010101100000100
100001110110000010101100110001110010000010000101010101011011011110111011011011111010101100000100
100110000111011110111001111110001000000010000101010101011011011110111011011011111010101100000100
000101011010101011001100110101110000000010000101010101011011011110111011011011111010101100000100
010010110110000110111110001111000011000010000101010101011011011110111011011011111010101100000100
000110111101010111111101000111011110000010000101010101011011011110111011011011111010101100000100
000010111110011100101101110111101111000010000101010101011011011110111011011011111010101100000100
000111011101111110101101111001010011000010000101010101011011011110111011011011111010101100000100
011101001110001100100001010111010010000010000101010101011011011110111011011011111010101100000100
101010010111101110101011010111000100000010000101010101011011011110111011011011111010101100000100
101101011010001011001000100000111101000010000101010101011011011110111011011011111010101100000100
010111110001101100011100110001101001000010000101010101011011011110111011011011111010101100000100
111100001101000110110010011101101001000010000101010101011011011110111011011011111010101100000100
010111001011001101110110100111000100000010000101010101011011011110111011011011111010101100000100
001100010111101001011100101000010011000010000101010101011011011110111011011011111010101100000100
001000011001100100101001001111011100000010000101010101011011011110111011011011111010101100000100
000100000010111001011110101101110000000010000101010101011011011110111011011011111010101100000100
110001011000111100001111000010011110000010000101010101011011011110111011011011111010101100000100
110110001001000100100001111111010111000010000101010101011011011110111011011011111010101100000100
111100111111011101111010110110000110000010000101010101011011011110111011011011111010101100000100
110100000011101101000100110101011001000010000101010101011011011110111011011011111010101100000100
111111010011101010010000110001100000000010000101010101011011011110111011011011111010101100000100
010011011110001010010011001110001101000010000101010101011011011110111011011011111010101100000100
000101000010101111110011111000111100000010000101010101011011011110111011011011111010101100000100
110110110110100111011100111010101100000010000101010101011011011110111011011011111010101100000100
110000110010100000100100000010011011000010000101010101011011011110111011011011111010101100000100
010000100000110001011000000110000001000010000101010101011011011110111011011011111010101100000100
101011111001111010011011110110010111000010000101010101011011011110111011011011111010101100000100
010010011110100010110010010010001110000010000101010101011011011110111011011011111010101100000100
010110000011111111101001110101111100000010000101010101011011011110111011011011111010101100000100
101011010011010100011110101000011101000010000101010101011011011110111011011011111010101100000100
010000011010100111011001110111010111000010000101010101011011011110111011011011111010101100000100
001110100101110110110000101010001100000010000101010101011011011110111011011011111010101100000100
100001110110111000001101010001110111000010000101010101011011011110111011011011111010101100000100
011010111001000010001100110111011110000010000101010101011011011110111011011011111010101100000100
111010001101100001111000100110111001000010000101010101011011011110111011011011111010101100000100
001100011110110100101100000101110011000010000101010101011011011110111011011011111010101100000100
000100100011010100100011000010100001000010000101010101011011011110111011011011111010101100000100
000100110101001010111001011111001110000010000101010101011011011110111011011011111010101100000100
100101110011001101010010110001001100000010000101010101011011011110111011011011111010101100000100
101111100011010110000010011100010001000010000101010101011011011110111011011011111010101100000100
000100100011000111010010010100001100000010000101010101011011011110111011011011111010101100000100
000111001010000011010110101011010111000010000101010101011011011110111011011011111010101100000100
011011110011110100101011111101101101000010000101010101011011011110111011011011111010101100000100
110001011100111111000111011010100001000010000101010101011011011110111011011011111010101100000100
011000110101011000010111110101100101000010000101010101011011011110111011011011111010101100000100
011110010111001100110111100100010101000010000101010101011011011110111011011011111010101100000100
111111011111011100110001011000110111000010000101010101011011011110111011011011111010101100000100
101100110100101011000011100111011101000010000101010101011011011110111011011011111010101100000100
111100111110110011001111100001010000000010000101010101011011011110111011011011111010101100000100
011111111110101110000001011010000010000010000101010101011011011110111011011011111010101100000100
001101111001111101111001001111001001000010000101010101011011011110111011011011111010101100000100
110100101000010000111110010000000000000010000101010101011011011110111011011011111010101100000100
110100010001110001110110001000000010000010000101010101011011011110111011011011111010101100000100
101000011110100010010000011111011110000010000101010101011011011110111011011011111010101100000100
011100010001110110000000010110100000000010000101010101011011011110111011011011111010101100000100
101101001100011010110001010001011111000010000101010101011011011110111011011011111010101100000100
110010010010100101111101101100010111000010000101010101011011011110111011011011111010101100000100
100011011111101110100100111000011000000010000101010101011011011110111011011011111010101100000100
010100011111000110011000001111011001000010000101010101011011011110111011011011111010101100000100
101101110010000010010000110110011001000010000101010101011011011110111011011011111010101100000100
110010101100010010111100100001110000000010000101010101011011011110111011011011111010101100000100
111011111110000111101000011111001101000010000101010101011011011110111011011011111010101100000100
010100010101110111010100111100111111000010000101010101011011011110111011011011111010101100000100
110101011101110001110011101011100000000010000101010101011011011110111011011011111010101100000100
101010011011110110100001001001111110000010000101010101011011011110111011011011111010101100000100
011101101100101000011011100010110000000010000101010101011011011110111011011011111010101100000100
000111111000011101101001110110100100000010000101010101011011011110111011011011111010101100000100
011000000011011101011000001101010100000010000101010101011011011110111011011011111010101100000100
110110000100100010011111000101000111000010000101010101011011011110111011011011111010101100000100
011111101100000011010111101000010001000010000101010101011011011110111011011011111010101100000100
111101101101111110101011010010111011000010000101010101011011011110111011011011111010101100000100
001110011001011000100011011011100001000010000101010101011011011110111011011011111010101100000100
001101010100100001110011010011010101000010000101010101011011011110111011011011111010101100000100
000000110000011101110101100011011100000010000101010101011011011110111011011011111010101100000100
000110101101111010000001011001001100000010000101010101011011011110111011011011111010101100000100
010000000010011100100011000011110011000010000101010101011011011110111011011011111010101100000100
001110001010111010110100100010101000000010000101010101011011011110111011011011111010101100000100
010010101110100000010000110011011110000010000101010101011011011110111011011011111010101100000100
110000100101000110100111111000100000000010000101010101011011011110111011011011111010101100000100
011100010011100101000110100000011000000010000101010101011011011110111011011011111010101100000100
011111011110011100001000100001001101000010000101010101011011011110111011011011111010101100000100
001110100100110110101010110110000100000010000101010101011011011110111011011011111010101100000100
001011111100000100111011111001101100000010000101010101011011011110111011011011111010101100000100
100010001011100011111101001110011100000010000101010101011011011110111011011011111010101100000100
010111000111110010111110110100110010000010000101010101011011011110111011011011111010101100000100
110000010100010001000100001010101111000010000101010101011011011110111011011011111010101100000100
100100101001010001011011000001011110000010000101010101011011011110111011011011111010101100000100
011100000110001011000001111011000010000010000101010101011011011110111011011011111010101100000100
011001101000010101101010001110011110000010000101010101011011011110111011011011111010101100000100
001001111101101111100001100101101100000010000101010101011011011110111011011011111010101100000100
100101000110001001001011000101110010000010000101010101011011011110111011011011111010101100000100
011100010011100010111011100111110010000010000101010101011011011110111011011011111010101100000100
111001111101010111111001111100101101000010000101010101011011011110111011011011111010101100000100
100000110001001010000100001101010010000010000101010101011011011110111011011011111010101100000100
111001111111110000010010011011010000000010000101010101011011011110111011011011111010101100000100
011001111011010111000011111001111100000010000101010101011011011110111011011011111010101100000100
100100101101011001001101100101011101000010000101010101011011011110111011011011111010101100000100
100010101001111011001111010001111000000010000101010101011011011110111011011011111010101100000100
011100111100000101100110001010100001000010000101010101011011011110111011011011111010101100000100
000001101000000110100111010111111111000010000101010101011011011110111011011011111010101100000100
101110111101111110001100001101110111000010000101010101011011011110111011011011111010101100000100
101101010010101010110100000110001000000010000101010101011011011110111011011011111010101100000100
111100011010110010110110110000011010000010000101010101011011011110111011011011111010101100000100
111100100001110011110011011001000111000010000101010101011011011110111011011011111010101100000100
011110000101100111010100010000110101000010000101010101011011011110111011011011111010101100000100
100100010011000101111111111101101100000010000101010101011011011110111011011011111010101100000100
110000101011111011010000100001111001000010000101010101011011011110111011011011111010101100000100
100110100011110111010011100111000110000010000101010101011011011110111011011011111010101100000100
001000110101001111100001000000011010000010000101010101011011011110111011011011111010101100000100
000100001010010101001010010111000100000010000101010101011011011110111011011011111010101100000100
111110100010000110000111010001010101000010000101010101011011011110111011011011111010101100000100
111110000101111100000111000000100100000010000101010101011011011110111011011011111010101100000100
110101000101001101100110001111111111000010000101010101011011011110111011011011111010101100000100
010000001000001111100111100000101001000010000101010101011011011110111011011011111010101100000100
110011000000111000010101111110000110000010000101010101011011011110111011011011111010101100000100
000011011010100101000010111011100000000010000101010101011011011110111011011011111010101100000100
010010000101100010101110000011011111000010000101010101011011011110111011011011111010101100000100
101011111001111001100110110011001010000010000101010101011011011110111011011011111010101100000100
110011011001101011111001100000000101000010000101010101011011011110111011011011111010101100000100
001111010101111011100100000100111011000010000101010101011011011110111011011011111010101100000100
011111011000011011100110011001100011000010000101010101011011011110111011011011111010101100000100
000000010110100010100111100010101010000010000101010101011011011110111011011011111010101100000100
000010011111100011011100010100110011000010000101010101011011011110111011011011111010101100000100
000100101100000011101001101111111110000010000101010101011011011110111011011011111010101100000100
110001011011011101001010010010000100000010000101010101011011011110111011011011111010101100000100
001010001001101111111110001100101111000010000101010101011011011110111011011011111010101100000100
010010100001010100110010011010101110000010000101010101011011011110111011011011111010101100000100
011110000010101010111010100110110101000010000101010101011011011110111011011011111010101100000100
010101001010001101001101100001110110000010000101010101011011011110111011011011111010101100000100
100011000111010100011000001000010010000010000101010101011011011110111011011011111010101100000100
001000001000010100011010010010011011000010000101010101011011011110111011011011111010101100000100
000111101010000111100101101100010010000010000101010101011011011110111011011011111010101100000100
001101011001100010010000110111100100000010000101010101011011011110111011011011111010101100000100
100010101010011000100110010001001101000010000101010101011011011110111011011011111010101100000100
000111101101101000010011011110011000000010000101010101011011011110111011011011111010101100000100
110111011101001110001100010011011100000010000101010101011011011110111011011011111010101100000100
001000111000011101010011101100010110000010000101010101011011011110111011011011111010101100000100
001001010111000100110001000011001101000010000101010101011011011110111011011011111010101100000100
110000010100010010111010101110000100000010000101010101011011011110111011011011111010101100000100
000101010110110001000001100110110100000010000101010101011011011110111011011011111010101100000100
010001111011110010111110011110111100000010000101010101011011011110111011011011111010101100000100
001000110101011110101011101110100101000010000101010101011011011110111011011011111010101100000100
111100011111110101000000001100110000000010000101010101011011011110111011011011111010101100000100
111100010001110101000010111101001001000010000101010101011011011110111011011011111010101100000100
011011000001110100010001100101100011000010000101010101011011011110111011011011111010101100000100
111000011010100101001000001000010111000010000101010101011011011110111011011011111010101100000100
110000011101110110001110000001111001000010000101010101011011011110111011011011111010101100000100
001110101100011101100010100001000110000010000101010101011011011110111011011011111010101100000100
110011100000000011011110011001100110000010000101010101011011011110111011011011111010101100000100
101110110101001000111000110011011011000010000101010101011011011110111011011011111010101100000100
000011111100010000000010011011111111000010000101010101011011011110111011011011111010101100000100
111000101000101001110000011110111010000010000101010101011011011110111011011011111010101100000100
001111111001101100101011000001110011000010000101010101011011011110111011011011111010101100000100
100010010110001000110100001000110011000010000101010101011011011110111011011011111010101100000100
111010010101001110101011001010110001000010000101010101011011011110111011011011111010101100000100
101110111111100111101111101001001010000010000101010101011011011110111011011011111010101100000100
111001001100100011101010110100100010000010000101010101011011011110111011011011111010101100000100
110000000000100010110110110000111111000010000101010101011011011110111011011011111010101100000100
