101101111111010101010010110101100110000010000101010101011011011110111011011011111010101100000100
110111111100100101111011010001011000000010000101010101011011011110111011011011111010101100000100
000001010001111100000010001001110010000010000101010101011011011110111011011011111010101100000100
011100110010000101101100010001111000000010000101010101011011011110111011011011111010101100000100
100111110011011110110001011010101111000010000101010101011011011110111011011011111010101100000100
110000100101111100100110011011100001000010000101010101011011011110111011011011111010101100000100
111001101111110000000110101000111110000010000101010101011011011110111011011011111010101100000100
010101001100111110110101111000110001000010000101010101011011011110111011011011111010101100000100
011100110101010111101110010001000101000010000101010101011011011110111011011011111010101100000100
100010111010101110101100100010101110000010000101010101011011011110111011011011111010101100000100
100000110000111111011101100010010100000010000101010101011011011110111011011011111010101100000100
101111010011111100111101010111010111000010000101010101011011011110111011011011111010101100000100
001111001110101001110101000001110000000010000101010101011011011110111011011011111010101100000100
110111010100110100001000001100100100000010000101010101011011011110111011011011111010101100000100
100011010010000101000110101001100011000010000101010101011011011110111011011011111010101100000100
011001101101001011101010011100011101000010000101010101011011011110111011011011111010101100000100
011001101110000011001011101111010101000010000101010101011011011110111011011011111010101100000100
111011011101111100100100000110010000000010000101010101011011011110111011011011111010101100000100
101011010011000011000011001100011110000010000101010101011011011110111011011011111010101100000100
011101111000100111001100000011110101000010000101010101011011011110111011011011111010101100000100
011110000010100101000001111111101011000010000101010101011011011110111011011011111010101100000100
101011000111101000010100110001001101000010000101010101011011011110111011011011111010101100000100
101110100001100101110000000001011000000010000101010101011011011110111011011011111010101100000100
110110010111111101111100010111110011000010000101010101011011011110111011011011111010101100000100
001100110100111100010010011001110000000010000101010101011011011110111011011011111010101100000100
001010100100001100011000110000101001000010000101010101011011011110111011011011111010101100000100
101100000101110110111000100010100100000010000101010101011011011110111011011011111010101100000100
011110111100000011001100001111101111000010000101010101011011011110111011011011111010101100000100
111101111001101000111111110110111101000010000101010101011011011110111011011011111010101100000100
001001111110010000110011110010011100000010000101010101011011011110111011011011111010101100000100
000101000100100011111011001000010000000010000101010101011011011110111011011011111010101100000100
100001010111011010100111001100110110000010000101010101011011011110111011011011111010101100000100
100100000011100101100011011001111110000010000101010101011011011110111011011011111010101100000100
101011011011111001101000011100011100000010000101010101011011011110111011011011111010101100000100
100101101110111110110111011011100001000010000101010101011011011110111011011011111010101100000100
001111110010100101011110001011001010000010000101010101011011011110111011011011111010101100000100
010011001010100001001000001101001110000010000101010101011011011110111011011011111010101100000100
110101100110011100111011000011011000000010000101010101011011011110111011011011111010101100000100
101000110010111111101100010101111001000010000101010101011011011110111011011011111010101100000100
111001001010010110111000010110110100000010000101010101011011011110111011011011111010101100000100
011000010111111001000011000110111110000010000101010101011011011110111011011011111010101100000100
110010011011111101110101001111101000000010000101010101011011011110111011011011111010101100000100
001011100111111110101000000010111100000010000101010101011011011110111011011011111010101100000100
110110011101011000000010111000001110000010000101010101011011011110111011011011111010101100000100
111011111100110011000100111101111011000010000101010101011011011110111011011011111010101100000100
011100111101010111010000011110110101000010000101010101011011011110111011011011111010101100000100
010010011101111101001000001010011000000010000101010101011011011110111011011011111010101100000100
010010111110000011100101111010000001000010000101010101011011011110111011011011111010101100000100
000101001111010010011100000000011000000010000101010101011011011110111011011011111010101100000100
110110000110110010111010101101011111000010000101010101011011011110111011011011111010101100000100
101101011100100001011100000101001110000010000101010101011011011110111011011011111010101100000100
100000100010100101010100001110101001000010000101010101011011011110111011011011111010101100000100
111011111101011000011000101000001011000010000101010101011011011110111011011011111010101100000100
001101110010001111010110110111100001000010000101010101011011011110111011011011111010101100000100
101010011010111001110010010011100011000010000101010101011011011110111011011011111010101100000100
000011110100001011101000011111100100000010000101010101011011011110111011011011111010101100000100
011011100100101111000010011010110100000010000101010101011011011110111011011011111010101100000100
011001010011111110011010010101101001000010000101010101011011011110111011011011111010101100000100
101000111001101000001011111110101000000010000101010101011011011110111011011011111010101100000100
111100101111111011000110100110000111000010000101010101011011011110111011011011111010101100000100
010100010001100110101100100000011101000010000101010101011011011110111011011011111010101100000100
111010001111000000010011111000110001000010000101010101011011011110111011011011111010101100000100
000110011101101010100001101001111000000010000101010101011011011110111011011011111010101100000100
111100011000111010111111001011000000000010000101010101011011011110111011011011111010101100000100
000010010110000100001011110110110101000010000101010101011011011110111011011011111010101100000100
110001011011110011100110000010111101000010000101010101011011011110111011011011111010101100000100
010101100110101001100001000010100000000010000101010101011011011110111011011011111010101100000100
000100000110011000011100001101101010000010000101010101011011011110111011011011111010101100000100
101110101000000001111001000010000001000010000101010101011011011110111011011011111010101100000100
010111110000000001101111101111011100000010000101010101011011011110111011011011111010101100000100
001100010000000000100101011011000100000010000101010101011011011110111011011011111010101100000100
010000001010010000011000101010011000000010000101010101011011011110111011011011111010101100000100
000001001010100110000001100001101101000010000101010101011011011110111011011011111010101100000100
110000101111100101000001001101111101000010000101010101011011011110111011011011111010101100000100
110111010110000001011101000001111111000010000101010101011011011110111011011011111010101100000100
111000110001010100101011011011100101000010000101010101011011011110111011011011111010101100000100
111111101100000101011000111011010101000010000101010101011011011110111011011011111010101100000100
010011100011111111001000000011010000000010000101010101011011011110111011011011111010101100000100
000111010110101011001111111010100001000010000101010101011011011110111011011011111010101100000100
110001111011011000110000010111010111000010000101010101011011011110111011011011111010101100000100
110110010101000101010100010101011110000010000101010101011011011110111011011011111010101100000100
001011101001111110111010110111010001000010000101010101011011011110111011011011111010101100000100
100000110111111001101000011111101000000010000101010101011011011110111011011011111010101100000100
010100001000000000000011101000011101000010000101010101011011011110111011011011111010101100000100
100000101011100111100111101011100101000010000101010101011011011110111011011011111010101100000100
101100001001100011100010010110011111000010000101010101011011011110111011011011111010101100000100
110101101100100100011011001010110110000010000101010101011011011110111011011011111010101100000100
010000000000100000010001100010111001000010000101010101011011011110111011011011111010101100000100
111001001110001000101001001111001010000010000101010101011011011110111011011011111010101100000100
011010001000000100000101111000000100000010000101010101011011011110111011011011111010101100000100
101100110011000110011001011011011000000010000101010101011011011110111011011011111010101100000100
111000001110000100010011100011101001000010000101010101011011011110111011011011111010101100000100
111101001011110100010001011100110111000010000101010101011011011110111011011011111010101100000100
110111000100111100100100100100001100000010000101010101011011011110111011011011111010101100000100
000000100101000000010011000011111100000010000101010101011011011110111011011011111010101100000100
101111001001100100001101010011010011000010000101010101011011011110111011011011111010101100000100
110000010011001111001111111101011000000010000101010101011011011110111011011011111010101100000100
100101110010000001100010111110000000000010000101010101011011011110111011011011111010101100000100
010011000010110111100011101011010110000010000101010101011011011110111011011011111010101100000100
110100110111010100000011101000110001000010000101010101011011011110111011011011111010101100000100
111101001010011100010110001001011001000010000101010101011011011110111011011011111010101100000100
111011010111101100001101100001000000000010000101010101011011011110111011011011111010101100000100
110110010001010101010110011101101000000010000101010101011011011110111011011011111010101100000100
010001101011100001010101000101010000000010000101010101011011011110111011011011111010101100000100
100101111000110101111100111101110001000010000101010101011011011110111011011011111010101100000100
101101110011000000001001101011110000000010000101010101011011011110111011011011111010101100000100
100100101011111111000100000000101111000010000101010101011011011110111011011011111010101100000100
011001100011100110000001001011100010000010000101010101011011011110111011011011111010101100000100
101001000011110000100010110010110110000010000101010101011011011110111011011011111010101100000100
110101100100111110001000001101111100000010000101010101011011011110111011011011111010101100000100
100001110111100000111011101111110010000010000101010101011011011110111011011011111010101100000100
101010110101011011001011110100110101000010000101010101011011011110111011011011111010101100000100
110010001100010001000100110111100010000010000101010101011011011110111011011011111010101100000100
000111000110100001110101011110001010000010000101010101011011011110111011011011111010101100000100
101000000000001111000110101011011001000010000101010101011011011110111011011011111010101100000100
000101110111100110001111100111100010000010000101010101011011011110111011011011111010101100000100
011100100010011011010010111101110100000010000101010101011011011110111011011011111010101100000100
001111111001100101100110011011111100000010000101010101011011011110111011011011111010101100000100
100000110001010100101101110011001100000010000101010101011011011110111011011011111010101100000100
111101101000110101101111001010000001000010000101010101011011011110111011011011111010101100000100
011010001010111000011110001100011111000010000101010101011011011110111011011011111010101100000100
101010111111000010110100010100000111000010000101010101011011011110111011011011111010101100000100
000101011010100100011111010111001100000010000101010101011011011110111011011011111010101100000100
010100101111001000000111011010110111000010000101010101011011011110111011011011111010101100000100
011100100011101101011100001100010010000010000101010101011011011110111011011011111010101100000100
111100111100011111110010000010111111000010000101010101011011011110111011011011111010101100000100
110100100111101100100110100011111001000010000101010101011011011110111011011011111010101100000100
010100011110010000011010001110101001000010000101010101011011011110111011011011111010101100000100
001011010110111001100000010101001010000010000101010101011011011110111011011011111010101100000100
010110000010110011011010101111110011000010000101010101011011011110111011011011111010101100000100
110011001000111010010101010011011100000010000101010101011011011110111011011011111010101100000100
011010000100011010100010100110100101000010000101010101011011011110111011011011111010101100000100
100000001110101101010000001111001111000010000101010101011011011110111011011011111010101100000100
011001100001000110000110001000110001000010000101010101011011011110111011011011111010101100000100
101011001010011101001010101011010011000010000101010101011011011110111011011011111010101100000100
110100100110100010110000100010110011000010000101010101011011011110111011011011111010101100000100
010011000110001000101101111101101100000010000101010101011011011110111011011011111010101100000100
111100111001000010010101101000010000000010000101010101011011011110111011011011111010101100000100
100110010101001000100011001000011000000010000101010101011011011110111011011011111010101100000100
010101110100101000110011111000010010000010000101010101011011011110111011011011111010101100000100
010101101011101101010011010000001011000010000101010101011011011110111011011011111010101100000100
000000111010000011101110110110010011000010000101010101011011011110111011011011111010101100000100
110011001010001001111010011010111001000010000101010101011011011110111011011011111010101100000100
010110111110111100101010000010001101000010000101010101011011011110111011011011111010101100000100
010111110100100000011101010111000111000010000101010101011011011110111011011011111010101100000100
010000110010100001001001000111101001000010000101010101011011011110111011011011111010101100000100
000111011101111111011111110011010100000010000101010101011011011110111011011011111010101100000100
100111000011010000010010100100000010000010000101010101011011011110111011011011111010101100000100
111000111000110101111010111111010010000010000101010101011011011110111011011011111010101100000100
001000110110110100011000111000111111000010000101010101011011011110111011011011111010101100000100
110110100101111000011000101100001110000010000101010101011011011110111011011011111010101100000100
010000011011100001100000111011110101000010000101010101011011011110111011011011111010101100000100
010010011101010101001001001111110101000010000101010101011011011110111011011011111010101100000100
111001101100010110000010010100100101000010000101010101011011011110111011011011111010101100000100
101011011010101001011110110110000010000010000101010101011011011110111011011011111010101100000100
111100000101011101001111010100010000000010000101010101011011011110111011011011111010101100000100
001001000110100010001111110101111010000010000101010101011011011110111011011011111010101100000100
001101101001000011011110001011111100000010000101010101011011011110111011011011111010101100000100
000100111100110101101100011111100111000010000101010101011011011110111011011011111010101100000100
000010101100100000110000010101011110000010000101010101011011011110111011011011111010101100000100
100111111011101001110000111001101000000010000101010101011011011110111011011011111010101100000100
010010100110011110100110000000000000000010000101010101011011011110111011011011111010101100000100
101000011111011101000000000010010010000010000101010101011011011110111011011011111010101100000100
010101011001001101111110110011110111000010000101010101011011011110111011011011111010101100000100
111100010000011000100000010110110111000010000101010101011011011110111011011011111010101100000100
111111101111100011011011101111110001000010000101010101011011011110111011011011111010101100000100
110011001101110101011111010111101011000010000101010101011011011110111011011011111010101100000100
101101101100001100110111010001100001000010000101010101011011011110111011011011111010101100000100
000001111010001010110100010000001010000010000101010101011011011110111011011011111010101100000100
100011100010100011110100110010110011000010000101010101011011011110111011011011111010101100000100
111111001011001110110111101000111000000010000101010101011011011110111011011011111010101100000100
101100111111010000001000010101101010000010000101010101011011011110111011011011111010101100000100
000011011010101011011111011000101111000010000101010101011011011110111011011011111010101100000100
010111001100100001000010110100101110000010000101010101011011011110111011011011111010101100000100
110101010111001011100111011100111101000010000101010101011011011110111011011011111010101100000100
000011111010110011011000011110111010000010000101010101011011011110111011011011111010101100000100
000110101101111101100000111010110001000010000101010101011011011110111011011011111010101100000100
010110000011111001011011000010010001000010000101010101011011011110111011011011111010101100000100
100100101111011001010100011010011010000010000101010101011011011110111011011011111010101100000100
001010101011011000100010001110010110000010000101010101011011011110111011011011111010101100000100
111111000001101001011000000000110000000010000101010101011011011110111011011011111010101100000100
111111111101101010001100010101110001000010000101010101011011011110111011011011111010101100000100
101011011011000011110110011110100001000010000101010101011011011110111011011011111010101100000100
010101111000001000000010001000101110000010000101010101011011011110111011011011111010101100000100
100011100001011100010011010111001111000010000101010101011011011110111011011011111010101100000100
110110101000100100101101010000010000000010000101010101011011011110111011011011111010101100000100
001010001001010101101000110011100100000010000101010101011011011110111011011011111010101100000100
110001010010110010101111110010111110000010000101010101011011011110111011011011111010101100000100
111001110111011011101100100101111110000010000101010101011011011110111011011011111010101100000100
011011010010001010010010100001001001000010000101010101011011011110111011011011111010101100000100
111111111101010011100001100001001110000010000101010101011011011110111011011011111010101100000100
001101011000101010000000111000110100000010000101010101011011011110111011011011111010101100000100
000001101010100000000011101011110111000010000101010101011011011110111011011011111010101100000100
101010111001111001010010110001111111000010000101010101011011011110111011011011111010101100000100
111011000000110110101000010000001110000010000101010101011011011110111011011011111010101100000100
110001000011000111010110111100100101000010000101010101011011011110111011011011111010101100000100
111101111011000000101001001111110100000010000101010101011011011110111011011011111010101100000100
111001000010100010010111010000111100000010000101010101011011011110111011011011111010101100000100
011010101001100101110110111001101100000010000101010101011011011110111011011011111010101100000100
101001111111010100010111100110011111000010000101010101011011011110111011011011111010101100000100
000000101101011000011100101001011101000010000101010101011011011110111011011011111010101100000100
100101100101111100001110111011011001000010000101010101011011011110111011011011111010101100000100
110100110000010011010010000101011011000010000101010101011011011110111011011011111010101100000100
100011111000101110010101000111111111000010000101010101011011011110111011011011111010101100000100
110000111101111011000110001001011000000010000101010101011011011110111011011011111010101100000100
100000100110010110010110100001100111000010000101010101011011011110111011011011111010101100000100
100101111011111010001100000110010000000010000101010101011011011110111011011011111010101100000100
101011000011110011100100001100110101000010000101010101011011011110111011011011111010101100000100
001110101010100101100011111000110101000010000101010101011011011110111011011011111010101100000100
011001111110000011011101011011001110000010000101010101011011011110111011011011111010101100000100
101110100011010100011101011101000000000010000101010101011011011110111011011011111010101100000100
101110000011100001100011110110000011000010000101010101011011011110111011011011111010101100000100
100111010101100101110110001111010000000010000101010101011011011110111011011011111010101100000100
011100110010110111010001011011101111000010000101010101011011011110111011011011111010101100000100
010101001001011100011111111001101110000010000101010101011011011110111011011011111010101100000100
000101111011000000101101111111001000000010000101010101011011011110111011011011111010101100000100
101111100011010101010001111110000010000010000101010101011011011110111011011011111010101100000100
100111100100001100110010111110010010000010000101010101011011011110111011011011111010101100000100
111111101101001001100010101110001000000010000101010101011011011110111011011011111010101100000100
101110011110100000000011100110100011000010000101010101011011011110111011011011111010101100000100
011110001011110001100111110101011010000010000101010101011011011110111011011011111010101100000100
010101100000110011110100011100010000000010000101010101011011011110111011011011111010101100000100
011010101000001011101001011001010011000010000101010101011011011110111011011011111010101100000100
011010111011011000001010110100001111000010000101010101011011011110111011011011111010101100000100
001011010011001100001101111111000000000010000101010101011011011110111011011011111010101100000100
100011111100010111111000100001000001000010000101010101011011011110111011011011111010101100000100
000010110001110010100010011100010101000010000101010101011011011110111011011011111010101100000100
100110011111101101000001111001101101000010000101010101011011011110111011011011111010101100000100
101011010010001000001111110111100001000010000101010101011011011110111011011011111010101100000100
001111111101001101100110110110011011000010000101010101011011011110111011011011111010101100000100
011011110110000010001010111111011101000010000101010101011011011110111011011011111010101100000100
000100111101110111101110110000000000000010000101010101011011011110111011011011111010101100000100
001111010100000101101110010010000100000010000101010101011011011110111011011011111010101100000100
001001101101001010100010011001110111000010000101010101011011011110111011011011111010101100000100
011010111110110011010000100011000010000010000101010101011011011110111011011011111010101100000100
010010001001010001101011001000111100000010000101010101011011011110111011011011111010101100000100
010110110011111111010100110101101101000010000101010101011011011110111011011011111010101100000100
110010001110111111011000011110111001000010000101010101011011011110111011011011111010101100000100
100111001111000011100111100010101100000010000101010101011011011110111011011011111010101100000100
111110100011010001111001100001111011000010000101010101011011011110111011011011111010101100000100
011001111110010001011010111010011100000010000101010101011011011110111011011011111010101100000100
001001000100001011111001000011010100000010000101010101011011011110111011011011111010101100000100
100101100110010010000001000001101010000010000101010101011011011110111011011011111010101100000100
101110111101110111100111010100100111000010000101010101011011011110111011011011111010101100000100
011011011011110101011011100010110010000010000101010101011011011110111011011011111010101100000100
110101111110101000101111000011110011000010000101010101011011011110111011011011111010101100000100
001011000000000011101110000110101101000010000101010101011011011110111011011011111010101100000100
001111010111111110100011101110001100000010000101010101011011011110111011011011111010101100000100
101011001000110111000111100101111101000010000101010101011011011110111011011011111010101100000100
000100001100001001000011101010001000000010000101010101011011011110111011011011111010101100000100
111111111101110110100001100101010011000010000101010101011011011110111011011011111010101100000100
101010100111100110000000100100001101000010000101010101011011011110111011011011111010101100000100
000111011000100011100010101110000011000010000101010101011011011110111011011011111010101100000100
011100100001101011001001001001011101000010000101010101011011011110111011011011111010101100000100
101001111010110011011001000100111111000010000101010101011011011110111011011011111010101100000100
011101101011101100001001100111111110000010000101010101011011011110111011011011111010101100000100
110110001100000000110100001110001100000010000101010101011011011110111011011011111010101100000100
100000011110100100011101110111100011000010000101010101011011011110111011011011111010101100000100
000011100011101011111010111001111110000010000101010101011011011110111011011011111010101100000100
000100000010001010011001101000000111000010000101010101011011011110111011011011111010101100000100
110010011101111001010001000000001101000010000101010101011011011110111011011011111010101100000100
110011111100100011001111000000011000000010000101010101011011011110111011011011111010101100000100
000000001111111001010111010010111100000010000101010101011011011110111011011011111010101100000100
111100111100010100011011001101101110000010000101010101011011011110111011011011111010101100000100
101011110011110000001001101010001010000010000101010101011011011110111011011011111010101100000100
010011100100001110001010011111101010000010000101010101011011011110111011011011111010101100000100
001011001101111000011111100011100101000010000101010101011011011110111011011011111010101100000100
111010011100110110110100000000111011000010000101010101011011011110111011011011111010101100000100
001000101101010001000001010000000111000010000101010101011011011110111011011011111010101100000100
110110100000101101100001000010011011000010000101010101011011011110111011011011111010101100000100
100110011111011011010101101101110110000010000101010101011011011110111011011011111010101100000100
011111000001010001011111011010010001000010000101010101011011011110111011011011111010101100000100
010101010000000000011100001111110101000010000101010101011011011110111011011011111010101100000100
101010100010110011111101010010000110000010000101010101011011011110111011011011111010101100000100
010001010101011001111001101111111111000010000101010101011011011110111011011011111010101100000100
011110000111110001100010000101100110000010000101010101011011011110111011011011111010101100000100
011101110100111000110011000100111000000010000101010101011011011110111011011011111010101100000100
100010101000101011000110111001111110000010000101010101011011011110111011011011111010101100000100
111001100111100100000000110100110111000010000101010101011011011110111011011011111010101100000100
101010110000110010110100011101000110000010000101010101011011011110111011011011111010101100000100
111111011001101011101010010000100010000010000101010101011011011110111011011011111010101100000100
111000111110111111111000111010000111000010000101010101011011011110111011011011111010101100000100
110100110011100101000000001111010100000010000101010101011011011110111011011011111010101100000100
111000010111111100010010111101110100000010000101010101011011011110111011011011111010101100000100
010111110001000100011110010011001001000010000101010101011011011110111011011011111010101100000100
001011110000010000110001010010011100000010000101010101011011011110111011011011111010101100000100
110101111110110010011100010100000100000010000101010101011011011110111011011011111010101100000100
011101111000101011010001100001101000000010000101010101011011011110111011011011111010101100000100
110001111010110000110100011110111000000010000101010101011011011110111011011011111010101100000100
110101101000011111111100000001110110000010000101010101011011011110111011011011111010101100000100
011101010100101011111111100011001011000010000101010101011011011110111011011011111010101100000100
001110111010110101011101101011111111000010000101010101011011011110111011011011111010101100000100
001011111011110111010010110011011101000010000101010101011011011110111011011011111010101100000100
001010010110001111101101010011000100000010000101010101011011011110111011011011111010101100000100
111011000001111000010111101101011111000010000101010101011011011110111011011011111010101100000100
111111011110001001001000001010000100000010000101010101011011011110111011011011111010101100000100
000001000110111110100100111000110101000010000101010101011011011110111011011011111010101100000100
000010001100100101110111101100101100000010000101010101011011011110111011011011111010101100000100
100001001110101101001000100000101100000010000101010101011011011110111011011011111010101100000100
010011000101111000111111010000111100000010000101010101011011011110111011011011111010101100000100
001101111111010010110000001001000000000010000101010101011011011110111011011011111010101100000100
000000110010001100110111101001111100000010000101010101011011011110111011011011111010101100000100
000011101110000101100100110100111001000010000101010101011011011110111011011011111010101100000100
100011010101111101100011111110100100000010000101010101011011011110111011011011111010101100000100
100010100011100101000100011010001011000010000101010101011011011110111011011011111010101100000100
100111001110111100001011010001011100000010000101010101011011011110111011011011111010101100000100
101010100110101101011100111110011001000010000101010101011011011110111011011011111010101100000100
110010001001011100110111011111101100000010000101010101011011011110111011011011111010101100000100
100011111010101010100111011001000111000010000101010101011011011110111011011011111010101100000100
000101101000011101000010011111100010000010000101010101011011011110111011011011111010101100000100
101100011100100110001110101010110101000010000101010101011011011110111011011011111010101100000100
111111100110110001011111110010100001000010000101010101011011011110111011011011111010101100000100
011111101100100110001000001011011010000010000101010101011011011110111011011011111010101100000100
100000101000110010000001100110001011000010000101010101011011011110111011011011111010101100000100
001111101100000000111000000101100001000010000101010101011011011110111011011011111010101100000100
001101101101111101011111100000010100000010000101010101011011011110111011011011111010101100000100
001100000100010100011000010000000101000010000101010101011011011110111011011011111010101100000100
110101101100101100010011100000101011000010000101010101011011011110111011011011111010101100000100
010100000101111011101001111011110000000010000101010101011011011110111011011011111010101100000100
110011000011011011111000101110110110000010000101010101011011011110111011011011111010101100000100
100000010101100011000000001011110111000010000101010101011011011110111011011011111010101100000100
011100001010101000000011111101111000000010000101010101011011011110111011011011111010101100000100
110110000010001010010101010110100011000010000101010101011011011110111011011011111010101100000100
010000010100001001111000001000000101000010000101010101011011011110111011011011111010101100000100
111000000100101000100101010010001001000010000101010101011011011110111011011011111010101100000100
011000100001111000010110110101000101000010000101010101011011011110111011011011111010101100000100
000011110101111110101110101001011101000010000101010101011011011110111011011011111010101100000100
111001100101010011100011011011010101000010000101010101011011011110111011011011111010101100000100
111101011000010001101000010000100110000010000101010101011011011110111011011011111010101100000100
011100111001000110001111001110000101000010000101010101011011011110111011011011111010101100000100
001001111011110100100100011111101000000010000101010101011011011110111011011011111010101100000100
010011100100001110111011011001000101000010000101010101011011011110111011011011111010101100000100
110000101011111100111101000010100010000010000101010101011011011110111011011011111010101100000100
011001000100100011011100101110001101000010000101010101011011011110111011011011111010101100000100
100000011011010110001000101001110100000010000101010101011011011110111011011011111010101100000100
010010100101001101011000110000101000000010000101010101011011011110111011011011111010101100000100
010001101001101000011000011001101100000010000101010101011011011110111011011011111010101100000100
111010100100010000010010000001000100000010000101010101011011011110111011011011111010101100000100
011100000000110000000000110001101001000010000101010101011011011110111011011011111010101100000100
111110101000000000011001000001010001000010000101010101011011011110111011011011111010101100000100
110011100111000101010010011000001011000010000101010101011011011110111011011011111010101100000100
110000100000111110101010000110000101000010000101010101011011011110111011011011111010101100000100
000100111011010011000111011011001111000010000101010101011011011110111011011011111010101100000100
111101001010000100110010111110001110000010000101010101011011011110111011011011111010101100000100
100011100010011110000110011011110000000010000101010101011011011110111011011011111010101100000100
101001101110100111101011100000000100000010000101010101011011011110111011011011111010101100000100
000100100010000010110000110100011011000010000101010101011011011110111011011011111010101100000100
111110011010101101110000111000101100000010000101010101011011011110111011011011111010101100000100
111100010001110110001100111101111000000010000101010101011011011110111011011011111010101100000100
001100110010010100100010101011100111000010000101010101011011011110111011011011111010101100000100
101010100010111001000101010001111110000010000101010101011011011110111011011011111010101100000100
111010001001101101100101000010100001000010000101010101011011011110111011011011111010101100000100
011000010011010001101111100001110111000010000101010101011011011110111011011011111010101100000100
010011000000111110101010110111010100000010000101010101011011011110111011011011111010101100000100
001011000111001100000111011101111110000010000101010101011011011110111011011011111010101100000100
100000010001100010000010110111110111000010000101010101011011011110111011011011111010101100000100
000000100000100011100110111100000100000010000101010101011011011110111011011011111010101100000100
101100010110110011011111100100101001000010000101010101011011011110111011011011111010101100000100
111010001101000001100101000000110001000010000101010101011011011110111011011011111010101100000100
011110110101000011000010010100001111000010000101010101011011011110111011011011111010101100000100
110001011001100100100101001010000011000010000101010101011011011110111011011011111010101100000100
110011000011000011010011110010110011000010000101010101011011011110111011011011111010101100000100
001001110101100100101101101110100100000010000101010101011011011110111011011011111010101100000100
111100101101110111111011001001111110000010000101010101011011011110111011011011111010101100000100
001000000011000001101011111110010101000010000101010101011011011110111011011011111010101100000100
100010011011101100000001011111110011000010000101010101011011011110111011011011111010101100000100
010000111100111101111001111101001010000010000101010101011011011110111011011011111010101100000100
100111001111000101110110100110101000000010000101010101011011011110111011011011111010101100000100
101011000101110000001111010100010011000010000101010101011011011110111011011011111010101100000100
010101011000010111010000100000101110000010000101010101011011011110111011011011111010101100000100
101101101100010010100010100110110101000010000101010101011011011110111011011011111010101100000100
000001101011001011011111001111001000000010000101010101011011011110111011011011111010101100000100
001100101010010011000010100110111101000010000101010101011011011110111011011011111010101100000100
001110101111101110001010101110111011000010000101010101011011011110111011011011111010101100000100
010000001010101111100001101100001000000010000101010101011011011110111011011011111010101100000100
010101110010101011011001110010010001000010000101010101011011011110111011011011111010101100000100
110001110101110101110010001100011000000010000101010101011011011110111011011011111010101100000100
010001110000101000011110010111110010000010000101010101011011011110111011011011111010101100000100
000010101010011101100001010111000101000010000101010101011011011110111011011011111010101100000100
010111110101100001111110011100001000000010000101010101011011011110111011011011111010101100000100
000100110101111100100100101000111011000010000101010101011011011110111011011011111010101100000100
000111010110101101011101111011010110000010000101010101011011011110111011011011111010101100000100
101101100001110111010100101100010101000010000101010101011011011110111011011011111010101100000100
101111101010001010000010000101010011000010000101010101011011011110111011011011111010101100000100
011101001101101000010001001001100100000010000101010101011011011110111011011011111010101100000100
110110000001111000110010000011100001000010000101010101011011011110111011011011111010101100000100
110111110011101110011110001000010101000010000101010101011011011110111011011011111010101100000100
000111101010111111010100000101110010000010000101010101011011011110111011011011111010101100000100
001001010010000111100001100000000011000010000101010101011011011110111011011011111010101100000100
110110111101110100011000100100100010000010000101010101011011011110111011011011111010101100000100
010011110000010100101111100111001010000010000101010101011011011110111011011011111010101100000100
011000001011011100110110010011000000000010000101010101011011011110111011011011111010101100000100
111000111110010101001101101001100000000010000101010101011011011110111011011011111010101100000100
100010101011001010111010100111001001000010000101010101011011011110111011011011111010101100000100
100010011011010101001000010100101100000010000101010101011011011110111011011011111010101100000100
011011100100101001110001000100101111000010000101010101011011011110111011011011111010101100000100
100111111100010101100001110101110010000010000101010101011011011110111011011011111010101100000100
111011100000001011111011101100001110000010000101010101011011011110111011011011111010101100000100
100101101100111101001000111000110110000010000101010101011011011110111011011011111010101100000100
010100100010110111110111110011101111000010000101010101011011011110111011011011111010101100000100
011101101011110101110101001100011111000010000101010101011011011110111011011011111010101100000100
001100011000011011011011111001100101000010000101010101011011011110111011011011111010101100000100
011001110011010000110101000111001111000010000101010101011011011110111011011011111010101100000100
100100101110100111010011101001111101000010000101010101011011011110111011011011111010101100000100
010110101111100011101101010110101101000010000101010101011011011110111011011011111010101100000100
111000100111110100101100001111001110000010000101010101011011011110111011011011111010101100000100
000111001100101111100000000000001101000010000101010101011011011110111011011011111010101100000100
001111101000100111001111100101010100000010000101010101011011011110111011011011111010101100000100
111111011100010111110011110000010101000010000101010101011011011110111011011011111010101100000100
000000111010001110110110011110110000000010000101010101011011011110111011011011111010101100000100
010000010101110011101110100110111001000010000101010101011011011110111011011011111010101100000100
100100111110101010011010110001011011000010000101010101011011011110111011011011111010101100000100
011111001111111000011101000001011001000010000101010101011011011110111011011011111010101100000100
000001000111111010100111101000111001000010000101010101011011011110111011011011111010101100000100
010101011010011100100000010001111000000010000101010101011011011110111011011011111010101100000100
110111010100101011101010000101101100000010000101010101011011011110111011011011111010101100000100
000000010111010011011101110110010001000010000101010101011011011110111011011011111010101100000100
100010111111111010000001110100010100000010000101010101011011011110111011011011111010101100000100
011100100001011101011001111001000100000010000101010101011011011110111011011011111010101100000100
000100101100001001010010110111011011000010000101010101011011011110111011011011111010101100000100
000111011111011111001001101000000001000010000101010101011011011110111011011011111010101100000100
001100010010101110010110011011110101000010000101010101011011011110111011011011111010101100000100
100110111001111010011111110000100001000010000101010101011011011110111011011011111010101100000100
011101110000110101100111101101101100000010000101010101011011011110111011011011111010101100000100
110100111010110010111101001100111100000010000101010101011011011110111011011011111010101100000100
110011000101111111011001111101001110000010000101010101011011011110111011011011111010101100000100
010101001000111101011110011100100010000010000101010101011011011110111011011011111010101100000100
011000101000010011100111010001011011000010000101010101011011011110111011011011111010101100000100
111111000111000100101101010010001010000010000101010101011011011110111011011011111010101100000100
101001010111111011101100100001001100000010000101010101011011011110111011011011111010101100000100
000001000110110111000100111111011110000010000101010101011011011110111011011011111010101100000100
100101001101111110100000111000110000000010000101010101011011011110111011011011111010101100000100
101010011110001001011100111100000011000010000101010101011011011110111011011011111010101100000100
001011111000101101011100000001000011000010000101010101011011011110111011011011111010101100000100
111100111011110010001011111010010010000010000101010101011011011110111011011011111010101100000100
100100011000111010000001111111111001000010000101010101011011011110111011011011111010101100000100
100001001000000000100100000100011001000010000101010101011011011110111011011011111010101100000100
011010101111010001111001101010100101000010000101010101011011011110111011011011111010101100000100
001010111000000000000011010010101011000010000101010101011011011110111011011011111010101100000100
101011000111011111101100011100100100000010000101010101011011011110111011011011111010101100000100
010101010110001011110101000111000000000010000101010101011011011110111011011011111010101100000100
110011101111000101110000000101100011000010000101010101011011011110111011011011111010101100000100
000110101110010110111011001100111111000010000101010101011011011110111011011011111010101100000100
001011000110100000101010101000110001000010000101010101011011011110111011011011111010101100000100
100011001111011100000011011110000101000010000101010101011011011110111011011011111010101100000100
111010110101011111110100100000000100000010000101010101011011011110111011011011111010101100000100
110010111111100100011011000000010010000010000101010101011011011110111011011011111010101100000100
110010111100101111011000010011010011000010000101010101011011011110111011011011111010101100000100
100110110010010011100111001011110101000010000101010101011011011110111011011011111010101100000100
011101001110101011001111011101000000000010000101010101011011011110111011011011111010101100000100
011000010011110000001001000111101000000010000101010101011011011110111011011011111010101100000100
001110010001000111011010111011100111000010000101010101011011011110111011011011111010101100000100
010011100000111111111001101001010101000010000101010101011011011110111011011011111010101100000100
001010101110011101001100011110100010000010000101010101011011011110111011011011111010101100000100
011001111110101101100110011001000010000010000101010101011011011110111011011011111010101100000100
011100110100011100000100110100101100000010000101010101011011011110111011011011111010101100000100
101101001110100111001000101010100101000010000101010101011011011110111011011011111010101100000100
101101101000000110100111001110101110000010000101010101011011011110111011011011111010101100000100
000010111000001011010110111000111011000010000101010101011011011110111011011011111010101100000100
101010111110100111001101010111101111000010000101010101011011011110111011011011111010101100000100
100111011100100111010000001101011111000010000101010101011011011110111011011011111010101100000100
010011001000010011111110110100000110000010000101010101011011011110111011011011111010101100000100
110110000001110010000000101000011101000010000101010101011011011110111011011011111010101100000100
011001110111000100011011110011000011000010000101010101011011011110111011011011111010101100000100
111010101000110001010101100110001101000010000101010101011011011110111011011011111010101100000100
010011011100010100010101000000101100000010000101010101011011011110111011011011111010101100000100
100000000100101110100111001001100001000010000101010101011011011110111011011011111010101100000100
101100010011000011010001110111100100000010000101010101011011011110111011011011111010101100000100
000000101101110011101101011010110101000010000101010101011011011110111011011011111010101100000100
001110001001101011110011000110101100000010000101010101011011011110111011011011111010101100000100
001011000010011011101000000000000011000010000101010101011011011110111011011011111010101100000100
111110011101100101001010010001001011000010000101010101011011011110111011011011111010101100000100
111101010111111010000101111111110100000010000101010101011011011110111011011011111010101100000100
110100011000110010111001101010110111000010000101010101011011011110111011011011111010101100000100
100110100111001101110101001110100111000010000101010101011011011110111011011011111010101100000100
011010010011011000100101001000001010000010000101010101011011011110111011011011111010101100000100
000111000011011000001011000011010001000010000101010101011011011110111011011011111010101100000100
010010010111111100010110110000010100000010000101010101011011011110111011011011111010101100000100
101100010100101011010110101100100101000010000101010101011011011110111011011011111010101100000100
011010100100111101110010111011111100000010000101010101011011011110111011011011111010101100000100
000110110101000000101001110110010000000010000101010101011011011110111011011011111010101100000100
100010101110101111101000001010001110000010000101010101011011011110111011011011111010101100000100
111001000101110110101101000011100001000010000101010101011011011110111011011011111010101100000100
000111010101010000001000000010110010000010000101010101011011011110111011011011111010101100000100
010111101111001110000101000000010000000010000101010101011011011110111011011011111010101100000100
001110111110100001100110000000011100000010000101010101011011011110111011011011111010101100000100
101001101001000001000001110001100011000010000101010101011011011110111011011011111010101100000100
101111100011001100001100110100101001000010000101010101011011011110111011011011111010101100000100
011101000010010110000110110110010011000010000101010101011011011110111011011011111010101100000100
100111000110111011111101101001010001000010000101010101011011011110111011011011111010101100000100
100101110010001001100110011111001100000010000101010101011011011110111011011011111010101100000100
101011100011100001000111110110000111000010000101010101011011011110111011011011111010101100000100
000100000001100001011011010100011001000010000101010101011011011110111011011011111010101100000100
100001101110100101010111110010111011000010000101010101011011011110111011011011111010101100000100
110011010111110010100000101001011101000010000101010101011011011110111011011011111010101100000100
011101010011101111111000110101101001000010000101010101011011011110111011011011111010101100000100
111010000100101110011010000000110110000010000101010101011011011110111011011011111010101100000100
010001000110010111000101001010110011000010000101010101011011011110111011011011111010101100000100
101011100100001101111101011010111111000010000101010101011011011110111011011011111010101100000100
010000011011111101111111101000101011000010000101010101011011011110111011011011111010101100000100
011111100001101000111010111010101111000010000101010101011011011110111011011011111010101100000100
101001011101000011110100111011100111000010000101010101011011011110111011011011111010101100000100
001000111010111000010000101111101010000010000101010101011011011110111011011011111010101100000100
110111001000000010110111000000011100000010000101010101011011011110111011011011111010101100000100
001011001101001110000101101111010010000010000101010101011011011110111011011011111010101100000100
001101010110111000100100000000110100000010000101010101011011011110111011011011111010101100000100
000110101111001000001101011011010000000010000101010101011011011110111011011011111010101100000100
111110101010100011101100110011011110000010000101010101011011011110111011011011111010101100000100
001100111100110100100111110101001001000010000101010101011011011110111011011011111010101100000100
110111111010010010100001011100111101000010000101010101011011011110111011011011111010101100000100
000101110000111111010101110101100100000010000101010101011011011110111011011011111010101100000100
100110100000000001010000100001011011000010000101010101011011011110111011011011111010101100000100
011101110000011100010001101100111110000010000101010101011011011110111011011011111010101100000100
010011101000111110001000111010101000000010000101010101011011011110111011011011111010101100000100
010010010000100011101011011101101111000010000101010101011011011110111011011011111010101100000100
001110110101000000100100101110011111000010000101010101011011011110111011011011111010101100000100
000010011101100111001110000110000011000010000101010101011011011110111011011011111010101100000100
110110111000001100011100101011110101000010000101010101011011011110111011011011111010101100000100
110000011000010011001000111101010001000010000101010101011011011110111011011011111010101100000100
110000000111010000110010101001110111000010000101010101011011011110111011011011111010101100000100
000101011000100110000100111110010001000010000101010101011011011110111011011011111010101100000100
011111000011000100001001000000110010000010000101010101011011011110111011011011111010101100000100
001001100010010100001010001100110101000010000101010101011011011110111011011011111010101100000100
101101010000001000101000110101011001000010000101010101011011011110111011011011111010101100000100
101100000011111001001011110011101110000010000101010101011011011110111011011011111010101100000100
000111101001101000001011110001011100000010000101010101011011011110111011011011111010101100000100
110100110000011010011001011101111001000010000101010101011011011110111011011011111010101100000100
100011010011010111111100111000101010000010000101010101011011011110111011011011111010101100000100
100110110111011000011011010001101010000010000101010101011011011110111011011011111010101100000100
000011010100010100100110110110001001000010000101010101011011011110111011011011111010101100000100
011110010110101000011110100010010000000010000101010101011011011110111011011011111010101100000100
110000011011110111100100000010010101000010000101010101011011011110111011011011111010101100000100
001111100101001001110100010110000110000010000101010101011011011110111011011011111010101100000100
000000001110010101111001101111011011000010000101010101011011011110111011011011111010101100000100
011110110000111101110101011000000110000010000101010101011011011110111011011011111010101100000100
000000111010111101001100001010110100000010000101010101011011011110111011011011111010101100000100
110000111101000100010011010110011000000010000101010101011011011110111011011011111010101100000100
010100100011110110010111110101000111000010000101010101011011011110111011011011111010101100000100
111010101001001010011110101011011101000010000101010101011011011110111011011011111010101100000100
111000010101110001011111011011001001000010000101010101011011011110111011011011111010101100000100
010001111010111111101011011100001100000010000101010101011011011110111011011011111010101100000100
000100101110101001011101101101001101000010000101010101011011011110111011011011111010101100000100
000011110001010101000011100111001011000010000101010101011011011110111011011011111010101100000100
100001010000010010000111010111110010000010000101010101011011011110111011011011111010101100000100
000000010000100100101100010111000110000010000101010101011011011110111011011011111010101100000100
101010111100000100011011110010000001000010000101010101011011011110111011011011111010101100000100
110010001011011110100100100100111001000010000101010101011011011110111011011011111010101100000100
010101001000100110010001000001101011000010000101010101011011011110111011011011111010101100000100
100100101011111010100101000010000000000010000101010101011011011110111011011011111010101100000100
010100000100010001101010010010111111000010000101010101011011011110111011011011111010101100000100
011110000000111010000010111001111111000010000101010101011011011110111011011011111010101100000100
011100100111011111011100101101010000000010000101010101011011011110111011011011111010101100000100
010001111101111100111011111001000010000010000101010101011011011110111011011011111010101100000100
110000101011101010101000000100000100000010000101010101011011011110111011011011111010101100000100
100010110100000110000111001100101011000010000101010101011011011110111011011011111010101100000100
011111100111010011111001110110000001000010000101010101011011011110111011011011111010101100000100
010111110110011011000011001100000100000010000101010101011011011110111011011011111010101100000100
011011111010100011100001110111111010000010000101010101011011011110111011011011111010101100000100
101000001001011010010111100101101100000010000101010101011011011110111011011011111010101100000100
010001001101101001111000111110111011000010000101010101011011011110111011011011111010101100000100
010011010010001111111101011001000011000010000101010101011011011110111011011011111010101100000100
111110001011010111111000110000000111000010000101010101011011011110111011011011111010101100000100
011100110011011011110100101000000011000010000101010101011011011110111011011011111010101100000100
001110011000000000010010101000101110000010000101010101011011011110111011011011111010101100000100
001110110110100011111101001101010010000010000101010101011011011110111011011011111010101100000100
010101110011101111110100000010101010000010000101010101011011011110111011011011111010101100000100
100001000110100011001001101101101111000010000101010101011011011110111011011011111010101100000100
110000101100011000110000101010000000000010000101010101011011011110111011011011111010101100000100
110001100010001010100100010111000110000010000101010101011011011110111011011011111010101100000100
101011111110110010000011101111001111000010000101010101011011011110111011011011111010101100000100
000111000011101000111111110011010110000010000101010101011011011110111011011011111010101100000100
110100000000111100101111000001000001000010000101010101011011011110111011011011111010101100000100
011011111101000001001101101001001111000010000101010101011011011110111011011011111010101100000100
001000001011111011001111111011001000000010000101010101011011011110111011011011111010101100000100
101110111010010001100010111111110101000010000101010101011011011110111011011011111010101100000100
100000011100010011011111010101001111000010000101010101011011011110111011011011111010101100000100
101101110001110110101000110000000001000010000101010101011011011110111011011011111010101100000100
110100011110110010011111011000001111000010000101010101011011011110111011011011111010101100000100
111010100010110010010101101011011110000010000101010101011011011110111011011011111010101100000100
001010100100101010000010100101110011000010000101010101011011011110111011011011111010101100000100
100010000010100110100000001001111110000010000101010101011011011110111011011011111010101100000100
001000010001100010100101100111111001000010000101010101011011011110111011011011111010101100000100
111001011111011101111100011110100011000010000101010101011011011110111011011011111010101100000100
111010110000011000011110110010110101000010000101010101011011011110111011011011111010101100000100
100001110011011011010111000010100100000010000101010101011011011110111011011011111010101100000100
010001110001000011011110001110101111000010000101010101011011011110111011011011111010101100000100
110000010100000001111001111111011101000010000101010101011011011110111011011011111010101100000100
111010001010010101101000011111010100000010000101010101011011011110111011011011111010101100000100
000001000000000110110100110010110111000010000101010101011011011110111011011011111010101100000100
110011000001101000100010111010011001000010000101010101011011011110111011011011111010101100000100
100111010111011111000000001001110100000010000101010101011011011110111011011011111010101100000100
000101110100001111111111011010100101000010000101010101011011011110111011011011111010101100000100
110011100110101010111110000011001000000010000101010101011011011110111011011011111010101100000100
000010001111010100111011101001001111000010000101010101011011011110111011011011111010101100000100
110001101001111000111101001100001001000010000101010101011011011110111011011011111010101100000100
001011100101101011111000110010010000000010000101010101011011011110111011011011111010101100000100
011000010101010101110110001011011101000010000101010101011011011110111011011011111010101100000100
111111010000001000110001111101001110000010000101010101011011011110111011011011111010101100000100
010001101001001011001111100011010011000010000101010101011011011110111011011011111010101100000100
011111111100010010110011100001011100000010000101010101011011011110111011011011111010101100000100
100011111111100111110110001001000011000010000101010101011011011110111011011011111010101100000100
001101000100011111100010110100101100000010000101010101011011011110111011011011111010101100000100
000001001111001110000000111010011111000010000101010101011011011110111011011011111010101100000100
011111100011111011111101000000111011000010000101010101011011011110111011011011111010101100000100
000010001000111110010110101011000001000010000101010101011011011110111011011011111010101100000100
000000001100011011101001100100110110000010000101010101011011011110111011011011111010101100000100
111000101000101010101011011111011010000010000101010101011011011110111011011011111010101100000100
110101111000100110011011010100101001000010000101010101011011011110111011011011111010101100000100
010100111011010111110000001111101100000010000101010101011011011110111011011011111010101100000100
001101000000110000001001000011101100000010000101010101011011011110111011011011111010101100000100
100110001000010001010110011001001100000010000101010101011011011110111011011011111010101100000100
111110110011000100000100111010011001000010000101010101011011011110111011011011111010101100000100
010110010110100010000011101100010001000010000101010101011011011110111011011011111010101100000100
101010100001000110110011110001000101000010000101010101011011011110111011011011111010101100000100
010110010101011101111101010111001010000010000101010101011011011110111011011011111010101100000100
000000000101110010110001110110001101000010000101010101011011011110111011011011111010101100000100
001001111001111000100000111000101011000010000101010101011011011110111011011011111010101100000100
000001011101101100011010110010101000000010000101010101011011011110111011011011111010101100000100
111100001100010011111101111001010001000010000101010101011011011110111011011011111010101100000100
100100110001011100011010011001001011000010000101010101011011011110111011011011111010101100000100
111001110110111100110010011110110011000010000101010101011011011110111011011011111010101100000100
000011111111010000100101011110110101000010000101010101011011011110111011011011111010101100000100
000000110010100101111011001100001101000010000101010101011011011110111011011011111010101100000100
100111111110111010001111011101001100000010000101010101011011011110111011011011111010101100000100
011001110000110001100011100001001001000010000101010101011011011110111011011011111010101100000100
010101101101101001110010110111110101000010000101010101011011011110111011011011111010101100000100
100110111000000101100101000010110111000010000101010101011011011110111011011011111010101100000100
001000001100110100100010100111011110000010000101010101011011011110111011011011111010101100000100
110000010110101101110010100101001101000010000101010101011011011110111011011011111010101100000100
000001110100101000000100110110011101000010000101010101011011011110111011011011111010101100000100
100010100111110011000010110000101111000010000101010101011011011110111011011011111010101100000100
100100001001001010100101110011111010000010000101010101011011011110111011011011111010101100000100
101111110110000001100001101101110111000010000101010101011011011110111011011011111010101100000100
101110110001101101000101010010000010000010000101010101011011011110111011011011111010101100000100
110001100011000001000000011001000001000010000101010101011011011110111011011011111010101100000100
100111000110101110010111100100100100000010000101010101011011011110111011011011111010101100000100
000100001010111010010011000001001000000010000101010101011011011110111011011011111010101100000100
101010101000111100100110011000000111000010000101010101011011011110111011011011111010101100000100
000000110100111010010100001101000011000010000101010101011011011110111011011011111010101100000100
111011100111110011110010101100100111000010000101010101011011011110111011011011111010101100000100
100111010001101011011000010010001101000010000101010101011011011110111011011011111010101100000100
110011110110010100100001100000101110000010000101010101011011011110111011011011111010101100000100
001100010010011011111110011100110100000010000101010101011011011110111011011011111010101100000100
101111001010111111110100001001001011000010000101010101011011011110111011011011111010101100000100
001001001101010010000101001110001000000010000101010101011011011110111011011011111010101100000100
000001011111011110010101110011101001000010000101010101011011011110111011011011111010101100000100
101100001000110101100110100010100100000010000101010101011011011110111011011011111010101100000100
010000101101011010011110111110011110000010000101010101011011011110111011011011111010101100000100
110101010001110110000100111010000000000010000101010101011011011110111011011011111010101100000100
001100100101010100001111000101001100000010000101010101011011011110111011011011111010101100000100
011101000101001001100101111101000101000010000101010101011011011110111011011011111010101100000100
001000100111011010110101110100010010000010000101010101011011011110111011011011111010101100000100
110011101111000011001111101100110110000010000101010101011011011110111011011011111010101100000100
101100100000010010111001111010100010000010000101010101011011011110111011011011111010101100000100
001100111100110111110111110110111011000010000101010101011011011110111011011011111010101100000100
010000001001110111000010101010100110000010000101010101011011011110111011011011111010101100000100
011101110001101101110000010110011010000010000101010101011011011110111011011011111010101100000100
011001100011011100111011001000010111000010000101010101011011011110111011011011111010101100000100
110001001111010111001111011000011110000010000101010101011011011110111011011011111010101100000100
010000101010010010010000001110110111000010000101010101011011011110111011011011111010101100000100
010110000110110100110101101101100110000010000101010101011011011110111011011011111010101100000100
001010001010011111001100011101100001000010000101010101011011011110111011011011111010101100000100
001111000000010110100010010111110011000010000101010101011011011110111011011011111010101100000100
100001110100110101100010111011110001000010000101010101011011011110111011011011111010101100000100
011101010001001100000110011011101010000010000101010101011011011110111011011011111010101100000100
011111011010011010001001011000001100000010000101010101011011011110111011011011111010101100000100
000000011011100011011111111010011101000010000101010101011011011110111011011011111010101100000100
000011001100101101000100101110010110000010000101010101011011011110111011011011111010101100000100
011001101001011010001010001000101110000010000101010101011011011110111011011011111010101100000100
100101111101000011000001000100010010000010000101010101011011011110111011011011111010101100000100
110011000111000011100001100001000101000010000101010101011011011110111011011011111010101100000100
100111100001010101010100000010111110000010000101010101011011011110111011011011111010101100000100
000000110011000100001011100001001001000010000101010101011011011110111011011011111010101100000100
100000010100010011100011010011111001000010000101010101011011011110111011011011111010101100000100
011100100011111011000011101100100001000010000101010101011011011110111011011011111010101100000100
001011010101111100100011000111110100000010000101010101011011011110111011011011111010101100000100
111100111001010100001111110110011110000010000101010101011011011110111011011011111010101100000100
000111010110001101100111100111001000000010000101010101011011011110111011011011111010101100000100
000001101100100110000111110101000101000010000101010101011011011110111011011011111010101100000100
010011001101110001101101010111010001000010000101010101011011011110111011011011111010101100000100
101001000111011010101011100100001110000010000101010101011011011110111011011011111010101100000100
000011110001110111010001001100111110000010000101010101011011011110111011011011111010101100000100
001011011000110010111001101000010110000010000101010101011011011110111011011011111010101100000100
010011001110000001110011110100001100000010000101010101011011011110111011011011111010101100000100
100101101011000001111001001110000010000010000101010101011011011110111011011011111010101100000100
000011110011100110110100101011010000000010000101010101011011011110111011011011111010101100000100
001011010111000111110111101101100011000010000101010101011011011110111011011011111010101100000100
100010000000001111010010000101001000000010000101010101011011011110111011011011111010101100000100
100011001110011101110110111000001110000010000101010101011011011110111011011011111010101100000100
001001110011100000110110111000101100000010000101010101011011011110111011011011111010101100000100
111111000011110100111100111011111011000010000101010101011011011110111011011011111010101100000100
001010001001101011110010000001101100000010000101010101011011011110111011011011111010101100000100
001110111010000111111111101011001110000010000101010101011011011110111011011011111010101100000100
100000110010100000100000011011010111000010000101010101011011011110111011011011111010101100000100
001100001111010111101111001010111100000010000101010101011011011110111011011011111010101100000100
111100100110001011111100001111110000000010000101010101011011011110111011011011111010101100000100
111010011000101111111111000111000011000010000101010101011011011110111011011011111010101100000100
101110010111111001110010000111011011000010000101010101011011011110111011011011111010101100000100
001100001010111100001000100111100000000010000101010101011011011110111011011011111010101100000100
100100011011011000010111010001011101000010000101010101011011011110111011011011111010101100000100
