100111101010001011010100110101100000000000000000000000000000000000000000000000010110011111001101
100111101010001011010100110101100000000000000000000000000000000000000000000000100010111100100100
100111101010001011010100110101100000000000000000000000000000000000000000000000010100100001011111
100111101010001011010100110101100000000000000000000000000000000000000000000000010101011010110000
100111101010001011010100110101100000000000000000000000000000000000000000000000100011001010011110
100111101010001011010100110101100000000000000000000000000000000000000000000000001000000010100101
100111101010001011010100110101100000000000000000000000000000000000000000000000100001001101101110
100111101010001011010100110101100000000000000000000000000000000000000000000000101100111010000110
100111101010001011010100110101100000000000000000000000000000000000000000000000001111111111110111
100111101010001011010100110101100000000000000000000000000000000000000000000000001011010011011000
100111101010001011010100110101100000000000000000000000000000000000000000000000011001111101001011
100111101010001011010100110101100000000000000000000000000000000000000000000000011101101010010101
100111101010001011010100110101100000000000000000000000000000000000000000000000011111110100010010
100111101010001011010100110101100000000000000000000000000000000000000000000000001100111111011011
100111101010001011010100110101100000000000000000000000000000000000000000000000011100110010010111
100111101010001011010100110101100000000000000000000000000000000000000000000000100101100001111101
100111101010001011010100110101100000000000000000000000000000000000000000000000001101011000101010
100111101010001011010100110101100000000000000000000000000000000000000000000000100101000011010110
100111101010001011010100110101100000000000000000000000000000000000000000000000100110111101111110
100111101010001011010100110101100000000000000000000000000000000000000000000000101101100100000110
100111101010001011010100110101100000000000000000000000000000000000000000000000001001110101011000
100111101010001011010100110101100000000000000000000000000000000000000000000000101111000001001000
100111101010001011010100110101100000000000000000000000000000000000000000000001000011110000001110
100111101010001011010100110101100000000000000000000000000000000000000000000000111101100111111000
100111101010001011010100110101100000000000000000000000000000000000000000000000010010010010010011
100111101010001011010100110101100000000000000000000000000000000000000000000000100011010000100000
100111101010001011010100110101100000000000000000000000000000000000000000000000010100001000011101
100111101010001011010100110101100000000000000000000000000000000000000000000000000101000111100000
100111101010001011010100110101100000000000000000000000000000000000000000000001000100001011110001
100111101010001011010100110101100000000000000000000000000000000000000000000000100010011101000001
100111101010001011010100110101100000000000000000000000000000000000000000000000001000010000100111
100111101010001011010100110101100000000000000000000000000000000000000000000000010111011110011000
100111101010001011010100110101100000000000000000000000000000000000000000000000000011111100101011
100111101010001011010100110101100000000000000000000000000000000000000000000001000100000011000110
100111101010001011010100110101100000000000000000000000000000000000000000000000110101110100100101
100111101010001011010100110101100000000000000000000000000000000000000000000001001000010011011101
100111101010001011010100110101100000000000000000000000000000000000000000000000101101111111101010
100111101010001011010100110101100000000000000000000000000000000000000000000000011000001010101111
100111101010001011010100110101100000000000000000000000000000000000000000000000100011101000000011
100111101010001011010100110101100000000000000000000000000000000000000000000000010011111100100000
100111101010001011010100110101100000000000000000000000000000000000000000000000011001001110010101
100111101010001011010100110101100000000000000000000000000000000000000000000000101111110110010100
100111101010001011010100110101100000000000000000000000000000000000000000000001000100111010111100
100111101010001011010100110101100000000000000000000000000000000000000000000000111011000000001011
100111101010001011010100110101100000000000000000000000000000000000000000000000011011010011110111
100111101010001011010100110101100000000000000000000000000000000000000000000001001001000110000011
100111101010001011010100110101100000000000000000000000000000000000000000000000111100010011010100
100111101010001011010100110101100000000000000000000000000000000000000000000000101110001001011111
100111101010001011010100110101100000000000000000000000000000000000000000000000010110001100011001
100111101010001011010100110101100000000000000000000000000000000000000000000000010101111011000000
100111101010001011010100110101100000000000000000000000000000000000000000000000001001000111101111
100111101010001011010100110101100000000000000000000000000000000000000000000000011001101110011101
100111101010001011010100110101100000000000000000000000000000000000000000000000000001001011111111
100111101010001011010100110101100000000000000000000000000000000000000000000000000010100001110011
100111101010001011010100110101100000000000000000000000000000000000000000000000101000101001111010
100111101010001011010100110101100000000000000000000000000000000000000000000001000011111000100111
100111101010001011010100110101100000000000000000000000000000000000000000000000001011000011101001
100111101010001011010100110101100000000000000000000000000000000000000000000000010110101100010010
100111101010001011010100110101100000000000000000000000000000000000000000000000010111101111110110
100111101010001011010100110101100000000000000000000000000000000000000000000000010010111000010010
100111101010001011010100110101100000000000000000000000000000000000000000000000000010011001010000
100111101010001011010100110101100000000000000000000000000000000000000000000000110100011100000100
100111101010001011010100110101100000000000000000000000000000000000000000000000011100001101101100
100111101010001011010100110101100000000000000000000000000000000000000000000000010110011001011001
100111101010001011010100110101100000000000000000000000000000000000000000000000111100011111001111
100111101010001011010100110101100000000000000000000000000000000000000000000000000100101011000011
100111101010001011010100110101100000000000000000000000000000000000000000000000100100011011110110
100111101010001011010100110101100000000000000000000000000000000000000000000001000100000100010011
100111101010001011010100110101100000000000000000000000000000000000000000000000000101001110101000
100111101010001011010100110101100000000000000000000000000000000000000000000000001110100111000100
100111101010001011010100110101100000000000000000000000000000000000000000000000010011000010101110
100111101010001011010100110101100000000000000000000000000000000000000000000000001100101001000010
100111101010001011010100110101100000000000000000000000000000000000000000000000111101110001100111
100111101010001011010100110101100000000000000000000000000000000000000000000000101100101010110100
100111101010001011010100110101100000000000000000000000000000000000000000000000000101111000101011
100111101010001011010100110101100000000000000000000000000000000000000000000001000111110000010100
100111101010001011010100110101100000000000000000000000000000000000000000000000000100111011101101
100111101010001011010100110101100000000000000000000000000000000000000000000000001001111110011101
100111101010001011010100110101100000000000000000000000000000000000000000000000001101011110000110
100111101010001011010100110101100000000000000000000000000000000000000000000000010111111011001000
100111101010001011010100110101100000000000000000000000000000000000000000000000011101111111111100
100111101010001011010100110101100000000000000000000000000000000000000000000000000011000000100000
100111101010001011010100110101100000000000000000000000000000000000000000000000100000110001110000
100111101010001011010100110101100000000000000000000000000000000000000000000000110101101101000000
100111101010001011010100110101100000000000000000000000000000000000000000000000011110001011111001
100111101010001011010100110101100000000000000000000000000000000000000000000000000011100101100000
100111101010001011010100110101100000000000000000000000000000000000000000000000101010110101001110
100111101010001011010100110101100000000000000000000000000000000000000000000000010001101001101010
100111101010001011010100110101100000000000000000000000000000000000000000000000100000100101111000
100111101010001011010100110101100000000000000000000000000000000000000000000000010001100011110000
100111101010001011010100110101100000000000000000000000000000000000000000000000111111000100000010
100111101010001011010100110101100000000000000000000000000000000000000000000001000010000100010000
100111101010001011010100110101100000000000000000000000000000000000000000000000100000010110010001
100111101010001011010100110101100000000000000000000000000000000000000000000000111000110011110000
100111101010001011010100110101100000000000000000000000000000000000000000000000000001111101100011
100111101010001011010100110101100000000000000000000000000000000000000000000000000111001110001010
100111101010001011010100110101100000000000000000000000000000000000000000000000101101101111011011
100111101010001011010100110101100000000000000000000000000000000000000000000000010011101011000100
100111101010001011010100110101100000000000000000000000000000000000000000000000001111101100011000
100111101010001011010100110101100000000000000000000000000000000000000000000001000100101011010001
100111101010001011010100110101100000000000000000000000000000000000000000000000100110100010101000
100111101010001011010100110101100000000000000000000000000000000000000000000000100110101100000100
100111101010001011010100110101100000000000000000000000000000000000000000000001000011101100100110
100111101010001011010100110101100000000000000000000000000000000000000000000000101011010010010100
100111101010001011010100110101100000000000000000000000000000000000000000000001000000111110111000
100111101010001011010100110101100000000000000000000000000000000000000000000000001100010000011001
100111101010001011010100110101100000000000000000000000000000000000000000000000110110111111000010
100111101010001011010100110101100000000000000000000000000000000000000000000000010000010100010001
100111101010001011010100110101100000000000000000000000000000000000000000000000110001100111000110
100111101010001011010100110101100000000000000000000000000000000000000000000000010000011111111110
100111101010001011010100110101100000000000000000000000000000000000000000000000110010011000010111
100111101010001011010100110101100000000000000000000000000000000000000000000000011100100000010100
100111101010001011010100110101100000000000000000000000000000000000000000000001001000011110100100
100111101010001011010100110101100000000000000000000000000000000000000000000000111100100101101000
100111101010001011010100110101100000000000000000000000000000000000000000000001000010111010011000
100111101010001011010100110101100000000000000000000000000000000000000000000000100010000001110000
100111101010001011010100110101100000000000000000000000000000000000000000000000101000101011111001
100111101010001011010100110101100000000000000000000000000000000000000000000000100011001100110000
100111101010001011010100110101100000000000000000000000000000000000000000000000111010100100011110
100111101010001011010100110101100000000000000000000000000000000000000000000000010110001100110101
100111101010001011010100110101100000000000000000000000000000000000000000000000001111111110111111
100111101010001011010100110101100000000000000000000000000000000000000000000000111010110111101111
100111101010001011010100110101100000000000000000000000000000000000000000000000101010011011100001
100111101010001011010100110101100000000000000000000000000000000000000000000000100010011111111010
100111101010001011010100110101100000000000000000000000000000000000000000000000100110000000111101
100111101010001011010100110101100000000000000000000000000000000000000000000001000011011110111100
100111101010001011010100110101100000000000000000000000000000000000000000000000001010011010010001
100111101010001011010100110101100000000000000000000000000000000000000000000000000100000110100100
100111101010001011010100110101100000000000000000000000000000000000000000000001000111000011000000
100111101010001011010100110101100000000000000000000000000000000000000000000001000011001000001101
100111101010001011010100110101100000000000000000000000000000000000000000000001000011000110011100
100111101010001011010100110101100000000000000000000000000000000000000000000000010000101111001011
100111101010001011010100110101100000000000000000000000000000000000000000000000111101111110100011
100111101010001011010100110101100000000000000000000000000000000000000000000000010110001110111000
100111101010001011010100110101100000000000000000000000000000000000000000000000111001100101001001
100111101010001011010100110101100000000000000000000000000000000000000000000000100010010001110100
100111101010001011010100110101100000000000000000000000000000000000000000000000111110111010000011
100111101010001011010100110101100000000000000000000000000000000000000000000000001001001110101111
100111101010001011010100110101100000000000000000000000000000000000000000000000001011001001101101
100111101010001011010100110101100000000000000000000000000000000000000000000000100001110000000100
100111101010001011010100110101100000000000000000000000000000000000000000000000010101100101111100
100111101010001011010100110101100000000000000000000000000000000000000000000000100011100100110111
100111101010001011010100110101100000000000000000000000000000000000000000000000110000000001111000
100111101010001011010100110101100000000000000000000000000000000000000000000000110111001101101110
100111101010001011010100110101100000000000000000000000000000000000000000000000000000111101010001
100111101010001011010100110101100000000000000000000000000000000000000000000000101001111001101110
100111101010001011010100110101100000000000000000000000000000000000000000000000000100010001010011
100111101010001011010100110101100000000000000000000000000000000000000000000000001011100110111010
100111101010001011010100110101100000000000000000000000000000000000000000000001000111011011001010
100111101010001011010100110101100000000000000000000000000000000000000000000000110101011000000110
100111101010001011010100110101100000000000000000000000000000000000000000000000111101011000100101
100111101010001011010100110101100000000000000000000000000000000000000000000001000101011000100111
100111101010001011010100110101100000000000000000000000000000000000000000000000000000010000011011
100111101010001011010100110101100000000000000000000000000000000000000000000000010000101000100000
100111101010001011010100110101100000000000000000000000000000000000000000000000100010010000011100
100111101010001011010100110101100000000000000000000000000000000000000000000000110110111110011001
100111101010001011010100110101100000000000000000000000000000000000000000000001000001010100100111
100111101010001011010100110101100000000000000000000000000000000000000000000000100011001010100001
100111101010001011010100110101100000000000000000000000000000000000000000000000011001000110010110
100111101010001011010100110101100000000000000000000000000000000000000000000000111000000011001101
100111101010001011010100110101100000000000000000000000000000000000000000000000011011001001010001
100111101010001011010100110101100000000000000000000000000000000000000000000000100011111111111101
100111101010001011010100110101100000000000000000000000000000000000000000000000010000101011010111
100111101010001011010100110101100000000000000000000000000000000000000000000000100001111111111101
100111101010001011010100110101100000000000000000000000000000000000000000000000000001011011101011
100111101010001011010100110101100000000000000000000000000000000000000000000000101110010110100000
100111101010001011010100110101100000000000000000000000000000000000000000000000110000010101001000
100111101010001011010100110101100000000000000000000000000000000000000000000000110110001010011101
100111101010001011010100110101100000000000000000000000000000000000000000000001000011111100111111
100111101010001011010100110101100000000000000000000000000000000000000000000000000101010101110100
100111101010001011010100110101100000000000000000000000000000000000000000000000011001110000101010
100111101010001011010100110101100000000000000000000000000000000000000000000000011100011010010011
100111101010001011010100110101100000000000000000000000000000000000000000000000000101111111000110
100111101010001011010100110101100000000000000000000000000000000000000000000000101000010010010101
100111101010001011010100110101100000000000000000000000000000000000000000000000010000001000010100
100111101010001011010100110101100000000000000000000000000000000000000000000000100000001100010001
100111101010001011010100110101100000000000000000000000000000000000000000000000111010011010000110
100111101010001011010100110101100000000000000000000000000000000000000000000000100001101111110111
100111101010001011010100110101100000000000000000000000000000000000000000000000101110101110101000
100111101010001011010100110101100000000000000000000000000000000000000000000000101000011010100101
100111101010001011010100110101100000000000000000000000000000000000000000000000101010010011101010
100111101010001011010100110101100000000000000000000000000000000000000000000000111010110010101110
100111101010001011010100110101100000000000000000000000000000000000000000000000111111000010100111
100111101010001011010100110101100000000000000000000000000000000000000000000000110001111100100000
100111101010001011010100110101100000000000000000000000000000000000000000000000100001000011011101
100111101010001011010100110101100000000000000000000000000000000000000000000000010010101011000000
100111101010001011010100110101100000000000000000000000000000000000000000000001000111111100010000
100111101010001011010100110101100000000000000000000000000000000000000000000000001110110010111110
100111101010001011010100110101100000000000000000000000000000000000000000000000010011010100010111
100111101010001011010100110101100000000000000000000000000000000000000000000000101101011000100011
100111101010001011010100110101100000000000000000000000000000000000000000000000000111000001110110
100111101010001011010100110101100000000000000000000000000000000000000000000000100101100000011000
100111101010001011010100110101100000000000000000000000000000000000000000000000011101101000100111
100111101010001011010100110101100000000000000000000000000000000000000000000000111111100011001101
100111101010001011010100110101100000000000000000000000000000000000000000000000010010110111000101
100111101010001011010100110101100000000000000000000000000000000000000000000000111000000111011011
100111101010001011010100110101100000000000000000000000000000000000000000000000011110010010010010
100111101010001011010100110101100000000000000000000000000000000000000000000000100011010110101111
100111101010001011010100110101100000000000000000000000000000000000000000000000101010111001010110
100111101010001011010100110101100000000000000000000000000000000000000000000000011110011010111011
100111101010001011010100110101100000000000000000000000000000000000000000000000101111001001111100
100111101010001011010100110101100000000000000000000000000000000000000000000000000110111000010010
100111101010001011010100110101100000000000000000000000000000000000000000000000000011010001011111
100111101010001011010100110101100000000000000000000000000000000000000000000000100100010010011010
100111101010001011010100110101100000000000000000000000000000000000000000000000001011110000110111
100111101010001011010100110101100000000000000000000000000000000000000000000000010010010000100101
100111101010001011010100110101100000000000000000000000000000000000000000000001000110001111110111
100111101010001011010100110101100000000000000000000000000000000000000000000000010110101101001110
100111101010001011010100110101100000000000000000000000000000000000000000000000000011111100011010
100111101010001011010100110101100000000000000000000000000000000000000000000000100110000010001101
100111101010001011010100110101100000000000000000000000000000000000000000000000100110110001000011
100111101010001011010100110101100000000000000000000000000000000000000000000000100100011101000000
100111101010001011010100110101100000000000000000000000000000000000000000000000000100110111010010
100111101010001011010100110101100000000000000000000000000000000000000000000000010010110100110101
100111101010001011010100110101100000000000000000000000000000000000000000000000001111011001010101
100111101010001011010100110101100000000000000000000000000000000000000000000000011000000010000011
100111101010001011010100110101100000000000000000000000000000000000000000000000101111001000100101
100111101010001011010100110101100000000000000000000000000000000000000000000000100110001000000001
100111101010001011010100110101100000000000000000000000000000000000000000000000101111101111110000
100111101010001011010100110101100000000000000000000000000000000000000000000000110100101001100010
100111101010001011010100110101100000000000000000000000000000000000000000000000000110111100111001
100111101010001011010100110101100000000000000000000000000000000000000000000000011010111000000110
100111101010001011010100110101100000000000000000000000000000000000000000000000110110000001000101
100111101010001011010100110101100000000000000000000000000000000000000000000000011011010101011011
100111101010001011010100110101100000000000000000000000000000000000000000000000101101111100010111
100111101010001011010100110101100000000000000000000000000000000000000000000000100010000101110000
100111101010001011010100110101100000000000000000000000000000000000000000000000110000010010011100
100111101010001011010100110101100000000000000000000000000000000000000000000000100001000100110011
100111101010001011010100110101100000000000000000000000000000000000000000000000111000011001000110
100111101010001011010100110101100000000000000000000000000000000000000000000000111011000011110010
100111101010001011010100110101100000000000000000000000000000000000000000000000111111100011111001
100111101010001011010100110101100000000000000000000000000000000000000000000000110111100111001010
100111101010001011010100110101100000000000000000000000000000000000000000000000001001110000101000
100111101010001011010100110101100000000000000000000000000000000000000000000000000001100000010100
100111101010001011010100110101100000000000000000000000000000000000000000000000111110001110001011
100111101010001011010100110101100000000000000000000000000000000000000000000000000101111111110010
100111101010001011010100110101100000000000000000000000000000000000000000000000100100000010101000
100111101010001011010100110101100000000000000000000000000000000000000000000001000101110111011001
100111101010001011010100110101100000000000000000000000000000000000000000000000001111100111101001
100111101010001011010100110101100000000000000000000000000000000000000000000001000100010001101111
100111101010001011010100110101100000000000000000000000000000000000000000000000110001011101101000
100111101010001011010100110101100000000000000000000000000000000000000000000000010010110010011100
100111101010001011010100110101100000000000000000000000000000000000000000000001000111010101010110
100111101010001011010100110101100000000000000000000000000000000000000000000000111100100010111001
100111101010001011010100110101100000000000000000000000000000000000000000000001000001101110100000
100111101010001011010100110101100000000000000000000000000000000000000000000000110010000111100011
100111101010001011010100110101100000000000000000000000000000000000000000000001000001111010011001
100111101010001011010100110101100000000000000000000000000000000000000000000000000111101101100001
100111101010001011010100110101100000000000000000000000000000000000000000000000011110011111110101
100111101010001011010100110101100000000000000000000000000000000000000000000000111111000101111100
100111101010001011010100110101100000000000000000000000000000000000000000000000101101011010001001
100111101010001011010100110101100000000000000000000000000000000000000000000000110010010111011101
100111101010001011010100110101100000000000000000000000000000000000000000000000000001010011101101
100111101010001011010100110101100000000000000000000000000000000000000000000000011000001001001100
100111101010001011010100110101100000000000000000000000000000000000000000000000000011001001100101
100111101010001011010100110101100000000000000000000000000000000000000000000000111001011011100111
100111101010001011010100110101100000000000000000000000000000000000000000000000001001110110101101
100111101010001011010100110101100000000000000000000000000000000000000000000000011000000101101000
100111101010001011010100110101100000000000000000000000000000000000000000000000000010111010001010
100111101010001011010100110101100000000000000000000000000000000000000000000000010011101110110001
100111101010001011010100110101100000000000000000000000000000000000000000000000010101100000010010
100111101010001011010100110101100000000000000000000000000000000000000000000001000100100100000111
100111101010001011010100110101100000000000000000000000000000000000000000000000011011100010111001
100111101010001011010100110101100000000000000000000000000000000000000000000000000101101000000111
100111101010001011010100110101100000000000000000000000000000000000000000000000100000111011010001
100111101010001011010100110101100000000000000000000000000000000000000000000001000010001100001001
100111101010001011010100110101100000000000000000000000000000000000000000000000000000011001010111
100111101010001011010100110101100000000000000000000000000000000000000000000000001100100101101010
100111101010001011010100110101100000000000000000000000000000000000000000000000100101010001010000
100111101010001011010100110101100000000000000000000000000000000000000000000001000111111000101011
100111101010001011010100110101100000000000000000000000000000000000000000000000000001111001010010
100111101010001011010100110101100000000000000000000000000000000000000000000000100001011000100110
100111101010001011010100110101100000000000000000000000000000000000000000000000111010011000010011
100111101010001011010100110101100000000000000000000000000000000000000000000000111011111010010011
100111101010001011010100110101100000000000000000000000000000000000000000000000001001111111101110
100111101010001011010100110101100000000000000000000000000000000000000000000000000000111011100100
100111101010001011010100110101100000000000000000000000000000000000000000000000100100100010101101
100111101010001011010100110101100000000000000000000000000000000000000000000000111001101110101100
100111101010001011010100110101100000000000000000000000000000000000000000000000011011101111000100
100111101010001011010100110101100000000000000000000000000000000000000000000000100000011010011101
100111101010001011010100110101100000000000000000000000000000000000000000000000001011001111111110
100111101010001011010100110101100000000000000000000000000000000000000000000000101100101011110010
100111101010001011010100110101100000000000000000000000000000000000000000000000101110011100001100
100111101010001011010100110101100000000000000000000000000000000000000000000000001100001101111100
100111101010001011010100110101100000000000000000000000000000000000000000000000001011100011110000
100111101010001011010100110101100000000000000000000000000000000000000000000000011111000000011001
100111101010001011010100110101100000000000000000000000000000000000000000000000101011110101100100
100111101010001011010100110101100000000000000000000000000000000000000000000000010100001111000010
100111101010001011010100110101100000000000000000000000000000000000000000000000100010011110010011
100111101010001011010100110101100000000000000000000000000000000000000000000000110011101000100011
100111101010001011010100110101100000000000000000000000000000000000000000000000001011101101110001
100111101010001011010100110101100000000000000000000000000000000000000000000000000011110001100000
100111101010001011010100110101100000000000000000000000000000000000000000000000111110001011010011
100111101010001011010100110101100000000000000000000000000000000000000000000000111011110010010010
100111101010001011010100110101100000000000000000000000000000000000000000000001000010100011101010
100111101010001011010100110101100000000000000000000000000000000000000000000000111100110000110110
100111101010001011010100110101100000000000000000000000000000000000000000000000001101000010101011
100111101010001011010100110101100000000000000000000000000000000000000000000000000110011101111011
100111101010001011010100110101100000000000000000000000000000000000000000000000100110011110001101
100111101010001011010100110101100000000000000000000000000000000000000000000000101100000011110101
100111101010001011010100110101100000000000000000000000000000000000000000000000110011001101100110
100111101010001011010100110101100000000000000000000000000000000000000000000000101011000111110111
100111101010001011010100110101100000000000000000000000000000000000000000000000100101000110101011
100111101010001011010100110101100000000000000000000000000000000000000000000000010011100000011110
100111101010001011010100110101100000000000000000000000000000000000000000000000111000000110000001
100111101010001011010100110101100000000000000000000000000000000000000000000000010001101110010000
100111101010001011010100110101100000000000000000000000000000000000000000000000010111111010111100
100111101010001011010100110101100000000000000000000000000000000000000000000000111010110111000101
100111101010001011010100110101100000000000000000000000000000000000000000000000100010000000110110
100111101010001011010100110101100000000000000000000000000000000000000000000000001110111101001100
100111101010001011010100110101100000000000000000000000000000000000000000000000010011010101011101
100111101010001011010100110101100000000000000000000000000000000000000000000000101110011010000000
100111101010001011010100110101100000000000000000000000000000000000000000000000001111110001100110
100111101010001011010100110101100000000000000000000000000000000000000000000001000000011000110000
100111101010001011010100110101100000000000000000000000000000000000000000000000011110100011110100
100111101010001011010100110101100000000000000000000000000000000000000000000000000010010101001110
100111101010001011010100110101100000000000000000000000000000000000000000000000010100000111011111
100111101010001011010100110101100000000000000000000000000000000000000000000000001000110001101000
100111101010001011010100110101100000000000000000000000000000000000000000000000101010101111111010
100111101010001011010100110101100000000000000000000000000000000000000000000000110110111010101000
100111101010001011010100110101100000000000000000000000000000000000000000000000100110100010111101
100111101010001011010100110101100000000000000000000000000000000000000000000000000000101110000010
100111101010001011010100110101100000000000000000000000000000000000000000000000011111001011000111
100111101010001011010100110101100000000000000000000000000000000000000000000000110101110110111110
100111101010001011010100110101100000000000000000000000000000000000000000000000100000101001101110
100111101010001011010100110101100000000000000000000000000000000000000000000001000011111000110100
100111101010001011010100110101100000000000000000000000000000000000000000000000000001101010001010
100111101010001011010100110101100000000000000000000000000000000000000000000000011100010001001111
100111101010001011010100110101100000000000000000000000000000000000000000000000001101001100101011
100111101010001011010100110101100000000000000000000000000000000000000000000001000101110111111111
100111101010001011010100110101100000000000000000000000000000000000000000000000100001101100110000
100111101010001011010100110101100000000000000000000000000000000000000000000000101101001011111111
100111101010001011010100110101100000000000000000000000000000000000000000000000011011001000001101
100111101010001011010100110101100000000000000000000000000000000000000000000000110000010100100011
100111101010001011010100110101100000000000000000000000000000000000000000000001000001101100010110
100111101010001011010100110101100000000000000000000000000000000000000000000000110110100110101100
100111101010001011010100110101100000000000000000000000000000000000000000000000110111000011100010
100111101010001011010100110101100000000000000000000000000000000000000000000001000101111101100010
100111101010001011010100110101100000000000000000000000000000000000000000000000011011101100110001
100111101010001011010100110101100000000000000000000000000000000000000000000000011111111000000110
100111101010001011010100110101100000000000000000000000000000000000000000000000000110000001000111
100111101010001011010100110101100000000000000000000000000000000000000000000000111001110010011000
100111101010001011010100110101100000000000000000000000000000000000000000000000100010110110000011
100111101010001011010100110101100000000000000000000000000000000000000000000000101111101011001101
100111101010001011010100110101100000000000000000000000000000000000000000000000011000111010110111
100111101010001011010100110101100000000000000000000000000000000000000000000000101110110101010010
100111101010001011010100110101100000000000000000000000000000000000000000000000100111010110000110
100111101010001011010100110101100000000000000000000000000000000000000000000000001001011010101010
100111101010001011010100110101100000000000000000000000000000000000000000000000101010000101010010
100111101010001011010100110101100000000000000000000000000000000000000000000000011101011001000000
100111101010001011010100110101100000000000000000000000000000000000000000000000111100001000111001
100111101010001011010100110101100000000000000000000000000000000000000000000000000011011100111111
100111101010001011010100110101100000000000000000000000000000000000000000000000011001011000110011
100111101010001011010100110101100000000000000000000000000000000000000000000000101111010111110011
100111101010001011010100110101100000000000000000000000000000000000000000000000010110000111101110
100111101010001011010100110101100000000000000000000000000000000000000000000000111001001011101100
100111101010001011010100110101100000000000000000000000000000000000000000000000011010100011110010
100111101010001011010100110101100000000000000000000000000000000000000000000001000100011000000010
100111101010001011010100110101100000000000000000000000000000000000000000000000010001111001000101
100111101010001011010100110101100000000000000000000000000000000000000000000000100001101110010100
100111101010001011010100110101100000000000000000000000000000000000000000000000000000000100110100
100111101010001011010100110101100000000000000000000000000000000000000000000000010100100100110001
100111101010001011010100110101100000000000000000000000000000000000000000000000111110001010001010
100111101010001011010100110101100000000000000000000000000000000000000000000000111100011111001001
100111101010001011010100110101100000000000000000000000000000000000000000000000111111000000001011
100111101010001011010100110101100000000000000000000000000000000000000000000000000001110010110001
100111101010001011010100110101100000000000000000000000000000000000000000000000111010100011111000
100111101010001011010100110101100000000000000000000000000000000000000000000000000000111111000101
100111101010001011010100110101100000000000000000000000000000000000000000000000110110111001100001
100111101010001011010100110101100000000000000000000000000000000000000000000000100110011100001101
100111101010001011010100110101100000000000000000000000000000000000000000000000000101110011010011
100111101010001011010100110101100000000000000000000000000000000000000000000000100011000111010111
100111101010001011010100110101100000000000000000000000000000000000000000000000111111101100110000
100111101010001011010100110101100000000000000000000000000000000000000000000000010010001111111011
100111101010001011010100110101100000000000000000000000000000000000000000000001000001011001000000
100111101010001011010100110101100000000000000000000000000000000000000000000000000110111111001000
100111101010001011010100110101100000000000000000000000000000000000000000000000011100110110110101
100111101010001011010100110101100000000000000000000000000000000000000000000000010111110010000011
100111101010001011010100110101100000000000000000000000000000000000000000000000001011001111000011
100111101010001011010100110101100000000000000000000000000000000000000000000001000011010011100010
100111101010001011010100110101100000000000000000000000000000000000000000000000100100011010010001
100111101010001011010100110101100000000000000000000000000000000000000000000000010010011101011000
100111101010001011010100110101100000000000000000000000000000000000000000000000010011110011100110
100111101010001011010100110101100000000000000000000000000000000000000000000000101101110001000101
100111101010001011010100110101100000000000000000000000000000000000000000000000001111100101101010
100111101010001011010100110101100000000000000000000000000000000000000000000000011011000001010010
100111101010001011010100110101100000000000000000000000000000000000000000000001001001000100111001
100111101010001011010100110101100000000000000000000000000000000000000000000000110101001101001111
100111101010001011010100110101100000000000000000000000000000000000000000000000001010011101010000
100111101010001011010100110101100000000000000000000000000000000000000000000000110111001010111010
100111101010001011010100110101100000000000000000000000000000000000000000000000010100110001001110
100111101010001011010100110101100000000000000000000000000000000000000000000000111101001100000011
100111101010001011010100110101100000000000000000000000000000000000000000000000110000010111011100
100111101010001011010100110101100000000000000000000000000000000000000000000000110010011010001101
100111101010001011010100110101100000000000000000000000000000000000000000000000101011110101011100
100111101010001011010100110101100000000000000000000000000000000000000000000001001000101011011001
100111101010001011010100110101100000000000000000000000000000000000000000000000001100101011011100
100111101010001011010100110101100000000000000000000000000000000000000000000000100101101011010101
100111101010001011010100110101100000000000000000000000000000000000000000000000010100101100100001
100111101010001011010100110101100000000000000000000000000000000000000000000000010011011011010001
100111101010001011010100110101100000000000000000000000000000000000000000000000011000101111101110
100111101010001011010100110101100000000000000000000000000000000000000000000000101010101010101000
100111101010001011010100110101100000000000000000000000000000000000000000000000000001100000000001
100111101010001011010100110101100000000000000000000000000000000000000000000000101100111110110001
100111101010001011010100110101100000000000000000000000000000000000000000000000010100110000001001
100111101010001011010100110101100000000000000000000000000000000000000000000000111011101100111010
100111101010001011010100110101100000000000000000000000000000000000000000000000000010101111100111
100111101010001011010100110101100000000000000000000000000000000000000000000000010110110001110101
100111101010001011010100110101100000000000000000000000000000000000000000000001001001000111101101
100111101010001011010100110101100000000000000000000000000000000000000000000000001001111101100001
100111101010001011010100110101100000000000000000000000000000000000000000000000100101000111100111
100111101010001011010100110101100000000000000000000000000000000000000000000000010001101101100000
100111101010001011010100110101100000000000000000000000000000000000000000000000100111111000110101
100111101010001011010100110101100000000000000000000000000000000000000000000000000101110100101101
100111101010001011010100110101100000000000000000000000000000000000000000000001000001000110000011
100111101010001011010100110101100000000000000000000000000000000000000000000000010101110001110101
100111101010001011010100110101100000000000000000000000000000000000000000000000001011100100111111
100111101010001011010100110101100000000000000000000000000000000000000000000000100010000010111111
100111101010001011010100110101100000000000000000000000000000000000000000000000011000010110011101
100111101010001011010100110101100000000000000000000000000000000000000000000000100000110101010000
100111101010001011010100110101100000000000000000000000000000000000000000000000100011110110100000
100111101010001011010100110101100000000000000000000000000000000000000000000000000000100110010101
100111101010001011010100110101100000000000000000000000000000000000000000000000010100100000100011
100111101010001011010100110101100000000000000000000000000000000000000000000000001110111011000111
100111101010001011010100110101100000000000000000000000000000000000000000000000001001010100000001
100111101010001011010100110101100000000000000000000000000000000000000000000000101110111100010101
100111101010001011010100110101100000000000000000000000000000000000000000000000010100000110011101
100111101010001011010100110101100000000000000000000000000000000000000000000000111001010001101100
100111101010001011010100110101100000000000000000000000000000000000000000000000000101011001110101
100111101010001011010100110101100000000000000000000000000000000000000000000000101000101011000100
100111101010001011010100110101100000000000000000000000000000000000000000000000101111010010001101
100111101010001011010100110101100000000000000000000000000000000000000000000001000110110001110010
100111101010001011010100110101100000000000000000000000000000000000000000000000100010000001110100
100111101010001011010100110101100000000000000000000000000000000000000000000000100001111110101101
100111101010001011010100110101100000000000000000000000000000000000000000000000011001000011100100
100111101010001011010100110101100000000000000000000000000000000000000000000000010000101000011100
100111101010001011010100110101100000000000000000000000000000000000000000000000011010011011111111
100111101010001011010100110101100000000000000000000000000000000000000000000000101110100001111010
100111101010001011010100110101100000000000000000000000000000000000000000000000100011101010101111
100111101010001011010100110101100000000000000000000000000000000000000000000000100011011111110011
100111101010001011010100110101100000000000000000000000000000000000000000000001000110010000010001
100111101010001011010100110101100000000000000000000000000000000000000000000000110100110000100010
100111101010001011010100110101100000000000000000000000000000000000000000000000100011001001101010
100111101010001011010100110101100000000000000000000000000000000000000000000000000011101001010001
100111101010001011010100110101100000000000000000000000000000000000000000000000110100110100111000
100111101010001011010100110101100000000000000000000000000000000000000000000000111010101010011101
100111101010001011010100110101100000000000000000000000000000000000000000000001000110110010000110
100111101010001011010100110101100000000000000000000000000000000000000000000001000110110110110110
100111101010001011010100110101100000000000000000000000000000000000000000000000101011111010110101
100111101010001011010100110101100000000000000000000000000000000000000000000000110001110110011100
100111101010001011010100110101100000000000000000000000000000000000000000000000110000111011110001
100111101010001011010100110101100000000000000000000000000000000000000000000000100110010010101100
100111101010001011010100110101100000000000000000000000000000000000000000000001001000111000100000
100111101010001011010100110101100000000000000000000000000000000000000000000001000011111000001010
100111101010001011010100110101100000000000000000000000000000000000000000000000110101110001010011
100111101010001011010100110101100000000000000000000000000000000000000000000000011100010100101001
100111101010001011010100110101100000000000000000000000000000000000000000000000001111011111010111
100111101010001011010100110101100000000000000000000000000000000000000000000001001000011101101100
100111101010001011010100110101100000000000000000000000000000000000000000000000111110111001110000
100111101010001011010100110101100000000000000000000000000000000000000000000000010101001011111101
100111101010001011010100110101100000000000000000000000000000000000000000000000101110010110010101
100111101010001011010100110101100000000000000000000000000000000000000000000000100100010001110101
100111101010001011010100110101100000000000000000000000000000000000000000000001000111101011100011
100111101010001011010100110101100000000000000000000000000000000000000000000000111111110001010100
100111101010001011010100110101100000000000000000000000000000000000000000000000000111001101001011
100111101010001011010100110101100000000000000000000000000000000000000000000000101110111010100111
100111101010001011010100110101100000000000000000000000000000000000000000000000001100011011001111
100111101010001011010100110101100000000000000000000000000000000000000000000000001001001111101001
100111101010001011010100110101100000000000000000000000000000000000000000000000010000001000110010
100111101010001011010100110101100000000000000000000000000000000000000000000001000010011110001101
100111101010001011010100110101100000000000000000000000000000000000000000000000011110100110011101
100111101010001011010100110101100000000000000000000000000000000000000000000000111000011110111000
100111101010001011010100110101100000000000000000000000000000000000000000000000001001001100110010
100111101010001011010100110101100000000000000000000000000000000000000000000000111011111011011100
100111101010001011010100110101100000000000000000000000000000000000000000000000011101110100101001
100111101010001011010100110101100000000000000000000000000000000000000000000000000111101000101110
100111101010001011010100110101100000000000000000000000000000000000000000000000100011100011110000
100111101010001011010100110101100000000000000000000000000000000000000000000000001110110100100100
100111101010001011010100110101100000000000000000000000000000000000000000000000010000101111010101
100111101010001011010100110101100000000000000000000000000000000000000000000000101011011101100101
100111101010001011010100110101100000000000000000000000000000000000000000000001000110011100000000
100111101010001011010100110101100000000000000000000000000000000000000000000000001101111100100111
100111101010001011010100110101100000000000000000000000000000000000000000000001000001101100000000
100111101010001011010100110101100000000000000000000000000000000000000000000000111000001111101001
100111101010001011010100110101100000000000000000000000000000000000000000000000101100100110111101
100111101010001011010100110101100000000000000000000000000000000000000000000000010111111000100000
100111101010001011010100110101100000000000000000000000000000000000000000000000101111011011010011
100111101010001011010100110101100000000000000000000000000000000000000000000000101110000101001000
100111101010001011010100110101100000000000000000000000000000000000000000000000100100100011110000
100111101010001011010100110101100000000000000000000000000000000000000000000000001111101100111111
100111101010001011010100110101100000000000000000000000000000000000000000000000111011100011011101
100111101010001011010100110101100000000000000000000000000000000000000000000000010100011000100111
100111101010001011010100110101100000000000000000000000000000000000000000000000111000010110010010
100111101010001011010100110101100000000000000000000000000000000000000000000000111010100100100100
100111101010001011010100110101100000000000000000000000000000000000000000000000001111000110101000
100111101010001011010100110101100000000000000000000000000000000000000000000000011001001000001011
100111101010001011010100110101100000000000000000000000000000000000000000000000111110100001110011
100111101010001011010100110101100000000000000000000000000000000000000000000000101001000001001011
100111101010001011010100110101100000000000000000000000000000000000000000000000010010100100011000
100111101010001011010100110101100000000000000000000000000000000000000000000000010001100101000111
100111101010001011010100110101100000000000000000000000000000000000000000000000010000110000011010
100111101010001011010100110101100000000000000000000000000000000000000000000000001100101011001010
100111101010001011010100110101100000000000000000000000000000000000000000000000101010011001011100
100111101010001011010100110101100000000000000000000000000000000000000000000000000100110001000111
100111101010001011010100110101100000000000000000000000000000000000000000000000000111110110110101
100111101010001011010100110101100000000000000000000000000000000000000000000000111111101001010111
100111101010001011010100110101100000000000000000000000000000000000000000000000000110101101011000
100111101010001011010100110101100000000000000000000000000000000000000000000000111100111111100111
100111101010001011010100110101100000000000000000000000000000000000000000000000000001011111101101
100111101010001011010100110101100000000000000000000000000000000000000000000000001100101001100110
100111101010001011010100110101100000000000000000000000000000000000000000000000011000110001101100
100111101010001011010100110101100000000000000000000000000000000000000000000000011110111111010111
100111101010001011010100110101100000000000000000000000000000000000000000000000110101001001010000
100111101010001011010100110101100000000000000000000000000000000000000000000000110000111110011000
100111101010001011010100110101100000000000000000000000000000000000000000000000011011011010111000
100111101010001011010100110101100000000000000000000000000000000000000000000000110111101100101100
100111101010001011010100110101100000000000000000000000000000000000000000000000111011000011010000
100111101010001011010100110101100000000000000000000000000000000000000000000000101001110011100010
100111101010001011010100110101100000000000000000000000000000000000000000000001000101011001111110
100111101010001011010100110101100000000000000000000000000000000000000000000000010110011110110110
100111101010001011010100110101100000000000000000000000000000000000000000000001000111111110011011
100111101010001011010100110101100000000000000000000000000000000000000000000000101110100010111001
100111101010001011010100110101100000000000000000000000000000000000000000000000001010100000101100
100111101010001011010100110101100000000000000000000000000000000000000000000000100100011011100000
100111101010001011010100110101100000000000000000000000000000000000000000000000110010110011111100
100111101010001011010100110101100000000000000000000000000000000000000000000000011111100111010100
100111101010001011010100110101100000000000000000000000000000000000000000000001001000101110100111
100111101010001011010100110101100000000000000000000000000000000000000000000000111001111011110100
100111101010001011010100110101100000000000000000000000000000000000000000000000110111110011000101
100111101010001011010100110101100000000000000000000000000000000000000000000000011111110001010000
100111101010001011010100110101100000000000000000000000000000000000000000000001000100010101100011
100111101010001011010100110101100000000000000000000000000000000000000000000000100101010110000011
100111101010001011010100110101100000000000000000000000000000000000000000000000111001101100111010
100111101010001011010100110101100000000000000000000000000000000000000000000000000001110010000101
100111101010001011010100110101100000000000000000000000000000000000000000000000100001100110100011
100111101010001011010100110101100000000000000000000000000000000000000000000000011010111001111111
100111101010001011010100110101100000000000000000000000000000000000000000000000001001001101001011
100111101010001011010100110101100000000000000000000000000000000000000000000000100010001000001111
100111101010001011010100110101100000000000000000000000000000000000000000000000010110100010010000
100111101010001011010100110101100000000000000000000000000000000000000000000000011110001010011011
100111101010001011010100110101100000000000000000000000000000000000000000000000100000011000101001
100111101010001011010100110101100000000000000000000000000000000000000000000000001100001000010010
100111101010001011010100110101100000000000000000000000000000000000000000000000000111110111001111
100111101010001011010100110101100000000000000000000000000000000000000000000001000111111111111111
100111101010001011010100110101100000000000000000000000000000000000000000000000010110100010110101
100111101010001011010100110101100000000000000000000000000000000000000000000000000111010101101100
100111101010001011010100110101100000000000000000000000000000000000000000000000000101000100111100
100111101010001011010100110101100000000000000000000000000000000000000000000000110110100011101100
100111101010001011010100110101100000000000000000000000000000000000000000000000100111010000001010
100111101010001011010100110101100000000000000000000000000000000000000000000000100010111110011100
100111101010001011010100110101100000000000000000000000000000000000000000000000000110011011010010
100111101010001011010100110101100000000000000000000000000000000000000000000000101101101001011111
100111101010001011010100110101100000000000000000000000000000000000000000000001000000001010010111
100111101010001011010100110101100000000000000000000000000000000000000000000000101100100000000110
100111101010001011010100110101100000000000000000000000000000000000000000000001000110001101101011
100111101010001011010100110101100000000000000000000000000000000000000000000000111110111010100011
100111101010001011010100110101100000000000000000000000000000000000000000000000000001110010011101
100111101010001011010100110101100000000000000000000000000000000000000000000000110001000100000110
100111101010001011010100110101100000000000000000000000000000000000000000000000110010101100100100
100111101010001011010100110101100000000000000000000000000000000000000000000000010000000010001000
100111101010001011010100110101100000000000000000000000000000000000000000000000001011110111111101
100111101010001011010100110101100000000000000000000000000000000000000000000000101010010101111101
100111101010001011010100110101100000000000000000000000000000000000000000000000001110010011001000
100111101010001011010100110101100000000000000000000000000000000000000000000000000011111111011100
100111101010001011010100110101100000000000000000000000000000000000000000000001000011110001110001
100111101010001011010100110101100000000000000000000000000000000000000000000000111101011100011110
100111101010001011010100110101100000000000000000000000000000000000000000000000110000101111000011
100111101010001011010100110101100000000000000000000000000000000000000000000000100010001001111111
100111101010001011010100110101100000000000000000000000000000000000000000000000100011001110010111
100111101010001011010100110101100000000000000000000000000000000000000000000000110000000110001111
100111101010001011010100110101100000000000000000000000000000000000000000000000010010110110001100
100111101010001011010100110101100000000000000000000000000000000000000000000001000010101000001010
100111101010001011010100110101100000000000000000000000000000000000000000000000111110011001011000
100111101010001011010100110101100000000000000000000000000000000000000000000000000101100001110000
100111101010001011010100110101100000000000000000000000000000000000000000000001000011001111000100
100111101010001011010100110101100000000000000000000000000000000000000000000000100101110011101110
100111101010001011010100110101100000000000000000000000000000000000000000000000111011100110010010
100111101010001011010100110101100000000000000000000000000000000000000000000000010001000111101001
100111101010001011010100110101100000000000000000000000000000000000000000000000110101110011010010
100111101010001011010100110101100000000000000000000000000000000000000000000000000100100010110110
100111101010001011010100110101100000000000000000000000000000000000000000000000011011100110111011
100111101010001011010100110101100000000000000000000000000000000000000000000000011101010101111100
100111101010001011010100110101100000000000000000000000000000000000000000000000000101000101010101
100111101010001011010100110101100000000000000000000000000000000000000000000000010100111001001111
100111101010001011010100110101100000000000000000000000000000000000000000000000111001110010111000
100111101010001011010100110101100000000000000000000000000000000000000000000000011001101010110010
100111101010001011010100110101100000000000000000000000000000000000000000000000010101110001111001
100111101010001011010100110101100000000000000000000000000000000000000000000000010101100010111011
100111101010001011010100110101100000000000000000000000000000000000000000000000110011100100000001
100111101010001011010100110101100000000000000000000000000000000000000000000000011111011111011101
100111101010001011010100110101100000000000000000000000000000000000000000000000010011110110010010
100111101010001011010100110101100000000000000000000000000000000000000000000001000000000000011111
100111101010001011010100110101100000000000000000000000000000000000000000000000101000000111001011
100111101010001011010100110101100000000000000000000000000000000000000000000000010000100001111101
100111101010001011010100110101100000000000000000000000000000000000000000000000110010000111000011
100111101010001011010100110101100000000000000000000000000000000000000000000000101010100111000011
100111101010001011010100110101100000000000000000000000000000000000000000000000100001010100011011
100111101010001011010100110101100000000000000000000000000000000000000000000000111000110001001011
100111101010001011010100110101100000000000000000000000000000000000000000000000010001101000111011
100111101010001011010100110101100000000000000000000000000000000000000000000001001001000001111011
100111101010001011010100110101100000000000000000000000000000000000000000000000001000100100111001
100111101010001011010100110101100000000000000000000000000000000000000000000001000000111110100111
100111101010001011010100110101100000000000000000000000000000000000000000000000000111100101110100
100111101010001011010100110101100000000000000000000000000000000000000000000000110101000010000100
100111101010001011010100110101100000000000000000000000000000000000000000000000111000111001000110
100111101010001011010100110101100000000000000000000000000000000000000000000000110110001000101110
100111101010001011010100110101100000000000000000000000000000000000000000000000101010101010001011
100111101010001011010100110101100000000000000000000000000000000000000000000000100001101101110101
100111101010001011010100110101100000000000000000000000000000000000000000000000101011100011111010
100111101010001011010100110101100000000000000000000000000000000000000000000000000111000010101110
100111101010001011010100110101100000000000000000000000000000000000000000000000100101001010110000
100111101010001011010100110101100000000000000000000000000000000000000000000000111110000010001111
100111101010001011010100110101100000000000000000000000000000000000000000000000110011011000111010
100111101010001011010100110101100000000000000000000000000000000000000000000000101001111111010010
100111101010001011010100110101100000000000000000000000000000000000000000000000101100101010110010
100111101010001011010100110101100000000000000000000000000000000000000000000000001010101001000110
100111101010001011010100110101100000000000000000000000000000000000000000000000010000001010011000
100111101010001011010100110101100000000000000000000000000000000000000000000000101001011111101111
100111101010001011010100110101100000000000000000000000000000000000000000000000010110100111000011
100111101010001011010100110101100000000000000000000000000000000000000000000000001101010010110101
100111101010001011010100110101100000000000000000000000000000000000000000000000110101011000001101
100111101010001011010100110101100000000000000000000000000000000000000000000000101101111110111101
100111101010001011010100110101100000000000000000000000000000000000000000000000101100100110000100
100111101010001011010100110101100000000000000000000000000000000000000000000001000101101110101111
100111101010001011010100110101100000000000000000000000000000000000000000000000110100010100000111
100111101010001011010100110101100000000000000000000000000000000000000000000000110000110001100010
100111101010001011010100110101100000000000000000000000000000000000000000000000010110010111001001
100111101010001011010100110101100000000000000000000000000000000000000000000000010100110101010100
100111101010001011010100110101100000000000000000000000000000000000000000000000110001010000110001
100111101010001011010100110101100000000000000000000000000000000000000000000000111001110010010000
100111101010001011010100110101100000000000000000000000000000000000000000000000000011011110011011
100111101010001011010100110101100000000000000000000000000000000000000000000000000110001010010010
100111101010001011010100110101100000000000000000000000000000000000000000000000010111000010000100
100111101010001011010100110101100000000000000000000000000000000000000000000001000110000101000110
100111101010001011010100110101100000000000000000000000000000000000000000000000011100110101011110
100111101010001011010100110101100000000000000000000000000000000000000000000000110000100110101001
100111101010001011010100110101100000000000000000000000000000000000000000000000110010100001111011
100111101010001011010100110101100000000000000000000000000000000000000000000000101011111000110010
100111101010001011010100110101100000000000000000000000000000000000000000000000111000011010110111
100111101010001011010100110101100000000000000000000000000000000000000000000000101011111010100011
100111101010001011010100110101100000000000000000000000000000000000000000000000101001000001010100
100111101010001011010100110101100000000000000000000000000000000000000000000000011011111101110000
100111101010001011010100110101100000000000000000000000000000000000000000000000000100010101000101
100111101010001011010100110101100000000000000000000000000000000000000000000000100110100101111000
100111101010001011010100110101100000000000000000000000000000000000000000000000010000011100000111
100111101010001011010100110101100000000000000000000000000000000000000000000000101100110011100101
100111101010001011010100110101100000000000000000000000000000000000000000000000110010111001101001
100111101010001011010100110101100000000000000000000000000000000000000000000000101110011011100000
100111101010001011010100110101100000000000000000000000000000000000000000000000011111101000111111
100111101010001011010100110101100000000000000000000000000000000000000000000000110111010110000111
100111101010001011010100110101100000000000000000000000000000000000000000000000010010110101000000
100111101010001011010100110101100000000000000000000000000000000000000000000000110010101001001001
100111101010001011010100110101100000000000000000000000000000000000000000000000111011111010100100
100111101010001011010100110101100000000000000000000000000000000000000000000000100111110100111011
100111101010001011010100110101100000000000000000000000000000000000000000000000001111010110000110
100111101010001011010100110101100000000000000000000000000000000000000000000001000100001111010011
100111101010001011010100110101100000000000000000000000000000000000000000000000010000101110000000
100111101010001011010100110101100000000000000000000000000000000000000000000000100100011100010001
100111101010001011010100110101100000000000000000000000000000000000000000000000011100010011011011
100111101010001011010100110101100000000000000000000000000000000000000000000000001000101110110100
100111101010001011010100110101100000000000000000000000000000000000000000000000011010010110111001
100111101010001011010100110101100000000000000000000000000000000000000000000000011101001111110010
100111101010001011010100110101100000000000000000000000000000000000000000000000011011011100001111
100111101010001011010100110101100000000000000000000000000000000000000000000000110100101100001100
100111101010001011010100110101100000000000000000000000000000000000000000000000101010100000101000
100111101010001011010100110101100000000000000000000000000000000000000000000000001111100111101000
100111101010001011010100110101100000000000000000000000000000000000000000000000000001110101011010
100111101010001011010100110101100000000000000000000000000000000000000000000000110100000001110011
100111101010001011010100110101100000000000000000000000000000000000000000000000110110010000000110
100111101010001011010100110101100000000000000000000000000000000000000000000001000001010011000110
100111101010001011010100110101100000000000000000000000000000000000000000000000110000001010100101
100111101010001011010100110101100000000000000000000000000000000000000000000000101010111010111001
100111101010001011010100110101100000000000000000000000000000000000000000000000010110101111110010
100111101010001011010100110101100000000000000000000000000000000000000000000000011011001110010100
100111101010001011010100110101100000000000000000000000000000000000000000000000000011110101111111
100111101010001011010100110101100000000000000000000000000000000000000000000000000111001110011001
100111101010001011010100110101100000000000000000000000000000000000000000000001000000100000001001
100111101010001011010100110101100000000000000000000000000000000000000000000000100101010011011111
100111101010001011010100110101100000000000000000000000000000000000000000000001000011110010011100
100111101010001011010100110101100000000000000000000000000000000000000000000000111010111010001110
100111101010001011010100110101100000000000000000000000000000000000000000000000111100101000000001
100111101010001011010100110101100000000000000000000000000000000000000000000000000110110100101111
100111101010001011010100110101100000000000000000000000000000000000000000000000111011101010001010
100111101010001011010100110101100000000000000000000000000000000000000000000000100010111110111001
100111101010001011010100110101100000000000000000000000000000000000000000000001000111000111010010
100111101010001011010100110101100000000000000000000000000000000000000000000000100101010000011110
100111101010001011010100110101100000000000000000000000000000000000000000000000000001011101001100
100111101010001011010100110101100000000000000000000000000000000000000000000000010011111110000101
100111101010001011010100110101100000000000000000000000000000000000000000000001000010100011000010
100111101010001011010100110101100000000000000000000000000000000000000000000000000010110110101111
100111101010001011010100110101100000000000000000000000000000000000000000000000100010111110010011
100111101010001011010100110101100000000000000000000000000000000000000000000000100101110111110110
100111101010001011010100110101100000000000000000000000000000000000000000000000100100000110110100
100111101010001011010100110101100000000000000000000000000000000000000000000000101001110010011111
100111101010001011010100110101100000000000000000000000000000000000000000000001000100001111001101
100111101010001011010100110101100000000000000000000000000000000000000000000000000100011100101001
100111101010001011010100110101100000000000000000000000000000000000000000000000010111111100000110
100111101010001011010100110101100000000000000000000000000000000000000000000000101000010010010100
100111101010001011010100110101100000000000000000000000000000000000000000000001001000010001101111
100111101010001011010100110101100000000000000000000000000000000000000000000000100010011001110010
