100111101010001011010100110101100000000000000000000000000000000000000000000000101110111001011100
100111101010001011010100110101100000000000000000000000000000000000000000000000010010111100011101
100111101010001011010100110101100000000000000000000000000000000000000000000000000001111010111101
100111101010001011010100110101100000000000000000000000000000000000000000000000101001111000010000
100111101010001011010100110101100000000000000000000000000000000000000000000001000100110010100011
100111101010001011010100110101100000000000000000000000000000000000000000000000001010000101010010
100111101010001011010100110101100000000000000000000000000000000000000000000000101001100101000110
100111101010001011010100110101100000000000000000000000000000000000000000000000001101101101101010
100111101010001011010100110101100000000000000000000000000000000000000000000000100110000110100001
100111101010001011010100110101100000000000000000000000000000000000000000000000100001110110011110
100111101010001011010100110101100000000000000000000000000000000000000000000000100001001111000010
100111101010001011010100110101100000000000000000000000000000000000000000000000111101111011011101
100111101010001011010100110101100000000000000000000000000000000000000000000000001010001001111001
100111101010001011010100110101100000000000000000000000000000000000000000000000010101001110110111
100111101010001011010100110101100000000000000000000000000000000000000000000000010110101100010101
100111101010001011010100110101100000000000000000000000000000000000000000000000011111011001101011
100111101010001011010100110101100000000000000000000000000000000000000000000001000001101111110001
100111101010001011010100110101100000000000000000000000000000000000000000000001000101111001001101
100111101010001011010100110101100000000000000000000000000000000000000000000000101100010011000110
100111101010001011010100110101100000000000000000000000000000000000000000000000001100001011001011
100111101010001011010100110101100000000000000000000000000000000000000000000001000110000011010010
100111101010001011010100110101100000000000000000000000000000000000000000000000101101101101000001
100111101010001011010100110101100000000000000000000000000000000000000000000000101011010001000011
100111101010001011010100110101100000000000000000000000000000000000000000000000010001010000011111
100111101010001011010100110101100000000000000000000000000000000000000000000000100010001101111100
100111101010001011010100110101100000000000000000000000000000000000000000000000100111100010011100
100111101010001011010100110101100000000000000000000000000000000000000000000000010111001011111000
100111101010001011010100110101100000000000000000000000000000000000000000000001000101000000010100
100111101010001011010100110101100000000000000000000000000000000000000000000000010010100001010100
100111101010001011010100110101100000000000000000000000000000000000000000000001001000000111110100
100111101010001011010100110101100000000000000000000000000000000000000000000000011111111010011110
100111101010001011010100110101100000000000000000000000000000000000000000000000001111011000100100
100111101010001011010100110101100000000000000000000000000000000000000000000000001100101000111110
100111101010001011010100110101100000000000000000000000000000000000000000000001000100100010111011
100111101010001011010100110101100000000000000000000000000000000000000000000000000100100001101011
100111101010001011010100110101100000000000000000000000000000000000000000000000000000000010000010
100111101010001011010100110101100000000000000000000000000000000000000000000000011110111100001011
100111101010001011010100110101100000000000000000000000000000000000000000000000000000101100001011
100111101010001011010100110101100000000000000000000000000000000000000000000000010000010011011000
100111101010001011010100110101100000000000000000000000000000000000000000000000110001001100000111
100111101010001011010100110101100000000000000000000000000000000000000000000000000001001000011011
100111101010001011010100110101100000000000000000000000000000000000000000000000111100111011001011
100111101010001011010100110101100000000000000000000000000000000000000000000000110101000101110101
100111101010001011010100110101100000000000000000000000000000000000000000000000111010001110100101
100111101010001011010100110101100000000000000000000000000000000000000000000000011110001100111111
100111101010001011010100110101100000000000000000000000000000000000000000000000110011100010010100
100111101010001011010100110101100000000000000000000000000000000000000000000000100111110110101011
100111101010001011010100110101100000000000000000000000000000000000000000000000011110100001111110
100111101010001011010100110101100000000000000000000000000000000000000000000000110101111010101011
100111101010001011010100110101100000000000000000000000000000000000000000000000101100111001000001
100111101010001011010100110101100000000000000000000000000000000000000000000000110110101010001010
100111101010001011010100110101100000000000000000000000000000000000000000000000011110001010001100
100111101010001011010100110101100000000000000000000000000000000000000000000000111101010101000011
100111101010001011010100110101100000000000000000000000000000000000000000000000001011110101111011
100111101010001011010100110101100000000000000000000000000000000000000000000000101010001110011001
100111101010001011010100110101100000000000000000000000000000000000000000000000111101010011011011
100111101010001011010100110101100000000000000000000000000000000000000000000000111011010100001111
100111101010001011010100110101100000000000000000000000000000000000000000000000001000001011100100
100111101010001011010100110101100000000000000000000000000000000000000000000000111110100101011110
100111101010001011010100110101100000000000000000000000000000000000000000000000011100110111010101
100111101010001011010100110101100000000000000000000000000000000000000000000000111011110110000000
100111101010001011010100110101100000000000000000000000000000000000000000000000001110110101001100
100111101010001011010100110101100000000000000000000000000000000000000000000000001001001001100011
100111101010001011010100110101100000000000000000000000000000000000000000000000110100111010000110
100111101010001011010100110101100000000000000000000000000000000000000000000000011001010110011010
100111101010001011010100110101100000000000000000000000000000000000000000000000100100111010010011
100111101010001011010100110101100000000000000000000000000000000000000000000000100000011111000111
100111101010001011010100110101100000000000000000000000000000000000000000000000111111011100111001
100111101010001011010100110101100000000000000000000000000000000000000000000000111110100111110001
100111101010001011010100110101100000000000000000000000000000000000000000000000111101100111010110
100111101010001011010100110101100000000000000000000000000000000000000000000001000011110111011001
100111101010001011010100110101100000000000000000000000000000000000000000000000000100100001111010
100111101010001011010100110101100000000000000000000000000000000000000000000000101100110001110110
100111101010001011010100110101100000000000000000000000000000000000000000000000011110001010100000
100111101010001011010100110101100000000000000000000000000000000000000000000000010111011100000101
100111101010001011010100110101100000000000000000000000000000000000000000000000001110011111101111
100111101010001011010100110101100000000000000000000000000000000000000000000000001001101000011100
100111101010001011010100110101100000000000000000000000000000000000000000000000111101101000110010
100111101010001011010100110101100000000000000000000000000000000000000000000000110000000011110111
100111101010001011010100110101100000000000000000000000000000000000000000000000100101011010010000
100111101010001011010100110101100000000000000000000000000000000000000000000000000001001001101001
100111101010001011010100110101100000000000000000000000000000000000000000000000001100111100011100
100111101010001011010100110101100000000000000000000000000000000000000000000000100111010100001100
100111101010001011010100110101100000000000000000000000000000000000000000000000100011100111100010
100111101010001011010100110101100000000000000000000000000000000000000000000000000110000001101011
100111101010001011010100110101100000000000000000000000000000000000000000000000101000000010100111
100111101010001011010100110101100000000000000000000000000000000000000000000000011001101110100011
100111101010001011010100110101100000000000000000000000000000000000000000000000000101000011110011
100111101010001011010100110101100000000000000000000000000000000000000000000001000000011110101010
100111101010001011010100110101100000000000000000000000000000000000000000000000101000110101110101
100111101010001011010100110101100000000000000000000000000000000000000000000000001110101001000001
100111101010001011010100110101100000000000000000000000000000000000000000000000110011100110100100
100111101010001011010100110101100000000000000000000000000000000000000000000000100000001101100110
100111101010001011010100110101100000000000000000000000000000000000000000000000001001111110101111
100111101010001011010100110101100000000000000000000000000000000000000000000000010000001001010100
100111101010001011010100110101100000000000000000000000000000000000000000000000100001100001110000
100111101010001011010100110101100000000000000000000000000000000000000000000000101011100101111010
100111101010001011010100110101100000000000000000000000000000000000000000000000001111010011011110
100111101010001011010100110101100000000000000000000000000000000000000000000000101100110010111010
100111101010001011010100110101100000000000000000000000000000000000000000000000011100010000010000
100111101010001011010100110101100000000000000000000000000000000000000000000000111110111100110011
100111101010001011010100110101100000000000000000000000000000000000000000000000001110101010011101
100111101010001011010100110101100000000000000000000000000000000000000000000000000101000011101011
100111101010001011010100110101100000000000000000000000000000000000000000000000000011101101110101
100111101010001011010100110101100000000000000000000000000000000000000000000000110011001111101110
100111101010001011010100110101100000000000000000000000000000000000000000000000101001100000011011
100111101010001011010100110101100000000000000000000000000000000000000000000000010111111101111000
100111101010001011010100110101100000000000000000000000000000000000000000000000100000111001110001
100111101010001011010100110101100000000000000000000000000000000000000000000000100000000101101100
100111101010001011010100110101100000000000000000000000000000000000000000000000111011101001011110
100111101010001011010100110101100000000000000000000000000000000000000000000000011011010001100011
100111101010001011010100110101100000000000000000000000000000000000000000000000101001110101011111
100111101010001011010100110101100000000000000000000000000000000000000000000001000110001111110110
100111101010001011010100110101100000000000000000000000000000000000000000000000010010101001011100
100111101010001011010100110101100000000000000000000000000000000000000000000000111110101001100011
100111101010001011010100110101100000000000000000000000000000000000000000000000110000101111110110
100111101010001011010100110101100000000000000000000000000000000000000000000000100010111010101010
100111101010001011010100110101100000000000000000000000000000000000000000000000010100010000111011
100111101010001011010100110101100000000000000000000000000000000000000000000000100001010011000100
100111101010001011010100110101100000000000000000000000000000000000000000000001000001011000000101
100111101010001011010100110101100000000000000000000000000000000000000000000001000011011001101100
100111101010001011010100110101100000000000000000000000000000000000000000000000000011011000010001
100111101010001011010100110101100000000000000000000000000000000000000000000000000011111000000111
100111101010001011010100110101100000000000000000000000000000000000000000000000111101101101010011
100111101010001011010100110101100000000000000000000000000000000000000000000000100001110100101001
100111101010001011010100110101100000000000000000000000000000000000000000000001000100001011101001
100111101010001011010100110101100000000000000000000000000000000000000000000000001001100001110101
100111101010001011010100110101100000000000000000000000000000000000000000000000110101100010000101
100111101010001011010100110101100000000000000000000000000000000000000000000000101000111011010010
100111101010001011010100110101100000000000000000000000000000000000000000000000111011000000111111
100111101010001011010100110101100000000000000000000000000000000000000000000000100111000011010101
100111101010001011010100110101100000000000000000000000000000000000000000000001000100011111110110
100111101010001011010100110101100000000000000000000000000000000000000000000000000011100100100001
100111101010001011010100110101100000000000000000000000000000000000000000000000001111101100011110
100111101010001011010100110101100000000000000000000000000000000000000000000000000011010000110101
100111101010001011010100110101100000000000000000000000000000000000000000000000110111100111001101
100111101010001011010100110101100000000000000000000000000000000000000000000000001011100000111100
100111101010001011010100110101100000000000000000000000000000000000000000000000110011010010011001
100111101010001011010100110101100000000000000000000000000000000000000000000000111110111100011101
100111101010001011010100110101100000000000000000000000000000000000000000000000110011111011100000
100111101010001011010100110101100000000000000000000000000000000000000000000000110010111010011100
100111101010001011010100110101100000000000000000000000000000000000000000000000100010010101001110
100111101010001011010100110101100000000000000000000000000000000000000000000000000000001001000011
100111101010001011010100110101100000000000000000000000000000000000000000000000000010001000100111
100111101010001011010100110101100000000000000000000000000000000000000000000000000110000000001100
100111101010001011010100110101100000000000000000000000000000000000000000000000110110111010110001
100111101010001011010100110101100000000000000000000000000000000000000000000000001000110001001101
100111101010001011010100110101100000000000000000000000000000000000000000000000000000011001110100
100111101010001011010100110101100000000000000000000000000000000000000000000000010010010000011010
100111101010001011010100110101100000000000000000000000000000000000000000000000001100110011100010
100111101010001011010100110101100000000000000000000000000000000000000000000000001110000010111010
100111101010001011010100110101100000000000000000000000000000000000000000000000011110010011000000
100111101010001011010100110101100000000000000000000000000000000000000000000000011110001011010001
100111101010001011010100110101100000000000000000000000000000000000000000000000001010101001101111
100111101010001011010100110101100000000000000000000000000000000000000000000000111001101101011010
100111101010001011010100110101100000000000000000000000000000000000000000000000111110011101011010
100111101010001011010100110101100000000000000000000000000000000000000000000001001000101100001001
100111101010001011010100110101100000000000000000000000000000000000000000000000001110101000101000
100111101010001011010100110101100000000000000000000000000000000000000000000000011101001110111100
100111101010001011010100110101100000000000000000000000000000000000000000000000000111110000000010
100111101010001011010100110101100000000000000000000000000000000000000000000000010100010100111101
100111101010001011010100110101100000000000000000000000000000000000000000000000011001010010110100
100111101010001011010100110101100000000000000000000000000000000000000000000000000100110001111000
100111101010001011010100110101100000000000000000000000000000000000000000000000100101100101011010
100111101010001011010100110101100000000000000000000000000000000000000000000000111101001101101110
100111101010001011010100110101100000000000000000000000000000000000000000000000100010100100001001
100111101010001011010100110101100000000000000000000000000000000000000000000000001011101101011101
100111101010001011010100110101100000000000000000000000000000000000000000000000111010000001101111
100111101010001011010100110101100000000000000000000000000000000000000000000000100101100011000111
100111101010001011010100110101100000000000000000000000000000000000000000000000001110011110010010
100111101010001011010100110101100000000000000000000000000000000000000000000000101101001101100001
100111101010001011010100110101100000000000000000000000000000000000000000000000101100111110100011
100111101010001011010100110101100000000000000000000000000000000000000000000001000010011110111010
100111101010001011010100110101100000000000000000000000000000000000000000000000110000100111101010
100111101010001011010100110101100000000000000000000000000000000000000000000000001000011001100111
100111101010001011010100110101100000000000000000000000000000000000000000000001000001001000110111
100111101010001011010100110101100000000000000000000000000000000000000000000000100100101110101000
100111101010001011010100110101100000000000000000000000000000000000000000000000001001001100101110
100111101010001011010100110101100000000000000000000000000000000000000000000000110011111001110101
100111101010001011010100110101100000000000000000000000000000000000000000000000101000001001100110
100111101010001011010100110101100000000000000000000000000000000000000000000000010101010001100000
100111101010001011010100110101100000000000000000000000000000000000000000000000111000010011101110
100111101010001011010100110101100000000000000000000000000000000000000000000000110001111100000101
100111101010001011010100110101100000000000000000000000000000000000000000000000010000010110001101
100111101010001011010100110101100000000000000000000000000000000000000000000000110100011010110101
100111101010001011010100110101100000000000000000000000000000000000000000000000100011101010001001
100111101010001011010100110101100000000000000000000000000000000000000000000000101101001001101010
100111101010001011010100110101100000000000000000000000000000000000000000000000101110111001111101
100111101010001011010100110101100000000000000000000000000000000000000000000000000011111101001001
100111101010001011010100110101100000000000000000000000000000000000000000000000000000001000001000
100111101010001011010100110101100000000000000000000000000000000000000000000000111000111111110000
100111101010001011010100110101100000000000000000000000000000000000000000000000101111010010111100
100111101010001011010100110101100000000000000000000000000000000000000000000000100110101101001110
100111101010001011010100110101100000000000000000000000000000000000000000000000100001100010000111
100111101010001011010100110101100000000000000000000000000000000000000000000001001000110101000110
100111101010001011010100110101100000000000000000000000000000000000000000000000100111001000010010
100111101010001011010100110101100000000000000000000000000000000000000000000000101011101011110010
100111101010001011010100110101100000000000000000000000000000000000000000000000111000000011000111
100111101010001011010100110101100000000000000000000000000000000000000000000000001001111110001101
100111101010001011010100110101100000000000000000000000000000000000000000000000111011010100010111
100111101010001011010100110101100000000000000000000000000000000000000000000000011110111110110101
100111101010001011010100110101100000000000000000000000000000000000000000000000001010110000101011
100111101010001011010100110101100000000000000000000000000000000000000000000000000111001110101010
100111101010001011010100110101100000000000000000000000000000000000000000000000010001001011000111
100111101010001011010100110101100000000000000000000000000000000000000000000000000010101110001011
100111101010001011010100110101100000000000000000000000000000000000000000000001001000110011111111
100111101010001011010100110101100000000000000000000000000000000000000000000000000101111111001111
100111101010001011010100110101100000000000000000000000000000000000000000000001000111000000101010
100111101010001011010100110101100000000000000000000000000000000000000000000000011100011111010101
100111101010001011010100110101100000000000000000000000000000000000000000000000011001000010010100
100111101010001011010100110101100000000000000000000000000000000000000000000000110111000010111110
100111101010001011010100110101100000000000000000000000000000000000000000000000101110111100001000
100111101010001011010100110101100000000000000000000000000000000000000000000000011010010010101101
100111101010001011010100110101100000000000000000000000000000000000000000000000011111100100111010
100111101010001011010100110101100000000000000000000000000000000000000000000000010101111110101100
100111101010001011010100110101100000000000000000000000000000000000000000000000101001111010100010
100111101010001011010100110101100000000000000000000000000000000000000000000000001111111111100101
100111101010001011010100110101100000000000000000000000000000000000000000000000000110111110100111
100111101010001011010100110101100000000000000000000000000000000000000000000000010001110110010001
100111101010001011010100110101100000000000000000000000000000000000000000000000101110010100111010
100111101010001011010100110101100000000000000000000000000000000000000000000000000000011011100010
100111101010001011010100110101100000000000000000000000000000000000000000000000001010001110110000
100111101010001011010100110101100000000000000000000000000000000000000000000000000010111100010111
100111101010001011010100110101100000000000000000000000000000000000000000000000100011110010100101
100111101010001011010100110101100000000000000000000000000000000000000000000000010101010110001100
100111101010001011010100110101100000000000000000000000000000000000000000000000010000110001111111
100111101010001011010100110101100000000000000000000000000000000000000000000000011000000010100000
100111101010001011010100110101100000000000000000000000000000000000000000000000110001000111011100
100111101010001011010100110101100000000000000000000000000000000000000000000000110100011110100110
100111101010001011010100110101100000000000000000000000000000000000000000000000001001010101000101
100111101010001011010100110101100000000000000000000000000000000000000000000000101101011101011001
100111101010001011010100110101100000000000000000000000000000000000000000000000011000000111110100
100111101010001011010100110101100000000000000000000000000000000000000000000000111010011000010010
100111101010001011010100110101100000000000000000000000000000000000000000000000011111100100011101
100111101010001011010100110101100000000000000000000000000000000000000000000000000110110001011100
100111101010001011010100110101100000000000000000000000000000000000000000000000100100001101001110
100111101010001011010100110101100000000000000000000000000000000000000000000000001011011100111111
100111101010001011010100110101100000000000000000000000000000000000000000000000001001101101010100
100111101010001011010100110101100000000000000000000000000000000000000000000000101101011111111110
100111101010001011010100110101100000000000000000000000000000000000000000000000010110011001101110
100111101010001011010100110101100000000000000000000000000000000000000000000000110111010111110010
100111101010001011010100110101100000000000000000000000000000000000000000000000111110000011010111
100111101010001011010100110101100000000000000000000000000000000000000000000001000101100001110000
100111101010001011010100110101100000000000000000000000000000000000000000000000010100011001100111
100111101010001011010100110101100000000000000000000000000000000000000000000000010101011001000110
100111101010001011010100110101100000000000000000000000000000000000000000000001000000011100000111
100111101010001011010100110101100000000000000000000000000000000000000000000000100011011100101010
100111101010001011010100110101100000000000000000000000000000000000000000000000010010001110111110
100111101010001011010100110101100000000000000000000000000000000000000000000000110110101000110101
100111101010001011010100110101100000000000000000000000000000000000000000000000110010001100000000
100111101010001011010100110101100000000000000000000000000000000000000000000001000100110111101110
100111101010001011010100110101100000000000000000000000000000000000000000000000110010100010010011
100111101010001011010100110101100000000000000000000000000000000000000000000000010010000001110110
100111101010001011010100110101100000000000000000000000000000000000000000000000010010101100001011
100111101010001011010100110101100000000000000000000000000000000000000000000000011111010011110000
100111101010001011010100110101100000000000000000000000000000000000000000000000101111101111110011
100111101010001011010100110101100000000000000000000000000000000000000000000000011101000001100110
100111101010001011010100110101100000000000000000000000000000000000000000000001000111000011111101
100111101010001011010100110101100000000000000000000000000000000000000000000001001001000001011110
100111101010001011010100110101100000000000000000000000000000000000000000000000011111110100000100
100111101010001011010100110101100000000000000000000000000000000000000000000000000101010100001111
100111101010001011010100110101100000000000000000000000000000000000000000000000101111111101100101
100111101010001011010100110101100000000000000000000000000000000000000000000000101110101010001101
100111101010001011010100110101100000000000000000000000000000000000000000000000111010010100011111
100111101010001011010100110101100000000000000000000000000000000000000000000000111001110101111011
100111101010001011010100110101100000000000000000000000000000000000000000000001000000111010000111
100111101010001011010100110101100000000000000000000000000000000000000000000000111010000111011010
100111101010001011010100110101100000000000000000000000000000000000000000000001000101010011111101
100111101010001011010100110101100000000000000000000000000000000000000000000000110000011110011111
100111101010001011010100110101100000000000000000000000000000000000000000000000110011010110011011
100111101010001011010100110101100000000000000000000000000000000000000000000000101101011000100101
100111101010001011010100110101100000000000000000000000000000000000000000000000100101111111101001
100111101010001011010100110101100000000000000000000000000000000000000000000001000110010000101100
100111101010001011010100110101100000000000000000000000000000000000000000000001000110101001000010
100111101010001011010100110101100000000000000000000000000000000000000000000000001100011101001001
100111101010001011010100110101100000000000000000000000000000000000000000000000010000001000110100
100111101010001011010100110101100000000000000000000000000000000000000000000001000001001010011011
100111101010001011010100110101100000000000000000000000000000000000000000000000010110110011110111
100111101010001011010100110101100000000000000000000000000000000000000000000000111100001000001111
100111101010001011010100110101100000000000000000000000000000000000000000000000111000110000001011
100111101010001011010100110101100000000000000000000000000000000000000000000000110100001111001000
100111101010001011010100110101100000000000000000000000000000000000000000000000000110111111000000
100111101010001011010100110101100000000000000000000000000000000000000000000000100100000001111111
100111101010001011010100110101100000000000000000000000000000000000000000000000011110101110001010
100111101010001011010100110101100000000000000000000000000000000000000000000000110010001000100010
100111101010001011010100110101100000000000000000000000000000000000000000000001000011110110100010
100111101010001011010100110101100000000000000000000000000000000000000000000001001000111101010101
100111101010001011010100110101100000000000000000000000000000000000000000000000010010001001011100
100111101010001011010100110101100000000000000000000000000000000000000000000000111100111001110010
100111101010001011010100110101100000000000000000000000000000000000000000000000100010111101001100
100111101010001011010100110101100000000000000000000000000000000000000000000000010110000100001011
100111101010001011010100110101100000000000000000000000000000000000000000000000110100100000110000
100111101010001011010100110101100000000000000000000000000000000000000000000000011100100000001001
100111101010001011010100110101100000000000000000000000000000000000000000000000110001101011101100
100111101010001011010100110101100000000000000000000000000000000000000000000000011110111110010100
100111101010001011010100110101100000000000000000000000000000000000000000000000011111000010110010
100111101010001011010100110101100000000000000000000000000000000000000000000000111111100001010000
100111101010001011010100110101100000000000000000000000000000000000000000000000111110001100001011
100111101010001011010100110101100000000000000000000000000000000000000000000001001001000011100111
100111101010001011010100110101100000000000000000000000000000000000000000000000101101100010101001
100111101010001011010100110101100000000000000000000000000000000000000000000000110010010000010000
100111101010001011010100110101100000000000000000000000000000000000000000000000011010011011001101
100111101010001011010100110101100000000000000000000000000000000000000000000001000010101001101011
100111101010001011010100110101100000000000000000000000000000000000000000000000001011000000110110
100111101010001011010100110101100000000000000000000000000000000000000000000000010001101111011010
100111101010001011010100110101100000000000000000000000000000000000000000000001000100111001100110
100111101010001011010100110101100000000000000000000000000000000000000000000001000001101001000101
100111101010001011010100110101100000000000000000000000000000000000000000000000100111011111111101
100111101010001011010100110101100000000000000000000000000000000000000000000000010000111010100110
100111101010001011010100110101100000000000000000000000000000000000000000000000011000011111100111
100111101010001011010100110101100000000000000000000000000000000000000000000000110011110011101110
100111101010001011010100110101100000000000000000000000000000000000000000000001000000101011101010
100111101010001011010100110101100000000000000000000000000000000000000000000001000011111001000101
100111101010001011010100110101100000000000000000000000000000000000000000000000011011111100011100
100111101010001011010100110101100000000000000000000000000000000000000000000001000000011100010100
100111101010001011010100110101100000000000000000000000000000000000000000000000101111111110101100
100111101010001011010100110101100000000000000000000000000000000000000000000000010001010000111110
100111101010001011010100110101100000000000000000000000000000000000000000000000100000001110101110
100111101010001011010100110101100000000000000000000000000000000000000000000000001010111100111110
100111101010001011010100110101100000000000000000000000000000000000000000000000001101100001001010
100111101010001011010100110101100000000000000000000000000000000000000000000000111000000011101000
100111101010001011010100110101100000000000000000000000000000000000000000000001000111101101100011
100111101010001011010100110101100000000000000000000000000000000000000000000000111010001000000001
100111101010001011010100110101100000000000000000000000000000000000000000000000111110110000100101
100111101010001011010100110101100000000000000000000000000000000000000000000000100101000110010110
100111101010001011010100110101100000000000000000000000000000000000000000000000011111011100111100
100111101010001011010100110101100000000000000000000000000000000000000000000000110101010101101011
100111101010001011010100110101100000000000000000000000000000000000000000000000001000100111110111
100111101010001011010100110101100000000000000000000000000000000000000000000000000000000101111000
100111101010001011010100110101100000000000000000000000000000000000000000000000001000110110010000
100111101010001011010100110101100000000000000000000000000000000000000000000000000111111001000010
100111101010001011010100110101100000000000000000000000000000000000000000000000001101011110010011
100111101010001011010100110101100000000000000000000000000000000000000000000000001101010000010100
100111101010001011010100110101100000000000000000000000000000000000000000000000011010110101111010
100111101010001011010100110101100000000000000000000000000000000000000000000001000110000001010111
100111101010001011010100110101100000000000000000000000000000000000000000000000010000000001100101
100111101010001011010100110101100000000000000000000000000000000000000000000001000100101111001101
100111101010001011010100110101100000000000000000000000000000000000000000000000101001111101010110
100111101010001011010100110101100000000000000000000000000000000000000000000000010111101110100011
100111101010001011010100110101100000000000000000000000000000000000000000000000100011100110111110
100111101010001011010100110101100000000000000000000000000000000000000000000000111111000011110010
100111101010001011010100110101100000000000000000000000000000000000000000000000000000001010101111
100111101010001011010100110101100000000000000000000000000000000000000000000000011010100110001110
100111101010001011010100110101100000000000000000000000000000000000000000000000010000101100001111
100111101010001011010100110101100000000000000000000000000000000000000000000000011010000010100101
100111101010001011010100110101100000000000000000000000000000000000000000000000001000011111110101
100111101010001011010100110101100000000000000000000000000000000000000000000000011001101110111111
100111101010001011010100110101100000000000000000000000000000000000000000000000111110000010110111
100111101010001011010100110101100000000000000000000000000000000000000000000000110110110001111100
100111101010001011010100110101100000000000000000000000000000000000000000000000001101000001011111
100111101010001011010100110101100000000000000000000000000000000000000000000000011111110000101110
100111101010001011010100110101100000000000000000000000000000000000000000000000111111100100011011
100111101010001011010100110101100000000000000000000000000000000000000000000000011001011001101100
100111101010001011010100110101100000000000000000000000000000000000000000000001001000010010101001
100111101010001011010100110101100000000000000000000000000000000000000000000000001010111010011001
100111101010001011010100110101100000000000000000000000000000000000000000000001000111101000111000
100111101010001011010100110101100000000000000000000000000000000000000000000001000010010111011110
100111101010001011010100110101100000000000000000000000000000000000000000000000101100101101111010
100111101010001011010100110101100000000000000000000000000000000000000000000000000011101100010001
100111101010001011010100110101100000000000000000000000000000000000000000000001000000001110100001
100111101010001011010100110101100000000000000000000000000000000000000000000000100011010010111110
100111101010001011010100110101100000000000000000000000000000000000000000000000110100001011101100
100111101010001011010100110101100000000000000000000000000000000000000000000000001011010111110100
100111101010001011010100110101100000000000000000000000000000000000000000000000101001100110001101
100111101010001011010100110101100000000000000000000000000000000000000000000000101100100001110111
100111101010001011010100110101100000000000000000000000000000000000000000000000100111100101010001
100111101010001011010100110101100000000000000000000000000000000000000000000001000010001101110110
100111101010001011010100110101100000000000000000000000000000000000000000000000001000111001010001
100111101010001011010100110101100000000000000000000000000000000000000000000000000011010001001001
100111101010001011010100110101100000000000000000000000000000000000000000000000100101101111010111
100111101010001011010100110101100000000000000000000000000000000000000000000000010111010010010010
100111101010001011010100110101100000000000000000000000000000000000000000000000000010000100101001
100111101010001011010100110101100000000000000000000000000000000000000000000000001110101101001101
100111101010001011010100110101100000000000000000000000000000000000000000000000011010011011111010
100111101010001011010100110101100000000000000000000000000000000000000000000000101111110000001011
100111101010001011010100110101100000000000000000000000000000000000000000000000011101101100000000
100111101010001011010100110101100000000000000000000000000000000000000000000000001101001100110010
100111101010001011010100110101100000000000000000000000000000000000000000000000001010110111001011
100111101010001011010100110101100000000000000000000000000000000000000000000000001101011010111011
100111101010001011010100110101100000000000000000000000000000000000000000000001001000011101100110
100111101010001011010100110101100000000000000000000000000000000000000000000000001011111100100111
100111101010001011010100110101100000000000000000000000000000000000000000000000110100011010101001
100111101010001011010100110101100000000000000000000000000000000000000000000000110011010101110001
100111101010001011010100110101100000000000000000000000000000000000000000000000001111110011001001
100111101010001011010100110101100000000000000000000000000000000000000000000001000010010000011101
100111101010001011010100110101100000000000000000000000000000000000000000000000111010000101101011
100111101010001011010100110101100000000000000000000000000000000000000000000000000111110001010111
100111101010001011010100110101100000000000000000000000000000000000000000000000000001110000000000
100111101010001011010100110101100000000000000000000000000000000000000000000000101011000110011010
100111101010001011010100110101100000000000000000000000000000000000000000000000111001100100101001
100111101010001011010100110101100000000000000000000000000000000000000000000000101001010001010110
100111101010001011010100110101100000000000000000000000000000000000000000000000101010010001110010
100111101010001011010100110101100000000000000000000000000000000000000000000000001011000011001000
100111101010001011010100110101100000000000000000000000000000000000000000000000111101111111001100
100111101010001011010100110101100000000000000000000000000000000000000000000000010110100101110110
100111101010001011010100110101100000000000000000000000000000000000000000000001000000000011101111
100111101010001011010100110101100000000000000000000000000000000000000000000001000010110100010011
100111101010001011010100110101100000000000000000000000000000000000000000000000110000010011010111
100111101010001011010100110101100000000000000000000000000000000000000000000000000111001100111001
100111101010001011010100110101100000000000000000000000000000000000000000000000011110100100000000
100111101010001011010100110101100000000000000000000000000000000000000000000000111001000000001011
100111101010001011010100110101100000000000000000000000000000000000000000000000011110101010110000
100111101010001011010100110101100000000000000000000000000000000000000000000000100111100111010100
100111101010001011010100110101100000000000000000000000000000000000000000000000010101101010111011
100111101010001011010100110101100000000000000000000000000000000000000000000000010011000011000100
100111101010001011010100110101100000000000000000000000000000000000000000000000101101001110110010
100111101010001011010100110101100000000000000000000000000000000000000000000000100111100010110111
100111101010001011010100110101100000000000000000000000000000000000000000000000010011001011111110
100111101010001011010100110101100000000000000000000000000000000000000000000000110011010010101110
100111101010001011010100110101100000000000000000000000000000000000000000000001000000100000101111
100111101010001011010100110101100000000000000000000000000000000000000000000000001000101100001001
100111101010001011010100110101100000000000000000000000000000000000000000000000000001010110001011
100111101010001011010100110101100000000000000000000000000000000000000000000001000010000110111000
100111101010001011010100110101100000000000000000000000000000000000000000000001000100101110100101
100111101010001011010100110101100000000000000000000000000000000000000000000001000100010011011010
100111101010001011010100110101100000000000000000000000000000000000000000000000111101101111000100
100111101010001011010100110101100000000000000000000000000000000000000000000000010111011000110011
100111101010001011010100110101100000000000000000000000000000000000000000000000101000111011100100
100111101010001011010100110101100000000000000000000000000000000000000000000000001101111011010000
100111101010001011010100110101100000000000000000000000000000000000000000000000001100010001111010
100111101010001011010100110101100000000000000000000000000000000000000000000000001111010111110111
100111101010001011010100110101100000000000000000000000000000000000000000000000111000001010100111
100111101010001011010100110101100000000000000000000000000000000000000000000000001010001101000111
100111101010001011010100110101100000000000000000000000000000000000000000000000001111110011101000
100111101010001011010100110101100000000000000000000000000000000000000000000000010100000101010001
100111101010001011010100110101100000000000000000000000000000000000000000000000110111110010001001
100111101010001011010100110101100000000000000000000000000000000000000000000001000000101111100010
100111101010001011010100110101100000000000000000000000000000000000000000000000100100100110000110
100111101010001011010100110101100000000000000000000000000000000000000000000000111110101010101011
100111101010001011010100110101100000000000000000000000000000000000000000000000000010101100010110
100111101010001011010100110101100000000000000000000000000000000000000000000000100001011010000001
100111101010001011010100110101100000000000000000000000000000000000000000000000011010001001110111
100111101010001011010100110101100000000000000000000000000000000000000000000000100000101011010010
100111101010001011010100110101100000000000000000000000000000000000000000000000111111110110000101
100111101010001011010100110101100000000000000000000000000000000000000000000001000010100111011111
100111101010001011010100110101100000000000000000000000000000000000000000000000011111001110010100
100111101010001011010100110101100000000000000000000000000000000000000000000000111100011111101101
100111101010001011010100110101100000000000000000000000000000000000000000000000011101110110000000
100111101010001011010100110101100000000000000000000000000000000000000000000000111001111101000100
100111101010001011010100110101100000000000000000000000000000000000000000000000010001100111111010
100111101010001011010100110101100000000000000000000000000000000000000000000000010010111111000110
100111101010001011010100110101100000000000000000000000000000000000000000000000101010011111001000
100111101010001011010100110101100000000000000000000000000000000000000000000000110000010001001110
100111101010001011010100110101100000000000000000000000000000000000000000000000011100100011001100
100111101010001011010100110101100000000000000000000000000000000000000000000000110111101100101011
100111101010001011010100110101100000000000000000000000000000000000000000000000111111000100001010
100111101010001011010100110101100000000000000000000000000000000000000000000000101111000001110011
100111101010001011010100110101100000000000000000000000000000000000000000000000110010101111010101
100111101010001011010100110101100000000000000000000000000000000000000000000000010001101001100001
100111101010001011010100110101100000000000000000000000000000000000000000000000100111100100100101
100111101010001011010100110101100000000000000000000000000000000000000000000000100000100111110000
100111101010001011010100110101100000000000000000000000000000000000000000000000111101010100000111
100111101010001011010100110101100000000000000000000000000000000000000000000000100110100010110111
100111101010001011010100110101100000000000000000000000000000000000000000000000010010001010000111
100111101010001011010100110101100000000000000000000000000000000000000000000000100010011010111111
100111101010001011010100110101100000000000000000000000000000000000000000000000011010101001001011
100111101010001011010100110101100000000000000000000000000000000000000000000000011010011000101101
100111101010001011010100110101100000000000000000000000000000000000000000000000100100111011010101
100111101010001011010100110101100000000000000000000000000000000000000000000000100010110110111110
100111101010001011010100110101100000000000000000000000000000000000000000000000110110100110011110
100111101010001011010100110101100000000000000000000000000000000000000000000000010111000100000111
100111101010001011010100110101100000000000000000000000000000000000000000000000010101100000110100
100111101010001011010100110101100000000000000000000000000000000000000000000000001010000101001110
100111101010001011010100110101100000000000000000000000000000000000000000000000000110101010111100
100111101010001011010100110101100000000000000000000000000000000000000000000000111010001001011100
100111101010001011010100110101100000000000000000000000000000000000000000000000111110111010101000
100111101010001011010100110101100000000000000000000000000000000000000000000000001111101011101010
100111101010001011010100110101100000000000000000000000000000000000000000000000101101011110100111
100111101010001011010100110101100000000000000000000000000000000000000000000000101010001010110000
100111101010001011010100110101100000000000000000000000000000000000000000000000110001000010111111
100111101010001011010100110101100000000000000000000000000000000000000000000000110101001111101110
100111101010001011010100110101100000000000000000000000000000000000000000000000100100110001100100
100111101010001011010100110101100000000000000000000000000000000000000000000000111010111101011110
100111101010001011010100110101100000000000000000000000000000000000000000000000011010111001001010
100111101010001011010100110101100000000000000000000000000000000000000000000000100100001011000001
100111101010001011010100110101100000000000000000000000000000000000000000000000110110001011001100
100111101010001011010100110101100000000000000000000000000000000000000000000000010110001110000000
100111101010001011010100110101100000000000000000000000000000000000000000000000111001000011111001
100111101010001011010100110101100000000000000000000000000000000000000000000000001000111000110111
100111101010001011010100110101100000000000000000000000000000000000000000000000100011110000101110
100111101010001011010100110101100000000000000000000000000000000000000000000000011100101010000110
100111101010001011010100110101100000000000000000000000000000000000000000000000000011001101010111
100111101010001011010100110101100000000000000000000000000000000000000000000000111101101000010111
100111101010001011010100110101100000000000000000000000000000000000000000000000100110111001011011
100111101010001011010100110101100000000000000000000000000000000000000000000000010010100011111000
100111101010001011010100110101100000000000000000000000000000000000000000000000011000000001011001
100111101010001011010100110101100000000000000000000000000000000000000000000001000100011101010010
100111101010001011010100110101100000000000000000000000000000000000000000000000111110010001011100
100111101010001011010100110101100000000000000000000000000000000000000000000000001011011001100001
100111101010001011010100110101100000000000000000000000000000000000000000000001000110100111111100
100111101010001011010100110101100000000000000000000000000000000000000000000001000001111000111000
100111101010001011010100110101100000000000000000000000000000000000000000000000010101111001100110
100111101010001011010100110101100000000000000000000000000000000000000000000000100100001111010100
100111101010001011010100110101100000000000000000000000000000000000000000000000101101110001110111
100111101010001011010100110101100000000000000000000000000000000000000000000000010010010110000100
100111101010001011010100110101100000000000000000000000000000000000000000000000110111110111111100
100111101010001011010100110101100000000000000000000000000000000000000000000000111001111111100011
100111101010001011010100110101100000000000000000000000000000000000000000000000101010101010111001
100111101010001011010100110101100000000000000000000000000000000000000000000001000010011001000101
100111101010001011010100110101100000000000000000000000000000000000000000000000101111011101011010
100111101010001011010100110101100000000000000000000000000000000000000000000000110011000110011001
100111101010001011010100110101100000000000000000000000000000000000000000000000110011000011001101
100111101010001011010100110101100000000000000000000000000000000000000000000000111011000010110001
100111101010001011010100110101100000000000000000000000000000000000000000000000111101001101010010
100111101010001011010100110101100000000000000000000000000000000000000000000001000111000110111001
100111101010001011010100110101100000000000000000000000000000000000000000000000111111000110010001
100111101010001011010100110101100000000000000000000000000000000000000000000000100110001100011001
100111101010001011010100110101100000000000000000000000000000000000000000000000100011011010001000
100111101010001011010100110101100000000000000000000000000000000000000000000000010100110100101111
100111101010001011010100110101100000000000000000000000000000000000000000000000100110001000010011
100111101010001011010100110101100000000000000000000000000000000000000000000000100010110100011100
100111101010001011010100110101100000000000000000000000000000000000000000000000001110010011000101
100111101010001011010100110101100000000000000000000000000000000000000000000000100011010101100101
100111101010001011010100110101100000000000000000000000000000000000000000000000100000110011011111
100111101010001011010100110101100000000000000000000000000000000000000000000000010110100111001110
100111101010001011010100110101100000000000000000000000000000000000000000000001000100111011111001
100111101010001011010100110101100000000000000000000000000000000000000000000000110110010110000101
100111101010001011010100110101100000000000000000000000000000000000000000000000111000100010001001
100111101010001011010100110101100000000000000000000000000000000000000000000000001101111111011010
100111101010001011010100110101100000000000000000000000000000000000000000000001000110011100110111
100111101010001011010100110101100000000000000000000000000000000000000000000000010010011110111101
100111101010001011010100110101100000000000000000000000000000000000000000000000010000001010110101
100111101010001011010100110101100000000000000000000000000000000000000000000000110011000010000111
100111101010001011010100110101100000000000000000000000000000000000000000000000000110001001010111
100111101010001011010100110101100000000000000000000000000000000000000000000000011000101101110001
100111101010001011010100110101100000000000000000000000000000000000000000000000111110110110000010
100111101010001011010100110101100000000000000000000000000000000000000000000001000101101010000101
100111101010001011010100110101100000000000000000000000000000000000000000000000010011011001011000
100111101010001011010100110101100000000000000000000000000000000000000000000000000000000100000111
100111101010001011010100110101100000000000000000000000000000000000000000000000111110110100101100
100111101010001011010100110101100000000000000000000000000000000000000000000000110101110101110111
100111101010001011010100110101100000000000000000000000000000000000000000000000100111010000000111
100111101010001011010100110101100000000000000000000000000000000000000000000000111110111111111100
100111101010001011010100110101100000000000000000000000000000000000000000000000001101111011111001
100111101010001011010100110101100000000000000000000000000000000000000000000000111110110101010000
100111101010001011010100110101100000000000000000000000000000000000000000000001000000110100001001
100111101010001011010100110101100000000000000000000000000000000000000000000000001100000100010100
100111101010001011010100110101100000000000000000000000000000000000000000000000111000010000101100
100111101010001011010100110101100000000000000000000000000000000000000000000000001001010000111000
100111101010001011010100110101100000000000000000000000000000000000000000000000011001110111011101
100111101010001011010100110101100000000000000000000000000000000000000000000000000000101010100111
100111101010001011010100110101100000000000000000000000000000000000000000000000011010000101000010
100111101010001011010100110101100000000000000000000000000000000000000000000001001000110100100001
100111101010001011010100110101100000000000000000000000000000000000000000000000000100111011011000
100111101010001011010100110101100000000000000000000000000000000000000000000000011110001010010011
100111101010001011010100110101100000000000000000000000000000000000000000000001000101001111001100
100111101010001011010100110101100000000000000000000000000000000000000000000000110101010011001101
100111101010001011010100110101100000000000000000000000000000000000000000000000001110001101011100
100111101010001011010100110101100000000000000000000000000000000000000000000000010100000011001101
100111101010001011010100110101100000000000000000000000000000000000000000000000101001011000110010
100111101010001011010100110101100000000000000000000000000000000000000000000000111100110011101000
100111101010001011010100110101100000000000000000000000000000000000000000000000011100000001110000
100111101010001011010100110101100000000000000000000000000000000000000000000000011111111110001000
100111101010001011010100110101100000000000000000000000000000000000000000000000001100010011001010
100111101010001011010100110101100000000000000000000000000000000000000000000000001101011001101101
100111101010001011010100110101100000000000000000000000000000000000000000000000111000110101010000
100111101010001011010100110101100000000000000000000000000000000000000000000000011100001101010101
100111101010001011010100110101100000000000000000000000000000000000000000000000010010010111000001
100111101010001011010100110101100000000000000000000000000000000000000000000000011011101111001001
100111101010001011010100110101100000000000000000000000000000000000000000000000110000011011111001
100111101010001011010100110101100000000000000000000000000000000000000000000000101010011010001101
100111101010001011010100110101100000000000000000000000000000000000000000000000001110000000010101
100111101010001011010100110101100000000000000000000000000000000000000000000000111000111010110010
100111101010001011010100110101100000000000000000000000000000000000000000000000111010010110001111
100111101010001011010100110101100000000000000000000000000000000000000000000000110010111000100110
100111101010001011010100110101100000000000000000000000000000000000000000000000010000100000001111
100111101010001011010100110101100000000000000000000000000000000000000000000000111010000100000011
100111101010001011010100110101100000000000000000000000000000000000000000000000111101011011011001
100111101010001011010100110101100000000000000000000000000000000000000000000000001101010000000111
100111101010001011010100110101100000000000000000000000000000000000000000000000001010011010101110
100111101010001011010100110101100000000000000000000000000000000000000000000000000010011001010111
100111101010001011010100110101100000000000000000000000000000000000000000000001000101101011010010
100111101010001011010100110101100000000000000000000000000000000000000000000001000011101000001111
100111101010001011010100110101100000000000000000000000000000000000000000000000000010011010111100
100111101010001011010100110101100000000000000000000000000000000000000000000000001111101010101001
100111101010001011010100110101100000000000000000000000000000000000000000000000001101101111110111
100111101010001011010100110101100000000000000000000000000000000000000000000000000111110010100100
100111101010001011010100110101100000000000000000000000000000000000000000000000010101100101010110
100111101010001011010100110101100000000000000000000000000000000000000000000001000100001010111001
100111101010001011010100110101100000000000000000000000000000000000000000000000101001110101100011
100111101010001011010100110101100000000000000000000000000000000000000000000000000010111111001011
100111101010001011010100110101100000000000000000000000000000000000000000000000101110000001010011
100111101010001011010100110101100000000000000000000000000000000000000000000000000101001101100100
100111101010001011010100110101100000000000000000000000000000000000000000000000101011111001011010
100111101010001011010100110101100000000000000000000000000000000000000000000000100100100110011100
100111101010001011010100110101100000000000000000000000000000000000000000000000001000001111010011
100111101010001011010100110101100000000000000000000000000000000000000000000000111110000100100110
100111101010001011010100110101100000000000000000000000000000000000000000000000110111100111111110
100111101010001011010100110101100000000000000000000000000000000000000000000001000101100011011111
100111101010001011010100110101100000000000000000000000000000000000000000000001000111110001100101
100111101010001011010100110101100000000000000000000000000000000000000000000000101111101010010110
100111101010001011010100110101100000000000000000000000000000000000000000000000101001100000100010
100111101010001011010100110101100000000000000000000000000000000000000000000000110111110001101010
100111101010001011010100110101100000000000000000000000000000000000000000000000000000000110100101
100111101010001011010100110101100000000000000000000000000000000000000000000000001011111000000100
100111101010001011010100110101100000000000000000000000000000000000000000000001001001001010110000
100111101010001011010100110101100000000000000000000000000000000000000000000000100110000011100100
100111101010001011010100110101100000000000000000000000000000000000000000000000000111101100110011
100111101010001011010100110101100000000000000000000000000000000000000000000001000011111111001100
100111101010001011010100110101100000000000000000000000000000000000000000000000011101101010000110
100111101010001011010100110101100000000000000000000000000000000000000000000000101110010110011011
100111101010001011010100110101100000000000000000000000000000000000000000000000011010111111011101
100111101010001011010100110101100000000000000000000000000000000000000000000000001000101111111010
100111101010001011010100110101100000000000000000000000000000000000000000000000011000000001010101
100111101010001011010100110101100000000000000000000000000000000000000000000000100111000100111101
100111101010001011010100110101100000000000000000000000000000000000000000000001000101011100001101
100111101010001011010100110101100000000000000000000000000000000000000000000000101010110101110110
100111101010001011010100110101100000000000000000000000000000000000000000000000001110011000100000
100111101010001011010100110101100000000000000000000000000000000000000000000000101010111110111100
100111101010001011010100110101100000000000000000000000000000000000000000000000011100000001000111
100111101010001011010100110101100000000000000000000000000000000000000000000000011000101100010010
100111101010001011010100110101100000000000000000000000000000000000000000000001000110100110111000
100111101010001011010100110101100000000000000000000000000000000000000000000001000111011000101100
100111101010001011010100110101100000000000000000000000000000000000000000000000000101110011010101
100111101010001011010100110101100000000000000000000000000000000000000000000000010010001010000100
100111101010001011010100110101100000000000000000000000000000000000000000000001001000000011100111
100111101010001011010100110101100000000000000000000000000000000000000000000000100010010101100010
100111101010001011010100110101100000000000000000000000000000000000000000000000000010111001011010
100111101010001011010100110101100000000000000000000000000000000000000000000001000001101001010101
100111101010001011010100110101100000000000000000000000000000000000000000000000101000010000000101
100111101010001011010100110101100000000000000000000000000000000000000000000000000110100001111010
100111101010001011010100110101100000000000000000000000000000000000000000000000111100101110001010
100111101010001011010100110101100000000000000000000000000000000000000000000000101011100110110101
100111101010001011010100110101100000000000000000000000000000000000000000000000010010010110111110
100111101010001011010100110101100000000000000000000000000000000000000000000000001010101110010110
100111101010001011010100110101100000000000000000000000000000000000000000000000101010011101001001
100111101010001011010100110101100000000000000000000000000000000000000000000000011010011001001001
100111101010001011010100110101100000000000000000000000000000000000000000000000110010000000101110
100111101010001011010100110101100000000000000000000000000000000000000000000000011101001110111010
100111101010001011010100110101100000000000000000000000000000000000000000000000010001110100011011
100111101010001011010100110101100000000000000000000000000000000000000000000001000011011101011110
100111101010001011010100110101100000000000000000000000000000000000000000000000110110000010001000
100111101010001011010100110101100000000000000000000000000000000000000000000000010001101101001000
100111101010001011010100110101100000000000000000000000000000000000000000000000011010111101110111
100111101010001011010100110101100000000000000000000000000000000000000000000000111111110001101111
100111101010001011010100110101100000000000000000000000000000000000000000000000111011011010100101
100111101010001011010100110101100000000000000000000000000000000000000000000000110110011110111100
100111101010001011010100110101100000000000000000000000000000000000000000000001001000010100111011
100111101010001011010100110101100000000000000000000000000000000000000000000000010011110011000001
100111101010001011010100110101100000000000000000000000000000000000000000000000101011000011000111
100111101010001011010100110101100000000000000000000000000000000000000000000001000010111111010110
100111101010001011010100110101100000000000000000000000000000000000000000000000111111000010110110
100111101010001011010100110101100000000000000000000000000000000000000000000000111101010010001110
100111101010001011010100110101100000000000000000000000000000000000000000000001001000101100010010
100111101010001011010100110101100000000000000000000000000000000000000000000000000100110111111110
100111101010001011010100110101100000000000000000000000000000000000000000000000101100010011011001
100111101010001011010100110101100000000000000000000000000000000000000000000000001010100010101100
100111101010001011010100110101100000000000000000000000000000000000000000000000001010000101101110
100111101010001011010100110101100000000000000000000000000000000000000000000000011111010000100110
100111101010001011010100110101100000000000000000000000000000000000000000000000011111000101111011
100111101010001011010100110101100000000000000000000000000000000000000000000000000000111010100011
100111101010001011010100110101100000000000000000000000000000000000000000000000111100111111010110
100111101010001011010100110101100000000000000000000000000000000000000000000000111000011011101001
100111101010001011010100110101100000000000000000000000000000000000000000000000101110000001010111
100111101010001011010100110101100000000000000000000000000000000000000000000000110010100010100101
100111101010001011010100110101100000000000000000000000000000000000000000000000111111101010110011
100111101010001011010100110101100000000000000000000000000000000000000000000000111010101100110101
100111101010001011010100110101100000000000000000000000000000000000000000000000010010001010001111
100111101010001011010100110101100000000000000000000000000000000000000000000000011100010000111100
100111101010001011010100110101100000000000000000000000000000000000000000000000001001101001100000
100111101010001011010100110101100000000000000000000000000000000000000000000001000100100110011111
100111101010001011010100110101100000000000000000000000000000000000000000000000000101001111011001
100111101010001011010100110101100000000000000000000000000000000000000000000000011010110111001101
100111101010001011010100110101100000000000000000000000000000000000000000000001000000011111100111
100111101010001011010100110101100000000000000000000000000000000000000000000000100101010001110110
100111101010001011010100110101100000000000000000000000000000000000000000000000101000110011000100
100111101010001011010100110101100000000000000000000000000000000000000000000000110011100111101110
100111101010001011010100110101100000000000000000000000000000000000000000000000100110010110001000
100111101010001011010100110101100000000000000000000000000000000000000000000000111111101111111100
100111101010001011010100110101100000000000000000000000000000000000000000000000001011100011001100
100111101010001011010100110101100000000000000000000000000000000000000000000000101100101101010100
100111101010001011010100110101100000000000000000000000000000000000000000000000110100011100010000
100111101010001011010100110101100000000000000000000000000000000000000000000000011010100101101101
100111101010001011010100110101100000000000000000000000000000000000000000000000001101010001011011
100111101010001011010100110101100000000000000000000000000000000000000000000000101001011000010101
100111101010001011010100110101100000000000000000000000000000000000000000000000111011100101010010
100111101010001011010100110101100000000000000000000000000000000000000000000000100111110110001100
100111101010001011010100110101100000000000000000000000000000000000000000000000101111001010001101
100111101010001011010100110101100000000000000000000000000000000000000000000000111110100000111111
100111101010001011010100110101100000000000000000000000000000000000000000000000010110110110110011
100111101010001011010100110101100000000000000000000000000000000000000000000000110000111110100000
100111101010001011010100110101100000000000000000000000000000000000000000000000101011111000010111
100111101010001011010100110101100000000000000000000000000000000000000000000001000011010111100010
100111101010001011010100110101100000000000000000000000000000000000000000000000001001101101101011
100111101010001011010100110101100000000000000000000000000000000000000000000000111011010011101011
100111101010001011010100110101100000000000000000000000000000000000000000000000010010001111000101
100111101010001011010100110101100000000000000000000000000000000000000000000000001010000110010111
100111101010001011010100110101100000000000000000000000000000000000000000000000110111010000101110
100111101010001011010100110101100000000000000000000000000000000000000000000000101100011011100101
100111101010001011010100110101100000000000000000000000000000000000000000000000101001010100010100
100111101010001011010100110101100000000000000000000000000000000000000000000000100011011011100011
100111101010001011010100110101100000000000000000000000000000000000000000000000011011110110100111
100111101010001011010100110101100000000000000000000000000000000000000000000000000110101110010001
100111101010001011010100110101100000000000000000000000000000000000000000000000010111110001010001
100111101010001011010100110101100000000000000000000000000000000000000000000000100110000011111101
100111101010001011010100110101100000000000000000000000000000000000000000000000101110101010001001
100111101010001011010100110101100000000000000000000000000000000000000000000000000011011100110010
100111101010001011010100110101100000000000000000000000000000000000000000000000010010010011011011
100111101010001011010100110101100000000000000000000000000000000000000000000000011100001110101110
100111101010001011010100110101100000000000000000000000000000000000000000000000001011000101001100
