100111101010001011010100110101100000000000000000000000000000000000000000000000110101111001000001
100111101010001011010100110101100000000000000000000000000000000000000000000000100111010011101001
100111101010001011010100110101100000000000000000000000000000000000000000000000101100110000111110
100111101010001011010100110101100000000000000000000000000000000000000000000000110001000110000010
100111101010001011010100110101100000000000000000000000000000000000000000000000000100011010110011
100111101010001011010100110101100000000000000000000000000000000000000000000000111110001111100100
100111101010001011010100110101100000000000000000000000000000000000000000000001000111000111010101
100111101010001011010100110101100000000000000000000000000000000000000000000000011111010101001101
100111101010001011010100110101100000000000000000000000000000000000000000000000100001100100110011
100111101010001011010100110101100000000000000000000000000000000000000000000001000101000100110000
100111101010001011010100110101100000000000000000000000000000000000000000000001000000100001011010
100111101010001011010100110101100000000000000000000000000000000000000000000000110011110100000001
100111101010001011010100110101100000000000000000000000000000000000000000000000100000110011110110
100111101010001011010100110101100000000000000000000000000000000000000000000000111111010111001001
100111101010001011010100110101100000000000000000000000000000000000000000000000000000000111010101
100111101010001011010100110101100000000000000000000000000000000000000000000000010000000101100010
100111101010001011010100110101100000000000000000000000000000000000000000000000111111100000001100
100111101010001011010100110101100000000000000000000000000000000000000000000000100001110001110010
100111101010001011010100110101100000000000000000000000000000000000000000000001000001110101101011
100111101010001011010100110101100000000000000000000000000000000000000000000000111010011110001010
100111101010001011010100110101100000000000000000000000000000000000000000000000011101001111110011
100111101010001011010100110101100000000000000000000000000000000000000000000000100001110100001111
100111101010001011010100110101100000000000000000000000000000000000000000000000101110010000001011
100111101010001011010100110101100000000000000000000000000000000000000000000000001001000101010101
100111101010001011010100110101100000000000000000000000000000000000000000000000001011101010001110
100111101010001011010100110101100000000000000000000000000000000000000000000000010011110010011000
100111101010001011010100110101100000000000000000000000000000000000000000000001000111000101100001
100111101010001011010100110101100000000000000000000000000000000000000000000000000010001010100111
100111101010001011010100110101100000000000000000000000000000000000000000000001000010000101110110
100111101010001011010100110101100000000000000000000000000000000000000000000000000000011100011101
100111101010001011010100110101100000000000000000000000000000000000000000000000000111011101110010
100111101010001011010100110101100000000000000000000000000000000000000000000000111010110010000111
100111101010001011010100110101100000000000000000000000000000000000000000000000101100010011010101
100111101010001011010100110101100000000000000000000000000000000000000000000000111011000110100111
100111101010001011010100110101100000000000000000000000000000000000000000000000011000010100001101
100111101010001011010100110101100000000000000000000000000000000000000000000000110011000011000001
100111101010001011010100110101100000000000000000000000000000000000000000000001000001001011010110
100111101010001011010100110101100000000000000000000000000000000000000000000000101010001110000000
100111101010001011010100110101100000000000000000000000000000000000000000000000010111000101101110
100111101010001011010100110101100000000000000000000000000000000000000000000000001001101100011110
100111101010001011010100110101100000000000000000000000000000000000000000000000001011110111101010
100111101010001011010100110101100000000000000000000000000000000000000000000000011010101011010000
100111101010001011010100110101100000000000000000000000000000000000000000000000101110011001111100
100111101010001011010100110101100000000000000000000000000000000000000000000000010001001100110111
100111101010001011010100110101100000000000000000000000000000000000000000000000001111101110101001
100111101010001011010100110101100000000000000000000000000000000000000000000000110101000011101110
100111101010001011010100110101100000000000000000000000000000000000000000000000011100000100010101
100111101010001011010100110101100000000000000000000000000000000000000000000000000010011101010111
100111101010001011010100110101100000000000000000000000000000000000000000000000010001000011100001
100111101010001011010100110101100000000000000000000000000000000000000000000000000111100101101110
100111101010001011010100110101100000000000000000000000000000000000000000000000000100101110011111
100111101010001011010100110101100000000000000000000000000000000000000000000001000101100001100110
100111101010001011010100110101100000000000000000000000000000000000000000000000001100011001011100
100111101010001011010100110101100000000000000000000000000000000000000000000000110000111011010110
100111101010001011010100110101100000000000000000000000000000000000000000000000010111110111011110
100111101010001011010100110101100000000000000000000000000000000000000000000000101011111110011100
100111101010001011010100110101100000000000000000000000000000000000000000000000011011110100000100
100111101010001011010100110101100000000000000000000000000000000000000000000000111111011000100011
100111101010001011010100110101100000000000000000000000000000000000000000000000100011110111001000
100111101010001011010100110101100000000000000000000000000000000000000000000001001000110111110010
100111101010001011010100110101100000000000000000000000000000000000000000000000001001000110001010
100111101010001011010100110101100000000000000000000000000000000000000000000000111110110100100001
100111101010001011010100110101100000000000000000000000000000000000000000000000111001110100000001
100111101010001011010100110101100000000000000000000000000000000000000000000000110001000011100111
100111101010001011010100110101100000000000000000000000000000000000000000000001000000110100100110
100111101010001011010100110101100000000000000000000000000000000000000000000001000011001100011111
100111101010001011010100110101100000000000000000000000000000000000000000000000111100000111000010
100111101010001011010100110101100000000000000000000000000000000000000000000001001000111111100001
100111101010001011010100110101100000000000000000000000000000000000000000000001000101110111100000
100111101010001011010100110101100000000000000000000000000000000000000000000000100010001000001000
100111101010001011010100110101100000000000000000000000000000000000000000000000110101010001000100
100111101010001011010100110101100000000000000000000000000000000000000000000000001101010110010011
100111101010001011010100110101100000000000000000000000000000000000000000000000000011111110101100
100111101010001011010100110101100000000000000000000000000000000000000000000000110110000010100100
100111101010001011010100110101100000000000000000000000000000000000000000000000111110010010011100
100111101010001011010100110101100000000000000000000000000000000000000000000000101111000100001000
100111101010001011010100110101100000000000000000000000000000000000000000000000010000111111111100
100111101010001011010100110101100000000000000000000000000000000000000000000000010100000101111000
100111101010001011010100110101100000000000000000000000000000000000000000000001001001001101001011
100111101010001011010100110101100000000000000000000000000000000000000000000000100101111010110100
100111101010001011010100110101100000000000000000000000000000000000000000000000110110111001101000
100111101010001011010100110101100000000000000000000000000000000000000000000000001111100110001100
100111101010001011010100110101100000000000000000000000000000000000000000000000011101110010001000
100111101010001011010100110101100000000000000000000000000000000000000000000000001001000011000111
100111101010001011010100110101100000000000000000000000000000000000000000000000111001001010011111
100111101010001011010100110101100000000000000000000000000000000000000000000000111011101001110001
100111101010001011010100110101100000000000000000000000000000000000000000000000010001100010111110
100111101010001011010100110101100000000000000000000000000000000000000000000001000100001000100100
100111101010001011010100110101100000000000000000000000000000000000000000000000101111011110111011
100111101010001011010100110101100000000000000000000000000000000000000000000000010110110011010101
100111101010001011010100110101100000000000000000000000000000000000000000000000001101010101111001
100111101010001011010100110101100000000000000000000000000000000000000000000000100011110000001001
100111101010001011010100110101100000000000000000000000000000000000000000000000001111001100001100
100111101010001011010100110101100000000000000000000000000000000000000000000001000001100101110000
100111101010001011010100110101100000000000000000000000000000000000000000000000011110111110111110
100111101010001011010100110101100000000000000000000000000000000000000000000001000010001101011011
100111101010001011010100110101100000000000000000000000000000000000000000000000011011110101000010
100111101010001011010100110101100000000000000000000000000000000000000000000000111011101110111011
100111101010001011010100110101100000000000000000000000000000000000000000000000011010111001000000
100111101010001011010100110101100000000000000000000000000000000000000000000000100000010011011100
100111101010001011010100110101100000000000000000000000000000000000000000000000100001101001000111
100111101010001011010100110101100000000000000000000000000000000000000000000001000110110101101000
100111101010001011010100110101100000000000000000000000000000000000000000000000001111101101001111
100111101010001011010100110101100000000000000000000000000000000000000000000000001100001101110011
100111101010001011010100110101100000000000000000000000000000000000000000000000000111101001010010
100111101010001011010100110101100000000000000000000000000000000000000000000000101000000111101110
100111101010001011010100110101100000000000000000000000000000000000000000000000110100011100101111
100111101010001011010100110101100000000000000000000000000000000000000000000000011100011111011011
100111101010001011010100110101100000000000000000000000000000000000000000000000110100111000101001
100111101010001011010100110101100000000000000000000000000000000000000000000001000010100110110011
100111101010001011010100110101100000000000000000000000000000000000000000000000101011010011111110
100111101010001011010100110101100000000000000000000000000000000000000000000000101100101011000110
100111101010001011010100110101100000000000000000000000000000000000000000000000000010001111101100
100111101010001011010100110101100000000000000000000000000000000000000000000000001101111101010010
100111101010001011010100110101100000000000000000000000000000000000000000000000001101111111011001
100111101010001011010100110101100000000000000000000000000000000000000000000000111000011111110100
100111101010001011010100110101100000000000000000000000000000000000000000000000101011100100110100
100111101010001011010100110101100000000000000000000000000000000000000000000001000000010011001110
100111101010001011010100110101100000000000000000000000000000000000000000000000101100111111001110
100111101010001011010100110101100000000000000000000000000000000000000000000001000000011111011100
100111101010001011010100110101100000000000000000000000000000000000000000000000011110111010001110
100111101010001011010100110101100000000000000000000000000000000000000000000001000110111101111110
100111101010001011010100110101100000000000000000000000000000000000000000000001000010100011110110
100111101010001011010100110101100000000000000000000000000000000000000000000000100111011011010000
100111101010001011010100110101100000000000000000000000000000000000000000000000000010111110010000
100111101010001011010100110101100000000000000000000000000000000000000000000000000100111101001110
100111101010001011010100110101100000000000000000000000000000000000000000000001000001000101010001
100111101010001011010100110101100000000000000000000000000000000000000000000000010010110110001001
100111101010001011010100110101100000000000000000000000000000000000000000000000111100000110011111
100111101010001011010100110101100000000000000000000000000000000000000000000000111011111111010011
100111101010001011010100110101100000000000000000000000000000000000000000000001000110101101011001
100111101010001011010100110101100000000000000000000000000000000000000000000000100110101011010111
100111101010001011010100110101100000000000000000000000000000000000000000000000111100100011111111
100111101010001011010100110101100000000000000000000000000000000000000000000001000110110100110011
100111101010001011010100110101100000000000000000000000000000000000000000000000100010100010100101
100111101010001011010100110101100000000000000000000000000000000000000000000000110110100100011111
100111101010001011010100110101100000000000000000000000000000000000000000000000010100110011001100
100111101010001011010100110101100000000000000000000000000000000000000000000000001100101001101111
100111101010001011010100110101100000000000000000000000000000000000000000000000011111111011000010
100111101010001011010100110101100000000000000000000000000000000000000000000000001100000001111110
100111101010001011010100110101100000000000000000000000000000000000000000000000100100100010000111
100111101010001011010100110101100000000000000000000000000000000000000000000000011000000100011010
100111101010001011010100110101100000000000000000000000000000000000000000000000000010100001010000
100111101010001011010100110101100000000000000000000000000000000000000000000000010001010000001010
100111101010001011010100110101100000000000000000000000000000000000000000000000111000100100100100
100111101010001011010100110101100000000000000000000000000000000000000000000000101000010000110001
100111101010001011010100110101100000000000000000000000000000000000000000000001000000101101000111
100111101010001011010100110101100000000000000000000000000000000000000000000000001101100001010000
100111101010001011010100110101100000000000000000000000000000000000000000000000000110110001111111
100111101010001011010100110101100000000000000000000000000000000000000000000000000100010010110111
100111101010001011010100110101100000000000000000000000000000000000000000000000101010111110111111
100111101010001011010100110101100000000000000000000000000000000000000000000000110110000100110101
100111101010001011010100110101100000000000000000000000000000000000000000000000011000010110110000
100111101010001011010100110101100000000000000000000000000000000000000000000000111010001011100000
100111101010001011010100110101100000000000000000000000000000000000000000000000101001010010010010
100111101010001011010100110101100000000000000000000000000000000000000000000000100100011001001111
100111101010001011010100110101100000000000000000000000000000000000000000000000110110101110100000
100111101010001011010100110101100000000000000000000000000000000000000000000000100011100011000000
100111101010001011010100110101100000000000000000000000000000000000000000000000000000010011101101
100111101010001011010100110101100000000000000000000000000000000000000000000000000100000010000100
100111101010001011010100110101100000000000000000000000000000000000000000000000011110001011101010
100111101010001011010100110101100000000000000000000000000000000000000000000000110111111100010111
100111101010001011010100110101100000000000000000000000000000000000000000000000110100101101111100
100111101010001011010100110101100000000000000000000000000000000000000000000000111011100000111011
100111101010001011010100110101100000000000000000000000000000000000000000000001000011011100010011
100111101010001011010100110101100000000000000000000000000000000000000000000001000101010000010110
100111101010001011010100110101100000000000000000000000000000000000000000000000011010110011000001
100111101010001011010100110101100000000000000000000000000000000000000000000000000110110011010101
100111101010001011010100110101100000000000000000000000000000000000000000000000011111000001101001
100111101010001011010100110101100000000000000000000000000000000000000000000000010111000110000000
100111101010001011010100110101100000000000000000000000000000000000000000000000010110110010000101
100111101010001011010100110101100000000000000000000000000000000000000000000000011100001010110101
100111101010001011010100110101100000000000000000000000000000000000000000000000011011001111000101
100111101010001011010100110101100000000000000000000000000000000000000000000000101000010111111101
100111101010001011010100110101100000000000000000000000000000000000000000000000000110110001010100
100111101010001011010100110101100000000000000000000000000000000000000000000000001100101001010101
100111101010001011010100110101100000000000000000000000000000000000000000000000101111110100000101
100111101010001011010100110101100000000000000000000000000000000000000000000000100001100011101100
100111101010001011010100110101100000000000000000000000000000000000000000000000010100001011000001
100111101010001011010100110101100000000000000000000000000000000000000000000000000111101010001010
100111101010001011010100110101100000000000000000000000000000000000000000000000010110110101010111
100111101010001011010100110101100000000000000000000000000000000000000000000001000101110011011001
100111101010001011010100110101100000000000000000000000000000000000000000000000011100000011010011
100111101010001011010100110101100000000000000000000000000000000000000000000000100000100000100001
100111101010001011010100110101100000000000000000000000000000000000000000000001001001000001010000
100111101010001011010100110101100000000000000000000000000000000000000000000000001111100101100000
100111101010001011010100110101100000000000000000000000000000000000000000000000010010110110010011
100111101010001011010100110101100000000000000000000000000000000000000000000000001010000101000011
100111101010001011010100110101100000000000000000000000000000000000000000000000011100111111001100
100111101010001011010100110101100000000000000000000000000000000000000000000000011000001101100100
100111101010001011010100110101100000000000000000000000000000000000000000000000010111011000000100
100111101010001011010100110101100000000000000000000000000000000000000000000000100000001001101001
100111101010001011010100110101100000000000000000000000000000000000000000000000110011000010001111
100111101010001011010100110101100000000000000000000000000000000000000000000000010110100011001001
100111101010001011010100110101100000000000000000000000000000000000000000000000011100100101110111
100111101010001011010100110101100000000000000000000000000000000000000000000000000111010000100010
100111101010001011010100110101100000000000000000000000000000000000000000000000111110000100110101
100111101010001011010100110101100000000000000000000000000000000000000000000000011111010110100111
100111101010001011010100110101100000000000000000000000000000000000000000000000000010001001010100
100111101010001011010100110101100000000000000000000000000000000000000000000000010001001101001100
100111101010001011010100110101100000000000000000000000000000000000000000000000011111101111001111
100111101010001011010100110101100000000000000000000000000000000000000000000000100010001101001111
100111101010001011010100110101100000000000000000000000000000000000000000000000001100001100100000
100111101010001011010100110101100000000000000000000000000000000000000000000000001101001011001101
100111101010001011010100110101100000000000000000000000000000000000000000000000111100101010101011
100111101010001011010100110101100000000000000000000000000000000000000000000000011011011000010010
100111101010001011010100110101100000000000000000000000000000000000000000000001000010001001010111
100111101010001011010100110101100000000000000000000000000000000000000000000000111101010010010011
100111101010001011010100110101100000000000000000000000000000000000000000000000110101011001001001
100111101010001011010100110101100000000000000000000000000000000000000000000000010010011111010001
100111101010001011010100110101100000000000000000000000000000000000000000000001000010001011111110
100111101010001011010100110101100000000000000000000000000000000000000000000000101010110100101010
100111101010001011010100110101100000000000000000000000000000000000000000000000001001010000110100
100111101010001011010100110101100000000000000000000000000000000000000000000000001100010000001010
100111101010001011010100110101100000000000000000000000000000000000000000000000111001111001110010
100111101010001011010100110101100000000000000000000000000000000000000000000000100110010100011011
100111101010001011010100110101100000000000000000000000000000000000000000000000011101001100100011
100111101010001011010100110101100000000000000000000000000000000000000000000000111110000000101110
100111101010001011010100110101100000000000000000000000000000000000000000000000111011101000011100
100111101010001011010100110101100000000000000000000000000000000000000000000000111110000011110011
100111101010001011010100110101100000000000000000000000000000000000000000000000111010011111110010
100111101010001011010100110101100000000000000000000000000000000000000000000000101010110110001000
100111101010001011010100110101100000000000000000000000000000000000000000000000011101110000110011
100111101010001011010100110101100000000000000000000000000000000000000000000001000001000001000100
100111101010001011010100110101100000000000000000000000000000000000000000000000010000111111000000
100111101010001011010100110101100000000000000000000000000000000000000000000000001010011101010100
100111101010001011010100110101100000000000000000000000000000000000000000000000010111000000101110
100111101010001011010100110101100000000000000000000000000000000000000000000000111111010100111110
100111101010001011010100110101100000000000000000000000000000000000000000000000110011100110000000
100111101010001011010100110101100000000000000000000000000000000000000000000000011000000001111011
100111101010001011010100110101100000000000000000000000000000000000000000000000000110110101010101
100111101010001011010100110101100000000000000000000000000000000000000000000000111010010111110110
100111101010001011010100110101100000000000000000000000000000000000000000000000011001111100010100
100111101010001011010100110101100000000000000000000000000000000000000000000000101010000111101011
100111101010001011010100110101100000000000000000000000000000000000000000000000101100010001011010
100111101010001011010100110101100000000000000000000000000000000000000000000000111110010101001011
100111101010001011010100110101100000000000000000000000000000000000000000000000000001000110001110
100111101010001011010100110101100000000000000000000000000000000000000000000000000101000100100100
100111101010001011010100110101100000000000000000000000000000000000000000000000011010000100001100
100111101010001011010100110101100000000000000000000000000000000000000000000000110100111111101001
100111101010001011010100110101100000000000000000000000000000000000000000000000100011011010011100
100111101010001011010100110101100000000000000000000000000000000000000000000000101110010000100100
100111101010001011010100110101100000000000000000000000000000000000000000000000101010111010000001
100111101010001011010100110101100000000000000000000000000000000000000000000000011100010111111010
100111101010001011010100110101100000000000000000000000000000000000000000000000101010010001001001
100111101010001011010100110101100000000000000000000000000000000000000000000000000100010000101011
100111101010001011010100110101100000000000000000000000000000000000000000000000011110110100101101
100111101010001011010100110101100000000000000000000000000000000000000000000000000001111101111111
100111101010001011010100110101100000000000000000000000000000000000000000000001000011000010001111
100111101010001011010100110101100000000000000000000000000000000000000000000000101101001110110101
100111101010001011010100110101100000000000000000000000000000000000000000000000101100001001001011
100111101010001011010100110101100000000000000000000000000000000000000000000000000110100100001110
100111101010001011010100110101100000000000000000000000000000000000000000000001000101000011110111
100111101010001011010100110101100000000000000000000000000000000000000000000000000010001010000011
100111101010001011010100110101100000000000000000000000000000000000000000000000100011101111100001
100111101010001011010100110101100000000000000000000000000000000000000000000000000000010011000011
100111101010001011010100110101100000000000000000000000000000000000000000000000001000101101100110
100111101010001011010100110101100000000000000000000000000000000000000000000001000101000110110010
100111101010001011010100110101100000000000000000000000000000000000000000000000100110010011100101
100111101010001011010100110101100000000000000000000000000000000000000000000000001111110011100010
100111101010001011010100110101100000000000000000000000000000000000000000000000001000111101001010
100111101010001011010100110101100000000000000000000000000000000000000000000000011010001000011011
100111101010001011010100110101100000000000000000000000000000000000000000000000001100100011001111
100111101010001011010100110101100000000000000000000000000000000000000000000000111101000010101101
100111101010001011010100110101100000000000000000000000000000000000000000000000100011010010011111
100111101010001011010100110101100000000000000000000000000000000000000000000000000100010111000101
100111101010001011010100110101100000000000000000000000000000000000000000000000100000010000000010
100111101010001011010100110101100000000000000000000000000000000000000000000000010001110111010011
100111101010001011010100110101100000000000000000000000000000000000000000000000101010000001001001
100111101010001011010100110101100000000000000000000000000000000000000000000000000010010101000111
100111101010001011010100110101100000000000000000000000000000000000000000000000100101111111101100
100111101010001011010100110101100000000000000000000000000000000000000000000000010001010101101110
100111101010001011010100110101100000000000000000000000000000000000000000000000101100110100101001
100111101010001011010100110101100000000000000000000000000000000000000000000000010101001011110000
100111101010001011010100110101100000000000000000000000000000000000000000000000001011001000001100
100111101010001011010100110101100000000000000000000000000000000000000000000000010000011110100101
100111101010001011010100110101100000000000000000000000000000000000000000000000110100111100101000
100111101010001011010100110101100000000000000000000000000000000000000000000000011000001110001101
100111101010001011010100110101100000000000000000000000000000000000000000000000101010101101100001
100111101010001011010100110101100000000000000000000000000000000000000000000000000111110110001010
100111101010001011010100110101100000000000000000000000000000000000000000000000001101010111001000
100111101010001011010100110101100000000000000000000000000000000000000000000000111101111101111100
100111101010001011010100110101100000000000000000000000000000000000000000000000100001110000101000
100111101010001011010100110101100000000000000000000000000000000000000000000000111110110011110100
100111101010001011010100110101100000000000000000000000000000000000000000000000010111101010010011
100111101010001011010100110101100000000000000000000000000000000000000000000000111111010101100111
100111101010001011010100110101100000000000000000000000000000000000000000000000001101111110111000
100111101010001011010100110101100000000000000000000000000000000000000000000000111001101111100110
100111101010001011010100110101100000000000000000000000000000000000000000000000110111100000110111
100111101010001011010100110101100000000000000000000000000000000000000000000000101111111001100110
100111101010001011010100110101100000000000000000000000000000000000000000000000010110111111000000
100111101010001011010100110101100000000000000000000000000000000000000000000001000110010001011111
100111101010001011010100110101100000000000000000000000000000000000000000000000100011001100010101
100111101010001011010100110101100000000000000000000000000000000000000000000000111100001010001011
100111101010001011010100110101100000000000000000000000000000000000000000000000000011000010000001
100111101010001011010100110101100000000000000000000000000000000000000000000000100111010010100101
100111101010001011010100110101100000000000000000000000000000000000000000000000000100110100011111
100111101010001011010100110101100000000000000000000000000000000000000000000000100110100000100011
100111101010001011010100110101100000000000000000000000000000000000000000000000111010111110111001
100111101010001011010100110101100000000000000000000000000000000000000000000000101100010000111010
100111101010001011010100110101100000000000000000000000000000000000000000000001000111101110001001
100111101010001011010100110101100000000000000000000000000000000000000000000000110101011110111111
100111101010001011010100110101100000000000000000000000000000000000000000000000010100011100110010
100111101010001011010100110101100000000000000000000000000000000000000000000001000100100111111100
100111101010001011010100110101100000000000000000000000000000000000000000000001000110111001000000
100111101010001011010100110101100000000000000000000000000000000000000000000000101111110111001100
100111101010001011010100110101100000000000000000000000000000000000000000000001000111110101011100
100111101010001011010100110101100000000000000000000000000000000000000000000000111100011011000111
100111101010001011010100110101100000000000000000000000000000000000000000000000011111011011100010
100111101010001011010100110101100000000000000000000000000000000000000000000000111101110001001101
100111101010001011010100110101100000000000000000000000000000000000000000000000111110000010000101
100111101010001011010100110101100000000000000000000000000000000000000000000000100111100010100110
100111101010001011010100110101100000000000000000000000000000000000000000000000111000101111111110
100111101010001011010100110101100000000000000000000000000000000000000000000000110110111110001000
100111101010001011010100110101100000000000000000000000000000000000000000000001000001100010100111
100111101010001011010100110101100000000000000000000000000000000000000000000000001010111101010100
100111101010001011010100110101100000000000000000000000000000000000000000000000001100100110010110
100111101010001011010100110101100000000000000000000000000000000000000000000000010101101011101100
100111101010001011010100110101100000000000000000000000000000000000000000000000110101101000010011
100111101010001011010100110101100000000000000000000000000000000000000000000001000101111000100011
100111101010001011010100110101100000000000000000000000000000000000000000000000001111001010000011
100111101010001011010100110101100000000000000000000000000000000000000000000000111100111101111101
100111101010001011010100110101100000000000000000000000000000000000000000000000101010011111101001
100111101010001011010100110101100000000000000000000000000000000000000000000000001100111110100010
100111101010001011010100110101100000000000000000000000000000000000000000000000011100001010101000
100111101010001011010100110101100000000000000000000000000000000000000000000000001011001000111000
100111101010001011010100110101100000000000000000000000000000000000000000000000110111001111111000
100111101010001011010100110101100000000000000000000000000000000000000000000000110000011111101011
100111101010001011010100110101100000000000000000000000000000000000000000000000000010100111011011
100111101010001011010100110101100000000000000000000000000000000000000000000000011100010001011100
100111101010001011010100110101100000000000000000000000000000000000000000000000000010011111010110
100111101010001011010100110101100000000000000000000000000000000000000000000001000101110001010100
100111101010001011010100110101100000000000000000000000000000000000000000000001000100011011000001
100111101010001011010100110101100000000000000000000000000000000000000000000000011000000111110101
100111101010001011010100110101100000000000000000000000000000000000000000000000101000100010001110
100111101010001011010100110101100000000000000000000000000000000000000000000000011011101001111111
100111101010001011010100110101100000000000000000000000000000000000000000000000111001101000010101
100111101010001011010100110101100000000000000000000000000000000000000000000001001000111100001000
100111101010001011010100110101100000000000000000000000000000000000000000000000110110101001111111
100111101010001011010100110101100000000000000000000000000000000000000000000000000100100101000101
100111101010001011010100110101100000000000000000000000000000000000000000000001000110001110010010
100111101010001011010100110101100000000000000000000000000000000000000000000001000111111111111010
100111101010001011010100110101100000000000000000000000000000000000000000000000101111100101000011
100111101010001011010100110101100000000000000000000000000000000000000000000000110000100111010100
100111101010001011010100110101100000000000000000000000000000000000000000000000011010010110110001
100111101010001011010100110101100000000000000000000000000000000000000000000000110110111101011001
100111101010001011010100110101100000000000000000000000000000000000000000000000100111101100100101
100111101010001011010100110101100000000000000000000000000000000000000000000000000101011010111000
100111101010001011010100110101100000000000000000000000000000000000000000000000100000010011000101
100111101010001011010100110101100000000000000000000000000000000000000000000000010111111100110110
100111101010001011010100110101100000000000000000000000000000000000000000000000001111110001100101
100111101010001011010100110101100000000000000000000000000000000000000000000000111111001010110001
100111101010001011010100110101100000000000000000000000000000000000000000000001000000001011111000
100111101010001011010100110101100000000000000000000000000000000000000000000000011110000110011111
100111101010001011010100110101100000000000000000000000000000000000000000000000111110111001100111
100111101010001011010100110101100000000000000000000000000000000000000000000000101010000110011001
100111101010001011010100110101100000000000000000000000000000000000000000000000100110011111011101
100111101010001011010100110101100000000000000000000000000000000000000000000000000100011111110111
100111101010001011010100110101100000000000000000000000000000000000000000000000011000110011010000
100111101010001011010100110101100000000000000000000000000000000000000000000000001001011110001000
100111101010001011010100110101100000000000000000000000000000000000000000000000000011100010111101
100111101010001011010100110101100000000000000000000000000000000000000000000001000111000000001010
100111101010001011010100110101100000000000000000000000000000000000000000000000000001001000111100
100111101010001011010100110101100000000000000000000000000000000000000000000000100010101011111110
100111101010001011010100110101100000000000000000000000000000000000000000000000100101101010000010
100111101010001011010100110101100000000000000000000000000000000000000000000000001001101111110011
100111101010001011010100110101100000000000000000000000000000000000000000000000111000001101101111
100111101010001011010100110101100000000000000000000000000000000000000000000000011101101001011111
100111101010001011010100110101100000000000000000000000000000000000000000000000011011100110000000
100111101010001011010100110101100000000000000000000000000000000000000000000000110110010100100110
100111101010001011010100110101100000000000000000000000000000000000000000000000000100000110010010
100111101010001011010100110101100000000000000000000000000000000000000000000000010101101111111001
100111101010001011010100110101100000000000000000000000000000000000000000000000011111100001010101
100111101010001011010100110101100000000000000000000000000000000000000000000000110010110100111001
100111101010001011010100110101100000000000000000000000000000000000000000000000100101001000111101
100111101010001011010100110101100000000000000000000000000000000000000000000000001010110101000011
100111101010001011010100110101100000000000000000000000000000000000000000000000011101010100111000
100111101010001011010100110101100000000000000000000000000000000000000000000000000111011000110111
100111101010001011010100110101100000000000000000000000000000000000000000000000100010010011010110
100111101010001011010100110101100000000000000000000000000000000000000000000000111001100000100100
100111101010001011010100110101100000000000000000000000000000000000000000000000001011011000000010
100111101010001011010100110101100000000000000000000000000000000000000000000000111111001110101001
100111101010001011010100110101100000000000000000000000000000000000000000000000000110101110000100
100111101010001011010100110101100000000000000000000000000000000000000000000000110001100010101011
100111101010001011010100110101100000000000000000000000000000000000000000000000100110011010101001
100111101010001011010100110101100000000000000000000000000000000000000000000000111010100000111001
100111101010001011010100110101100000000000000000000000000000000000000000000000000010111011000011
100111101010001011010100110101100000000000000000000000000000000000000000000000001000111000101101
100111101010001011010100110101100000000000000000000000000000000000000000000000011100101011111110
100111101010001011010100110101100000000000000000000000000000000000000000000000000111100011000111
100111101010001011010100110101100000000000000000000000000000000000000000000000000101001101101010
100111101010001011010100110101100000000000000000000000000000000000000000000000100001100001101101
100111101010001011010100110101100000000000000000000000000000000000000000000000001011010001011010
100111101010001011010100110101100000000000000000000000000000000000000000000000011010111000110000
100111101010001011010100110101100000000000000000000000000000000000000000000001000000011111001100
100111101010001011010100110101100000000000000000000000000000000000000000000001000010010000111100
100111101010001011010100110101100000000000000000000000000000000000000000000000001010011010001101
100111101010001011010100110101100000000000000000000000000000000000000000000001000011100100000111
100111101010001011010100110101100000000000000000000000000000000000000000000000010100001100001101
100111101010001011010100110101100000000000000000000000000000000000000000000001000100000010001001
100111101010001011010100110101100000000000000000000000000000000000000000000000111111111011001111
100111101010001011010100110101100000000000000000000000000000000000000000000001000010010100000000
100111101010001011010100110101100000000000000000000000000000000000000000000000111010111001010101
100111101010001011010100110101100000000000000000000000000000000000000000000000101010011011011000
100111101010001011010100110101100000000000000000000000000000000000000000000000000010000001101101
100111101010001011010100110101100000000000000000000000000000000000000000000000100111111000011000
100111101010001011010100110101100000000000000000000000000000000000000000000000010000011010000100
100111101010001011010100110101100000000000000000000000000000000000000000000000111101000011011111
100111101010001011010100110101100000000000000000000000000000000000000000000000010011100010101011
100111101010001011010100110101100000000000000000000000000000000000000000000000010100110101100011
100111101010001011010100110101100000000000000000000000000000000000000000000000000110101101001001
100111101010001011010100110101100000000000000000000000000000000000000000000000011010011100110100
100111101010001011010100110101100000000000000000000000000000000000000000000001000101000100011111
100111101010001011010100110101100000000000000000000000000000000000000000000000101000110111101000
100111101010001011010100110101100000000000000000000000000000000000000000000000000110100101011010
100111101010001011010100110101100000000000000000000000000000000000000000000000110000111101001110
100111101010001011010100110101100000000000000000000000000000000000000000000000010111101001101001
100111101010001011010100110101100000000000000000000000000000000000000000000000000010001100011111
100111101010001011010100110101100000000000000000000000000000000000000000000000011010000100100111
100111101010001011010100110101100000000000000000000000000000000000000000000000101100101111001101
100111101010001011010100110101100000000000000000000000000000000000000000000000001000100010110111
100111101010001011010100110101100000000000000000000000000000000000000000000000100100100100000110
100111101010001011010100110101100000000000000000000000000000000000000000000000001101110010000011
100111101010001011010100110101100000000000000000000000000000000000000000000000001011110100111011
100111101010001011010100110101100000000000000000000000000000000000000000000000001110011100011110
100111101010001011010100110101100000000000000000000000000000000000000000000000101101111011001000
100111101010001011010100110101100000000000000000000000000000000000000000000000001001001010011011
100111101010001011010100110101100000000000000000000000000000000000000000000000011111010011100111
100111101010001011010100110101100000000000000000000000000000000000000000000000011001111111000101
100111101010001011010100110101100000000000000000000000000000000000000000000000111001110111011000
100111101010001011010100110101100000000000000000000000000000000000000000000000110101101101010100
100111101010001011010100110101100000000000000000000000000000000000000000000000011110110011000000
100111101010001011010100110101100000000000000000000000000000000000000000000000001011010000111101
100111101010001011010100110101100000000000000000000000000000000000000000000001000100110011111010
100111101010001011010100110101100000000000000000000000000000000000000000000000000001110011100000
100111101010001011010100110101100000000000000000000000000000000000000000000000111101001110110010
100111101010001011010100110101100000000000000000000000000000000000000000000000101010010111111101
100111101010001011010100110101100000000000000000000000000000000000000000000000011101100000111010
100111101010001011010100110101100000000000000000000000000000000000000000000000001100000110001101
100111101010001011010100110101100000000000000000000000000000000000000000000000010110001010010000
100111101010001011010100110101100000000000000000000000000000000000000000000000100010011000011000
100111101010001011010100110101100000000000000000000000000000000000000000000000101000111111111111
100111101010001011010100110101100000000000000000000000000000000000000000000000111111101011000111
100111101010001011010100110101100000000000000000000000000000000000000000000001000101010110101111
100111101010001011010100110101100000000000000000000000000000000000000000000000101010111101001001
100111101010001011010100110101100000000000000000000000000000000000000000000000111000110101001110
100111101010001011010100110101100000000000000000000000000000000000000000000001000101111000001000
100111101010001011010100110101100000000000000000000000000000000000000000000000001001110000011011
100111101010001011010100110101100000000000000000000000000000000000000000000000010110011101100101
100111101010001011010100110101100000000000000000000000000000000000000000000000110010100001111111
100111101010001011010100110101100000000000000000000000000000000000000000000000000010000110100000
100111101010001011010100110101100000000000000000000000000000000000000000000000111000110100111000
100111101010001011010100110101100000000000000000000000000000000000000000000000001110110001010101
100111101010001011010100110101100000000000000000000000000000000000000000000000110100111011001110
100111101010001011010100110101100000000000000000000000000000000000000000000001000110100100100110
100111101010001011010100110101100000000000000000000000000000000000000000000000101001100001100001
100111101010001011010100110101100000000000000000000000000000000000000000000000110011100010101000
100111101010001011010100110101100000000000000000000000000000000000000000000000100010011111010000
100111101010001011010100110101100000000000000000000000000000000000000000000000101101100000000010
100111101010001011010100110101100000000000000000000000000000000000000000000000001110111001000011
100111101010001011010100110101100000000000000000000000000000000000000000000000111000111111011000
100111101010001011010100110101100000000000000000000000000000000000000000000000101101111111100110
100111101010001011010100110101100000000000000000000000000000000000000000000000110111011111000110
100111101010001011010100110101100000000000000000000000000000000000000000000000000000100000000001
100111101010001011010100110101100000000000000000000000000000000000000000000000111011000010101000
100111101010001011010100110101100000000000000000000000000000000000000000000000000011100100100001
100111101010001011010100110101100000000000000000000000000000000000000000000000010111011101111001
100111101010001011010100110101100000000000000000000000000000000000000000000000110010110010011100
100111101010001011010100110101100000000000000000000000000000000000000000000000001011001111101001
100111101010001011010100110101100000000000000000000000000000000000000000000000101111110101100010
100111101010001011010100110101100000000000000000000000000000000000000000000000100011101110010000
100111101010001011010100110101100000000000000000000000000000000000000000000000010111010011000101
100111101010001011010100110101100000000000000000000000000000000000000000000000100000100001000111
100111101010001011010100110101100000000000000000000000000000000000000000000001000000000001010011
100111101010001011010100110101100000000000000000000000000000000000000000000000100100100100110111
100111101010001011010100110101100000000000000000000000000000000000000000000000000000001010110110
100111101010001011010100110101100000000000000000000000000000000000000000000000111100110101010101
100111101010001011010100110101100000000000000000000000000000000000000000000000101010001000110100
100111101010001011010100110101100000000000000000000000000000000000000000000000010110010100010111
100111101010001011010100110101100000000000000000000000000000000000000000000000001111000011100001
100111101010001011010100110101100000000000000000000000000000000000000000000000101100000111110100
100111101010001011010100110101100000000000000000000000000000000000000000000000100111111111010111
100111101010001011010100110101100000000000000000000000000000000000000000000000100101101100110100
100111101010001011010100110101100000000000000000000000000000000000000000000000001111001111100000
100111101010001011010100110101100000000000000000000000000000000000000000000000011000110111110111
100111101010001011010100110101100000000000000000000000000000000000000000000000010100010101000010
100111101010001011010100110101100000000000000000000000000000000000000000000000110001110110011000
100111101010001011010100110101100000000000000000000000000000000000000000000000010010100100011111
100111101010001011010100110101100000000000000000000000000000000000000000000001000011101000111101
100111101010001011010100110101100000000000000000000000000000000000000000000000001001010001111001
100111101010001011010100110101100000000000000000000000000000000000000000000000111010100000100110
100111101010001011010100110101100000000000000000000000000000000000000000000000001100101100110111
100111101010001011010100110101100000000000000000000000000000000000000000000000010111010000001000
100111101010001011010100110101100000000000000000000000000000000000000000000000000001101011000110
100111101010001011010100110101100000000000000000000000000000000000000000000000001110000100001101
100111101010001011010100110101100000000000000000000000000000000000000000000001000110000101010010
100111101010001011010100110101100000000000000000000000000000000000000000000001000101011100110010
100111101010001011010100110101100000000000000000000000000000000000000000000000101010000101001110
100111101010001011010100110101100000000000000000000000000000000000000000000001000011001011010000
100111101010001011010100110101100000000000000000000000000000000000000000000000101100111101000110
100111101010001011010100110101100000000000000000000000000000000000000000000000100011011100011100
100111101010001011010100110101100000000000000000000000000000000000000000000000011010001111101111
100111101010001011010100110101100000000000000000000000000000000000000000000000001010001011001111
100111101010001011010100110101100000000000000000000000000000000000000000000000000111111111011010
100111101010001011010100110101100000000000000000000000000000000000000000000000011001010011010101
100111101010001011010100110101100000000000000000000000000000000000000000000000110111011101100010
100111101010001011010100110101100000000000000000000000000000000000000000000000111111101110111011
100111101010001011010100110101100000000000000000000000000000000000000000000000010000011010111111
100111101010001011010100110101100000000000000000000000000000000000000000000000001101110110111001
100111101010001011010100110101100000000000000000000000000000000000000000000000101010000011001110
100111101010001011010100110101100000000000000000000000000000000000000000000000101010101001110100
100111101010001011010100110101100000000000000000000000000000000000000000000001000000001111111000
100111101010001011010100110101100000000000000000000000000000000000000000000000010111101000001001
100111101010001011010100110101100000000000000000000000000000000000000000000000000100110100000001
100111101010001011010100110101100000000000000000000000000000000000000000000000010101101101010101
100111101010001011010100110101100000000000000000000000000000000000000000000001000110101001101100
100111101010001011010100110101100000000000000000000000000000000000000000000000010111001010011111
100111101010001011010100110101100000000000000000000000000000000000000000000000101001101111001001
100111101010001011010100110101100000000000000000000000000000000000000000000000011010110110111011
100111101010001011010100110101100000000000000000000000000000000000000000000001000100111110011000
100111101010001011010100110101100000000000000000000000000000000000000000000000001011110011011100
100111101010001011010100110101100000000000000000000000000000000000000000000000110110010101011001
100111101010001011010100110101100000000000000000000000000000000000000000000000010000111001010100
100111101010001011010100110101100000000000000000000000000000000000000000000000111001011100001001
100111101010001011010100110101100000000000000000000000000000000000000000000000001001111100101111
100111101010001011010100110101100000000000000000000000000000000000000000000000011100001110001100
100111101010001011010100110101100000000000000000000000000000000000000000000000111100011100001001
100111101010001011010100110101100000000000000000000000000000000000000000000000101111100110110100
100111101010001011010100110101100000000000000000000000000000000000000000000001001000110011110111
100111101010001011010100110101100000000000000000000000000000000000000000000001000011001111101101
100111101010001011010100110101100000000000000000000000000000000000000000000001001000000100111000
100111101010001011010100110101100000000000000000000000000000000000000000000001000111101001000110
100111101010001011010100110101100000000000000000000000000000000000000000000000010111011001001101
100111101010001011010100110101100000000000000000000000000000000000000000000000110100101010010011
100111101010001011010100110101100000000000000000000000000000000000000000000000100000010011100100
100111101010001011010100110101100000000000000000000000000000000000000000000000110000110001001111
100111101010001011010100110101100000000000000000000000000000000000000000000000101010110010000010
100111101010001011010100110101100000000000000000000000000000000000000000000000010011100001110110
100111101010001011010100110101100000000000000000000000000000000000000000000000010001010111000111
100111101010001011010100110101100000000000000000000000000000000000000000000000010101001101111110
100111101010001011010100110101100000000000000000000000000000000000000000000000110100011100010011
100111101010001011010100110101100000000000000000000000000000000000000000000000110011110111010111
100111101010001011010100110101100000000000000000000000000000000000000000000000101101100011110100
100111101010001011010100110101100000000000000000000000000000000000000000000000010110010101100101
100111101010001011010100110101100000000000000000000000000000000000000000000000101110101100001101
100111101010001011010100110101100000000000000000000000000000000000000000000000110000101100010101
100111101010001011010100110101100000000000000000000000000000000000000000000000111000011000000011
100111101010001011010100110101100000000000000000000000000000000000000000000000111101000100111110
100111101010001011010100110101100000000000000000000000000000000000000000000000110110010010010110
100111101010001011010100110101100000000000000000000000000000000000000000000000001010111010101000
100111101010001011010100110101100000000000000000000000000000000000000000000000111110110100111011
100111101010001011010100110101100000000000000000000000000000000000000000000000011100001110000101
100111101010001011010100110101100000000000000000000000000000000000000000000000001100011011101101
100111101010001011010100110101100000000000000000000000000000000000000000000001000000100101110010
100111101010001011010100110101100000000000000000000000000000000000000000000000101000111101001111
100111101010001011010100110101100000000000000000000000000000000000000000000000010111000111010010
100111101010001011010100110101100000000000000000000000000000000000000000000000110100111011001011
100111101010001011010100110101100000000000000000000000000000000000000000000001000011011000101001
100111101010001011010100110101100000000000000000000000000000000000000000000000110100110111111111
100111101010001011010100110101100000000000000000000000000000000000000000000000011101111111110001
100111101010001011010100110101100000000000000000000000000000000000000000000000011001100010110100
100111101010001011010100110101100000000000000000000000000000000000000000000000011110000000010101
100111101010001011010100110101100000000000000000000000000000000000000000000001000111010001010000
100111101010001011010100110101100000000000000000000000000000000000000000000000100110101001011111
100111101010001011010100110101100000000000000000000000000000000000000000000000111101000101110011
100111101010001011010100110101100000000000000000000000000000000000000000000000010110001100000001
100111101010001011010100110101100000000000000000000000000000000000000000000001000000001110101111
100111101010001011010100110101100000000000000000000000000000000000000000000000101100000110001111
100111101010001011010100110101100000000000000000000000000000000000000000000000111011100110111101
100111101010001011010100110101100000000000000000000000000000000000000000000000011110010010000110
100111101010001011010100110101100000000000000000000000000000000000000000000000001111000010000001
100111101010001011010100110101100000000000000000000000000000000000000000000000000011111001101011
100111101010001011010100110101100000000000000000000000000000000000000000000000110011000001111001
100111101010001011010100110101100000000000000000000000000000000000000000000001000111010101000101
100111101010001011010100110101100000000000000000000000000000000000000000000000011010010100010110
100111101010001011010100110101100000000000000000000000000000000000000000000000100011000000110111
100111101010001011010100110101100000000000000000000000000000000000000000000000101000110001000011
100111101010001011010100110101100000000000000000000000000000000000000000000000001101001110011111
100111101010001011010100110101100000000000000000000000000000000000000000000000110010100111111011
100111101010001011010100110101100000000000000000000000000000000000000000000000110000000100000111
100111101010001011010100110101100000000000000000000000000000000000000000000000000111001111001011
100111101010001011010100110101100000000000000000000000000000000000000000000000100000000010101110
100111101010001011010100110101100000000000000000000000000000000000000000000000110100010000100110
100111101010001011010100110101100000000000000000000000000000000000000000000000111001001001001000
100111101010001011010100110101100000000000000000000000000000000000000000000000101001000101101001
100111101010001011010100110101100000000000000000000000000000000000000000000000001011001111110111
100111101010001011010100110101100000000000000000000000000000000000000000000000100110010010101010
100111101010001011010100110101100000000000000000000000000000000000000000000000000111100101011100
100111101010001011010100110101100000000000000000000000000000000000000000000000001110100010101010
100111101010001011010100110101100000000000000000000000000000000000000000000000101011101100100100
100111101010001011010100110101100000000000000000000000000000000000000000000000011110110100000011
100111101010001011010100110101100000000000000000000000000000000000000000000000011110100110101100
100111101010001011010100110101100000000000000000000000000000000000000000000000010000110001010100
100111101010001011010100110101100000000000000000000000000000000000000000000001000100010110011100
100111101010001011010100110101100000000000000000000000000000000000000000000000111110101111100100
100111101010001011010100110101100000000000000000000000000000000000000000000000000110100110010110
100111101010001011010100110101100000000000000000000000000000000000000000000000010010101111111000
100111101010001011010100110101100000000000000000000000000000000000000000000001000100101000001011
100111101010001011010100110101100000000000000000000000000000000000000000000001000011100100000000
100111101010001011010100110101100000000000000000000000000000000000000000000000110111010011101000
100111101010001011010100110101100000000000000000000000000000000000000000000000010000010011100111
100111101010001011010100110101100000000000000000000000000000000000000000000000100101001101111001
100111101010001011010100110101100000000000000000000000000000000000000000000000001111010000000111
100111101010001011010100110101100000000000000000000000000000000000000000000000010111100011101100
100111101010001011010100110101100000000000000000000000000000000000000000000000000100100100001110
100111101010001011010100110101100000000000000000000000000000000000000000000000110111101001110100
100111101010001011010100110101100000000000000000000000000000000000000000000001000011101001011011
100111101010001011010100110101100000000000000000000000000000000000000000000001000001001011100000
100111101010001011010100110101100000000000000000000000000000000000000000000000000000101010101010
100111101010001011010100110101100000000000000000000000000000000000000000000001000111010101001010
100111101010001011010100110101100000000000000000000000000000000000000000000000100001010101101101
100111101010001011010100110101100000000000000000000000000000000000000000000000110100001111000111
100111101010001011010100110101100000000000000000000000000000000000000000000000110000000110100010
100111101010001011010100110101100000000000000000000000000000000000000000000000100001111011100001
100111101010001011010100110101100000000000000000000000000000000000000000000000011101010100011110
100111101010001011010100110101100000000000000000000000000000000000000000000000001100100100100010
100111101010001011010100110101100000000000000000000000000000000000000000000000110111110011001100
100111101010001011010100110101100000000000000000000000000000000000000000000001000011001101100100
100111101010001011010100110101100000000000000000000000000000000000000000000000100011011001010101
100111101010001011010100110101100000000000000000000000000000000000000000000000110011111011101110
100111101010001011010100110101100000000000000000000000000000000000000000000000111001000111011001
100111101010001011010100110101100000000000000000000000000000000000000000000000011010011100100100
100111101010001011010100110101100000000000000000000000000000000000000000000000011001111001000111
100111101010001011010100110101100000000000000000000000000000000000000000000000111101011101011111
100111101010001011010100110101100000000000000000000000000000000000000000000000111111110000010101
100111101010001011010100110101100000000000000000000000000000000000000000000000011011000101010001
100111101010001011010100110101100000000000000000000000000000000000000000000000000101110001100110
100111101010001011010100110101100000000000000000000000000000000000000000000000001100111111110101
100111101010001011010100110101100000000000000000000000000000000000000000000000100100001110111111
100111101010001011010100110101100000000000000000000000000000000000000000000000110110101110100010
100111101010001011010100110101100000000000000000000000000000000000000000000000111100000101010111
100111101010001011010100110101100000000000000000000000000000000000000000000000011111010110111010
100111101010001011010100110101100000000000000000000000000000000000000000000000111101100111010001
100111101010001011010100110101100000000000000000000000000000000000000000000000101100011101011010
100111101010001011010100110101100000000000000000000000000000000000000000000000000011100001100110
100111101010001011010100110101100000000000000000000000000000000000000000000000101100111001110111
100111101010001011010100110101100000000000000000000000000000000000000000000000101101111011111000
100111101010001011010100110101100000000000000000000000000000000000000000000000000101110100100000
100111101010001011010100110101100000000000000000000000000000000000000000000000100110111101010111
100111101010001011010100110101100000000000000000000000000000000000000000000000010011000011111011
100111101010001011010100110101100000000000000000000000000000000000000000000000010001111111010010
100111101010001011010100110101100000000000000000000000000000000000000000000000110000110000110000
100111101010001011010100110101100000000000000000000000000000000000000000000000000100001111100101
100111101010001011010100110101100000000000000000000000000000000000000000000000101001101111010101
100111101010001011010100110101100000000000000000000000000000000000000000000000101100111011001010
100111101010001011010100110101100000000000000000000000000000000000000000000000110100011001010110
100111101010001011010100110101100000000000000000000000000000000000000000000000111111111001001100
100111101010001011010100110101100000000000000000000000000000000000000000000000111000111010110010
100111101010001011010100110101100000000000000000000000000000000000000000000000001001011000011110
100111101010001011010100110101100000000000000000000000000000000000000000000000011100000010010111
100111101010001011010100110101100000000000000000000000000000000000000000000000100110011010000101
100111101010001011010100110101100000000000000000000000000000000000000000000000010111011100111001
100111101010001011010100110101100000000000000000000000000000000000000000000000100010100111001100
100111101010001011010100110101100000000000000000000000000000000000000000000000110000111010111100
100111101010001011010100110101100000000000000000000000000000000000000000000000111010110001101011
100111101010001011010100110101100000000000000000000000000000000000000000000000001100110000110100
100111101010001011010100110101100000000000000000000000000000000000000000000000110111100100010101
100111101010001011010100110101100000000000000000000000000000000000000000000001000110001011000010
100111101010001011010100110101100000000000000000000000000000000000000000000000101111111101100011
100111101010001011010100110101100000000000000000000000000000000000000000000001001000100110100011
100111101010001011010100110101100000000000000000000000000000000000000000000000001001111011111111
100111101010001011010100110101100000000000000000000000000000000000000000000001000010001000001000
100111101010001011010100110101100000000000000000000000000000000000000000000000101111001011001010
100111101010001011010100110101100000000000000000000000000000000000000000000000111011101001010111
100111101010001011010100110101100000000000000000000000000000000000000000000000110001101010111010
100111101010001011010100110101100000000000000000000000000000000000000000000000100100110011110011
100111101010001011010100110101100000000000000000000000000000000000000000000000111111111000111101
100111101010001011010100110101100000000000000000000000000000000000000000000000100001100101100011
100111101010001011010100110101100000000000000000000000000000000000000000000000100110101111000110
100111101010001011010100110101100000000000000000000000000000000000000000000000110100101011101010
100111101010001011010100110101100000000000000000000000000000000000000000000000010111110111010011
100111101010001011010100110101100000000000000000000000000000000000000000000000111001001001001010
100111101010001011010100110101100000000000000000000000000000000000000000000000100101000101011010
100111101010001011010100110101100000000000000000000000000000000000000000000000011000001110110100
100111101010001011010100110101100000000000000000000000000000000000000000000000001001010111001011
100111101010001011010100110101100000000000000000000000000000000000000000000000110100011110111100
100111101010001011010100110101100000000000000000000000000000000000000000000000110111100111001000
100111101010001011010100110101100000000000000000000000000000000000000000000001000010101000011001
100111101010001011010100110101100000000000000000000000000000000000000000000000100101000110001001
100111101010001011010100110101100000000000000000000000000000000000000000000000001100110110011000
100111101010001011010100110101100000000000000000000000000000000000000000000000010100111111110011
100111101010001011010100110101100000000000000000000000000000000000000000000000011011001001111100
100111101010001011010100110101100000000000000000000000000000000000000000000000000010101000001000
100111101010001011010100110101100000000000000000000000000000000000000000000000011000011000110000
100111101010001011010100110101100000000000000000000000000000000000000000000000001011011100111100
100111101010001011010100110101100000000000000000000000000000000000000000000000010011000010100101
100111101010001011010100110101100000000000000000000000000000000000000000000000101111111001110011
100111101010001011010100110101100000000000000000000000000000000000000000000000010111111110101110
100111101010001011010100110101100000000000000000000000000000000000000000000000110110111010111011
100111101010001011010100110101100000000000000000000000000000000000000000000000111000000011011110
100111101010001011010100110101100000000000000000000000000000000000000000000000101110000110110000
100111101010001011010100110101100000000000000000000000000000000000000000000000111111000010000011
100111101010001011010100110101100000000000000000000000000000000000000000000000011100001000111011
100111101010001011010100110101100000000000000000000000000000000000000000000000011101101111000110
100111101010001011010100110101100000000000000000000000000000000000000000000001000101000101001101
100111101010001011010100110101100000000000000000000000000000000000000000000000100110100010000011
100111101010001011010100110101100000000000000000000000000000000000000000000000001100111110100110
100111101010001011010100110101100000000000000000000000000000000000000000000001000111011101101010
100111101010001011010100110101100000000000000000000000000000000000000000000000101001000001110000
100111101010001011010100110101100000000000000000000000000000000000000000000000110111011111111100
