100111101010001011010100110101100000000000000000000000000000000000000000000000110010100111111111
100111101010001011010100110101100000000000000000000000000000000000000000000000101110101010001100
100111101010001011010100110101100000000000000000000000000000000000000000000000111100010011111111
100111101010001011010100110101100000000000000000000000000000000000000000000001000001101001010101
100111101010001011010100110101100000000000000000000000000000000000000000000000000100001100111011
100111101010001011010100110101100000000000000000000000000000000000000000000000011100011011000110
100111101010001011010100110101100000000000000000000000000000000000000000000000101011000101110110
100111101010001011010100110101100000000000000000000000000000000000000000000000010000000010001100
100111101010001011010100110101100000000000000000000000000000000000000000000000010011001110001100
100111101010001011010100110101100000000000000000000000000000000000000000000000101010010001001101
100111101010001011010100110101100000000000000000000000000000000000000000000000110001010000101110
100111101010001011010100110101100000000000000000000000000000000000000000000000101100110010100001
100111101010001011010100110101100000000000000000000000000000000000000000000000011010001000111011
100111101010001011010100110101100000000000000000000000000000000000000000000000001101110110011111
100111101010001011010100110101100000000000000000000000000000000000000000000000001110011100100011
100111101010001011010100110101100000000000000000000000000000000000000000000000000011111011110001
100111101010001011010100110101100000000000000000000000000000000000000000000000110011101101111101
100111101010001011010100110101100000000000000000000000000000000000000000000001000011100101000011
100111101010001011010100110101100000000000000000000000000000000000000000000000001001001111011001
100111101010001011010100110101100000000000000000000000000000000000000000000000000100110111000010
100111101010001011010100110101100000000000000000000000000000000000000000000001000001010011001111
100111101010001011010100110101100000000000000000000000000000000000000000000000100101100100010101
100111101010001011010100110101100000000000000000000000000000000000000000000001000100011110110011
100111101010001011010100110101100000000000000000000000000000000000000000000000101100101101101110
100111101010001011010100110101100000000000000000000000000000000000000000000000000111101101011010
100111101010001011010100110101100000000000000000000000000000000000000000000000111000111101101111
100111101010001011010100110101100000000000000000000000000000000000000000000000010111111010110111
100111101010001011010100110101100000000000000000000000000000000000000000000001001000001111011000
100111101010001011010100110101100000000000000000000000000000000000000000000000111110000101101001
100111101010001011010100110101100000000000000000000000000000000000000000000000100110110101011110
100111101010001011010100110101100000000000000000000000000000000000000000000001000010000001110101
100111101010001011010100110101100000000000000000000000000000000000000000000000110011100110111111
100111101010001011010100110101100000000000000000000000000000000000000000000000001000010111100100
100111101010001011010100110101100000000000000000000000000000000000000000000000101011110110000011
100111101010001011010100110101100000000000000000000000000000000000000000000000011011100111010100
100111101010001011010100110101100000000000000000000000000000000000000000000001000101000111011011
100111101010001011010100110101100000000000000000000000000000000000000000000000101100010100000101
100111101010001011010100110101100000000000000000000000000000000000000000000001000001100100110111
100111101010001011010100110101100000000000000000000000000000000000000000000000000001001010011100
100111101010001011010100110101100000000000000000000000000000000000000000000000000011010000001100
100111101010001011010100110101100000000000000000000000000000000000000000000000011101010101101001
100111101010001011010100110101100000000000000000000000000000000000000000000000010111110011001100
100111101010001011010100110101100000000000000000000000000000000000000000000000010001100111111001
100111101010001011010100110101100000000000000000000000000000000000000000000001000001011100111000
100111101010001011010100110101100000000000000000000000000000000000000000000000001111011001111010
100111101010001011010100110101100000000000000000000000000000000000000000000000101100111000101001
100111101010001011010100110101100000000000000000000000000000000000000000000000011010111010000101
100111101010001011010100110101100000000000000000000000000000000000000000000000001000100011101011
100111101010001011010100110101100000000000000000000000000000000000000000000000101000010010101011
100111101010001011010100110101100000000000000000000000000000000000000000000000100101001000000011
100111101010001011010100110101100000000000000000000000000000000000000000000001000010001100100001
100111101010001011010100110101100000000000000000000000000000000000000000000000010100000011010100
100111101010001011010100110101100000000000000000000000000000000000000000000000100000110100001101
100111101010001011010100110101100000000000000000000000000000000000000000000001000001111000110000
100111101010001011010100110101100000000000000000000000000000000000000000000000010100100101111111
100111101010001011010100110101100000000000000000000000000000000000000000000000111101110011100000
100111101010001011010100110101100000000000000000000000000000000000000000000000011011101001001111
100111101010001011010100110101100000000000000000000000000000000000000000000000011011001001001011
100111101010001011010100110101100000000000000000000000000000000000000000000000001100001001010011
100111101010001011010100110101100000000000000000000000000000000000000000000000001100101101001111
100111101010001011010100110101100000000000000000000000000000000000000000000000010101111000110111
100111101010001011010100110101100000000000000000000000000000000000000000000000001010000001000100
100111101010001011010100110101100000000000000000000000000000000000000000000000001110101100111011
100111101010001011010100110101100000000000000000000000000000000000000000000000000111011000101011
100111101010001011010100110101100000000000000000000000000000000000000000000000011101100110001000
100111101010001011010100110101100000000000000000000000000000000000000000000000110000111010110100
100111101010001011010100110101100000000000000000000000000000000000000000000001000101001111010001
100111101010001011010100110101100000000000000000000000000000000000000000000000100011001111111010
100111101010001011010100110101100000000000000000000000000000000000000000000000001001101101000111
100111101010001011010100110101100000000000000000000000000000000000000000000000111011101110010001
100111101010001011010100110101100000000000000000000000000000000000000000000000100100111111101000
100111101010001011010100110101100000000000000000000000000000000000000000000000001000001101010100
100111101010001011010100110101100000000000000000000000000000000000000000000000001001000101010001
100111101010001011010100110101100000000000000000000000000000000000000000000000001111001000010001
100111101010001011010100110101100000000000000000000000000000000000000000000000011111100001101101
100111101010001011010100110101100000000000000000000000000000000000000000000000111010000101010001
100111101010001011010100110101100000000000000000000000000000000000000000000000101000001111011000
100111101010001011010100110101100000000000000000000000000000000000000000000000000101111101001000
100111101010001011010100110101100000000000000000000000000000000000000000000000001010001001111011
100111101010001011010100110101100000000000000000000000000000000000000000000000111001110010101111
100111101010001011010100110101100000000000000000000000000000000000000000000000100000101000101000
100111101010001011010100110101100000000000000000000000000000000000000000000000101101011011011010
100111101010001011010100110101100000000000000000000000000000000000000000000000110111101001101000
100111101010001011010100110101100000000000000000000000000000000000000000000000011111100110010010
100111101010001011010100110101100000000000000000000000000000000000000000000000100011111001000111
100111101010001011010100110101100000000000000000000000000000000000000000000000001011101110100100
100111101010001011010100110101100000000000000000000000000000000000000000000000001100011011111111
100111101010001011010100110101100000000000000000000000000000000000000000000000000010111000111011
100111101010001011010100110101100000000000000000000000000000000000000000000000010011001011111000
100111101010001011010100110101100000000000000000000000000000000000000000000001000111001001000111
100111101010001011010100110101100000000000000000000000000000000000000000000000011011101000011101
100111101010001011010100110101100000000000000000000000000000000000000000000000010011010110111010
100111101010001011010100110101100000000000000000000000000000000000000000000000100111001010011111
100111101010001011010100110101100000000000000000000000000000000000000000000000001101101000001100
100111101010001011010100110101100000000000000000000000000000000000000000000000000001000111110010
100111101010001011010100110101100000000000000000000000000000000000000000000000011110010100110110
100111101010001011010100110101100000000000000000000000000000000000000000000000101111110110100001
100111101010001011010100110101100000000000000000000000000000000000000000000000100000110001100100
100111101010001011010100110101100000000000000000000000000000000000000000000000111110111001010110
100111101010001011010100110101100000000000000000000000000000000000000000000000100100001111001100
100111101010001011010100110101100000000000000000000000000000000000000000000000100010000111000111
100111101010001011010100110101100000000000000000000000000000000000000000000000101100100000110101
100111101010001011010100110101100000000000000000000000000000000000000000000000100100101111110001
100111101010001011010100110101100000000000000000000000000000000000000000000000110011001011101100
100111101010001011010100110101100000000000000000000000000000000000000000000000100110001000101110
100111101010001011010100110101100000000000000000000000000000000000000000000000001011111000010000
100111101010001011010100110101100000000000000000000000000000000000000000000000010111001010010110
100111101010001011010100110101100000000000000000000000000000000000000000000000111000001010000101
100111101010001011010100110101100000000000000000000000000000000000000000000000010101111011011001
100111101010001011010100110101100000000000000000000000000000000000000000000000001111100111010101
100111101010001011010100110101100000000000000000000000000000000000000000000001001000101100111010
100111101010001011010100110101100000000000000000000000000000000000000000000000111011100010101111
100111101010001011010100110101100000000000000000000000000000000000000000000000010111110001110001
100111101010001011010100110101100000000000000000000000000000000000000000000000111110010100011001
100111101010001011010100110101100000000000000000000000000000000000000000000000010101100011110110
100111101010001011010100110101100000000000000000000000000000000000000000000000111011011010011010
100111101010001011010100110101100000000000000000000000000000000000000000000001001000100110001001
100111101010001011010100110101100000000000000000000000000000000000000000000001000110011001001001
100111101010001011010100110101100000000000000000000000000000000000000000000000100000001111111100
100111101010001011010100110101100000000000000000000000000000000000000000000000100000101001010001
100111101010001011010100110101100000000000000000000000000000000000000000000000001100000100110010
100111101010001011010100110101100000000000000000000000000000000000000000000000000010101011101111
100111101010001011010100110101100000000000000000000000000000000000000000000000011000111001001111
100111101010001011010100110101100000000000000000000000000000000000000000000000001111110000111100
100111101010001011010100110101100000000000000000000000000000000000000000000000000111110101111001
100111101010001011010100110101100000000000000000000000000000000000000000000000101100111111100100
100111101010001011010100110101100000000000000000000000000000000000000000000000101011100111010101
100111101010001011010100110101100000000000000000000000000000000000000000000000110111010100111011
100111101010001011010100110101100000000000000000000000000000000000000000000000001110100101011001
100111101010001011010100110101100000000000000000000000000000000000000000000000000110011001110110
100111101010001011010100110101100000000000000000000000000000000000000000000000011001011100110001
100111101010001011010100110101100000000000000000000000000000000000000000000000101001010111111010
100111101010001011010100110101100000000000000000000000000000000000000000000000100110111100011111
100111101010001011010100110101100000000000000000000000000000000000000000000000000010100101010010
100111101010001011010100110101100000000000000000000000000000000000000000000000101001110110011100
100111101010001011010100110101100000000000000000000000000000000000000000000000110111100110111110
100111101010001011010100110101100000000000000000000000000000000000000000000000100111011001000101
100111101010001011010100110101100000000000000000000000000000000000000000000000111111011111000101
100111101010001011010100110101100000000000000000000000000000000000000000000000010110001100100101
100111101010001011010100110101100000000000000000000000000000000000000000000000101100100010101110
100111101010001011010100110101100000000000000000000000000000000000000000000000100111011001100101
100111101010001011010100110101100000000000000000000000000000000000000000000000101101001101011100
100111101010001011010100110101100000000000000000000000000000000000000000000000110110100110001011
100111101010001011010100110101100000000000000000000000000000000000000000000000010011110001011011
100111101010001011010100110101100000000000000000000000000000000000000000000000010110110001000101
100111101010001011010100110101100000000000000000000000000000000000000000000000000001101100000111
100111101010001011010100110101100000000000000000000000000000000000000000000000100101011011000000
100111101010001011010100110101100000000000000000000000000000000000000000000000100010011101100011
100111101010001011010100110101100000000000000000000000000000000000000000000000111110110010010001
100111101010001011010100110101100000000000000000000000000000000000000000000000100100000110000011
100111101010001011010100110101100000000000000000000000000000000000000000000000110100011011011101
100111101010001011010100110101100000000000000000000000000000000000000000000000111100010101101000
100111101010001011010100110101100000000000000000000000000000000000000000000000110100101011111110
100111101010001011010100110101100000000000000000000000000000000000000000000000011111100010101001
100111101010001011010100110101100000000000000000000000000000000000000000000000100001100011011110
100111101010001011010100110101100000000000000000000000000000000000000000000000011101100101010110
100111101010001011010100110101100000000000000000000000000000000000000000000001000110111001111110
100111101010001011010100110101100000000000000000000000000000000000000000000000110011101010011010
100111101010001011010100110101100000000000000000000000000000000000000000000000000000111111101110
100111101010001011010100110101100000000000000000000000000000000000000000000000111001001110010001
100111101010001011010100110101100000000000000000000000000000000000000000000000000111010000011101
100111101010001011010100110101100000000000000000000000000000000000000000000000011101001001110111
100111101010001011010100110101100000000000000000000000000000000000000000000000000010110110111010
100111101010001011010100110101100000000000000000000000000000000000000000000000110001010110011000
100111101010001011010100110101100000000000000000000000000000000000000000000000111000111010101100
100111101010001011010100110101100000000000000000000000000000000000000000000000000000000000110011
100111101010001011010100110101100000000000000000000000000000000000000000000000000010000100111110
100111101010001011010100110101100000000000000000000000000000000000000000000000011011001010111000
100111101010001011010100110101100000000000000000000000000000000000000000000001000111000000011101
100111101010001011010100110101100000000000000000000000000000000000000000000000111100101110100110
100111101010001011010100110101100000000000000000000000000000000000000000000000110000011101101001
100111101010001011010100110101100000000000000000000000000000000000000000000000010100010011011010
100111101010001011010100110101100000000000000000000000000000000000000000000000101111101010111110
100111101010001011010100110101100000000000000000000000000000000000000000000000100101101110100101
100111101010001011010100110101100000000000000000000000000000000000000000000001000110001010101011
100111101010001011010100110101100000000000000000000000000000000000000000000001000110111111110011
100111101010001011010100110101100000000000000000000000000000000000000000000000110000101010001111
100111101010001011010100110101100000000000000000000000000000000000000000000000000110110110111001
100111101010001011010100110101100000000000000000000000000000000000000000000000101101011101101000
100111101010001011010100110101100000000000000000000000000000000000000000000000010000100111101011
100111101010001011010100110101100000000000000000000000000000000000000000000001000111000100101000
100111101010001011010100110101100000000000000000000000000000000000000000000000000100101000000100
100111101010001011010100110101100000000000000000000000000000000000000000000000111001100101111110
100111101010001011010100110101100000000000000000000000000000000000000000000000001100111111100000
100111101010001011010100110101100000000000000000000000000000000000000000000000010010111100100011
100111101010001011010100110101100000000000000000000000000000000000000000000000011011010001111011
100111101010001011010100110101100000000000000000000000000000000000000000000000011101010011101111
100111101010001011010100110101100000000000000000000000000000000000000000000000100110001010110000
100111101010001011010100110101100000000000000000000000000000000000000000000000110100010000110010
100111101010001011010100110101100000000000000000000000000000000000000000000000110111011010100110
100111101010001011010100110101100000000000000000000000000000000000000000000000000110010101001111
100111101010001011010100110101100000000000000000000000000000000000000000000000111110110011110010
100111101010001011010100110101100000000000000000000000000000000000000000000000001100001010111111
100111101010001011010100110101100000000000000000000000000000000000000000000000011011111001110011
100111101010001011010100110101100000000000000000000000000000000000000000000000011100001111100110
100111101010001011010100110101100000000000000000000000000000000000000000000000110010000110010100
100111101010001011010100110101100000000000000000000000000000000000000000000001001000110001001000
100111101010001011010100110101100000000000000000000000000000000000000000000000100000000100001001
100111101010001011010100110101100000000000000000000000000000000000000000000000000011001000010100
100111101010001011010100110101100000000000000000000000000000000000000000000000011101101001010110
100111101010001011010100110101100000000000000000000000000000000000000000000001000011010101010111
100111101010001011010100110101100000000000000000000000000000000000000000000000111010111010001100
100111101010001011010100110101100000000000000000000000000000000000000000000000111010011110000000
100111101010001011010100110101100000000000000000000000000000000000000000000001000101101011110110
100111101010001011010100110101100000000000000000000000000000000000000000000000110000111011011101
100111101010001011010100110101100000000000000000000000000000000000000000000001000110101000101011
100111101010001011010100110101100000000000000000000000000000000000000000000000100011001011100100
100111101010001011010100110101100000000000000000000000000000000000000000000000100111001011011001
100111101010001011010100110101100000000000000000000000000000000000000000000000010100011000000110
100111101010001011010100110101100000000000000000000000000000000000000000000000101001000110111111
100111101010001011010100110101100000000000000000000000000000000000000000000000110101111110111010
100111101010001011010100110101100000000000000000000000000000000000000000000000110010000111001011
100111101010001011010100110101100000000000000000000000000000000000000000000000110001010010000111
100111101010001011010100110101100000000000000000000000000000000000000000000000100001100111010111
100111101010001011010100110101100000000000000000000000000000000000000000000000101010111001001110
100111101010001011010100110101100000000000000000000000000000000000000000000000011100010101110101
100111101010001011010100110101100000000000000000000000000000000000000000000000000101000100011101
100111101010001011010100110101100000000000000000000000000000000000000000000000100101000110111010
100111101010001011010100110101100000000000000000000000000000000000000000000000100011111010101101
100111101010001011010100110101100000000000000000000000000000000000000000000000100100001101010110
100111101010001011010100110101100000000000000000000000000000000000000000000000111101011111101101
100111101010001011010100110101100000000000000000000000000000000000000000000000111101100000111110
100111101010001011010100110101100000000000000000000000000000000000000000000001000111111000001110
100111101010001011010100110101100000000000000000000000000000000000000000000000110110110011000011
100111101010001011010100110101100000000000000000000000000000000000000000000001000011101001110000
100111101010001011010100110101100000000000000000000000000000000000000000000001000100100011111011
100111101010001011010100110101100000000000000000000000000000000000000000000000101001110001000101
100111101010001011010100110101100000000000000000000000000000000000000000000000010000111001001100
100111101010001011010100110101100000000000000000000000000000000000000000000000000001110110110000
100111101010001011010100110101100000000000000000000000000000000000000000000000010000010110001111
100111101010001011010100110101100000000000000000000000000000000000000000000001000111101111010110
100111101010001011010100110101100000000000000000000000000000000000000000000000111111111001001000
100111101010001011010100110101100000000000000000000000000000000000000000000000000001000010100001
100111101010001011010100110101100000000000000000000000000000000000000000000001000000011001001001
100111101010001011010100110101100000000000000000000000000000000000000000000000010100011110000110
100111101010001011010100110101100000000000000000000000000000000000000000000000110100101110101001
100111101010001011010100110101100000000000000000000000000000000000000000000000001101001110110111
100111101010001011010100110101100000000000000000000000000000000000000000000000110011001111110101
100111101010001011010100110101100000000000000000000000000000000000000000000000100111101100010010
100111101010001011010100110101100000000000000000000000000000000000000000000000100110000011110100
100111101010001011010100110101100000000000000000000000000000000000000000000001000101000111110000
100111101010001011010100110101100000000000000000000000000000000000000000000000010110101001001111
100111101010001011010100110101100000000000000000000000000000000000000000000001000000011110010000
100111101010001011010100110101100000000000000000000000000000000000000000000000110001001011010010
100111101010001011010100110101100000000000000000000000000000000000000000000000110000101010000000
100111101010001011010100110101100000000000000000000000000000000000000000000000110000100010010010
100111101010001011010100110101100000000000000000000000000000000000000000000000000111101110001101
100111101010001011010100110101100000000000000000000000000000000000000000000000000100000111000100
100111101010001011010100110101100000000000000000000000000000000000000000000000011111010101001011
100111101010001011010100110101100000000000000000000000000000000000000000000000111100011100111100
100111101010001011010100110101100000000000000000000000000000000000000000000000001010100110101010
100111101010001011010100110101100000000000000000000000000000000000000000000000100011011001001001
100111101010001011010100110101100000000000000000000000000000000000000000000000000101011000010000
100111101010001011010100110101100000000000000000000000000000000000000000000000010000100101001011
100111101010001011010100110101100000000000000000000000000000000000000000000000110010001011110001
100111101010001011010100110101100000000000000000000000000000000000000000000000010111110010110001
100111101010001011010100110101100000000000000000000000000000000000000000000001000100000101010010
100111101010001011010100110101100000000000000000000000000000000000000000000000001011000101110001
100111101010001011010100110101100000000000000000000000000000000000000000000000001101111110010101
100111101010001011010100110101100000000000000000000000000000000000000000000001000110000010110111
100111101010001011010100110101100000000000000000000000000000000000000000000000101011011010001000
100111101010001011010100110101100000000000000000000000000000000000000000000000110011110010010000
100111101010001011010100110101100000000000000000000000000000000000000000000000001101010011101110
100111101010001011010100110101100000000000000000000000000000000000000000000000011110111100101100
100111101010001011010100110101100000000000000000000000000000000000000000000000110000011010000101
100111101010001011010100110101100000000000000000000000000000000000000000000000010000111101111001
100111101010001011010100110101100000000000000000000000000000000000000000000000010100110111100100
100111101010001011010100110101100000000000000000000000000000000000000000000000100100100111010111
100111101010001011010100110101100000000000000000000000000000000000000000000000011010001110100010
100111101010001011010100110101100000000000000000000000000000000000000000000000101010001010000101
100111101010001011010100110101100000000000000000000000000000000000000000000000101101010011011010
100111101010001011010100110101100000000000000000000000000000000000000000000000111011100110011000
100111101010001011010100110101100000000000000000000000000000000000000000000000101101000111010001
100111101010001011010100110101100000000000000000000000000000000000000000000000110110111011011000
100111101010001011010100110101100000000000000000000000000000000000000000000000111111010100110010
100111101010001011010100110101100000000000000000000000000000000000000000000000111110011110101001
100111101010001011010100110101100000000000000000000000000000000000000000000000000010000001111000
100111101010001011010100110101100000000000000000000000000000000000000000000000100010111111111010
100111101010001011010100110101100000000000000000000000000000000000000000000000110111001001110000
100111101010001011010100110101100000000000000000000000000000000000000000000000100110100111011100
100111101010001011010100110101100000000000000000000000000000000000000000000000101110101011011101
100111101010001011010100110101100000000000000000000000000000000000000000000000011101101100100101
100111101010001011010100110101100000000000000000000000000000000000000000000000111101011110010111
100111101010001011010100110101100000000000000000000000000000000000000000000000001010111100110110
100111101010001011010100110101100000000000000000000000000000000000000000000000111010100111110010
100111101010001011010100110101100000000000000000000000000000000000000000000000011000110100111110
100111101010001011010100110101100000000000000000000000000000000000000000000000001110010110101101
100111101010001011010100110101100000000000000000000000000000000000000000000000000101010011101111
100111101010001011010100110101100000000000000000000000000000000000000000000000000000101110101111
100111101010001011010100110101100000000000000000000000000000000000000000000000101001001110001111
100111101010001011010100110101100000000000000000000000000000000000000000000001000011010001011100
100111101010001011010100110101100000000000000000000000000000000000000000000000010000001010101110
100111101010001011010100110101100000000000000000000000000000000000000000000000101001010010011101
100111101010001011010100110101100000000000000000000000000000000000000000000000101011111000011000
100111101010001011010100110101100000000000000000000000000000000000000000000001000010101100000100
100111101010001011010100110101100000000000000000000000000000000000000000000000011111101100001110
100111101010001011010100110101100000000000000000000000000000000000000000000000000111011100010011
100111101010001011010100110101100000000000000000000000000000000000000000000000111111000110100001
100111101010001011010100110101100000000000000000000000000000000000000000000001000011111010101001
100111101010001011010100110101100000000000000000000000000000000000000000000000110100011011111000
100111101010001011010100110101100000000000000000000000000000000000000000000001000010100101011000
100111101010001011010100110101100000000000000000000000000000000000000000000000010001001111011101
100111101010001011010100110101100000000000000000000000000000000000000000000001000101110010011011
100111101010001011010100110101100000000000000000000000000000000000000000000000011111111100111011
100111101010001011010100110101100000000000000000000000000000000000000000000000110011010111010111
100111101010001011010100110101100000000000000000000000000000000000000000000000101100110110100001
100111101010001011010100110101100000000000000000000000000000000000000000000000111110001101100100
100111101010001011010100110101100000000000000000000000000000000000000000000000111001010100110101
100111101010001011010100110101100000000000000000000000000000000000000000000000000111110110111101
100111101010001011010100110101100000000000000000000000000000000000000000000000001100001101111000
100111101010001011010100110101100000000000000000000000000000000000000000000001000010111010101111
100111101010001011010100110101100000000000000000000000000000000000000000000000001111111010100111
100111101010001011010100110101100000000000000000000000000000000000000000000000011011101100111000
100111101010001011010100110101100000000000000000000000000000000000000000000000000101001101011011
100111101010001011010100110101100000000000000000000000000000000000000000000000100111000110101100
100111101010001011010100110101100000000000000000000000000000000000000000000000000000010001011101
100111101010001011010100110101100000000000000000000000000000000000000000000000111101101100111001
100111101010001011010100110101100000000000000000000000000000000000000000000000111101111011011111
100111101010001011010100110101100000000000000000000000000000000000000000000001000011001110100100
100111101010001011010100110101100000000000000000000000000000000000000000000000011000001111011011
100111101010001011010100110101100000000000000000000000000000000000000000000001000001101110111001
100111101010001011010100110101100000000000000000000000000000000000000000000001000011110001101110
100111101010001011010100110101100000000000000000000000000000000000000000000000000001101011111011
100111101010001011010100110101100000000000000000000000000000000000000000000000011100100110100100
100111101010001011010100110101100000000000000000000000000000000000000000000000110000001100001101
100111101010001011010100110101100000000000000000000000000000000000000000000001000110001111001101
100111101010001011010100110101100000000000000000000000000000000000000000000000001101100111010011
100111101010001011010100110101100000000000000000000000000000000000000000000000011101110000001010
100111101010001011010100110101100000000000000000000000000000000000000000000000111010110011100100
100111101010001011010100110101100000000000000000000000000000000000000000000000000000111010001010
100111101010001011010100110101100000000000000000000000000000000000000000000000000011010001101000
100111101010001011010100110101100000000000000000000000000000000000000000000000100011110101110001
100111101010001011010100110101100000000000000000000000000000000000000000000000011011101110100010
100111101010001011010100110101100000000000000000000000000000000000000000000001000100101010110011
100111101010001011010100110101100000000000000000000000000000000000000000000000011111111011011001
100111101010001011010100110101100000000000000000000000000000000000000000000000100111101101100110
100111101010001011010100110101100000000000000000000000000000000000000000000000001001011101100000
100111101010001011010100110101100000000000000000000000000000000000000000000000010001110000100111
100111101010001011010100110101100000000000000000000000000000000000000000000000001001011010100110
100111101010001011010100110101100000000000000000000000000000000000000000000000000110000010101101
100111101010001011010100110101100000000000000000000000000000000000000000000000101001110010011110
100111101010001011010100110101100000000000000000000000000000000000000000000000111101110100100010
100111101010001011010100110101100000000000000000000000000000000000000000000000101010111000010000
100111101010001011010100110101100000000000000000000000000000000000000000000000001111010000010110
100111101010001011010100110101100000000000000000000000000000000000000000000000111110101001000110
100111101010001011010100110101100000000000000000000000000000000000000000000000111001111010101100
100111101010001011010100110101100000000000000000000000000000000000000000000000100001111101010011
100111101010001011010100110101100000000000000000000000000000000000000000000000001100101101100011
100111101010001011010100110101100000000000000000000000000000000000000000000000000001111010000010
100111101010001011010100110101100000000000000000000000000000000000000000000000000011010010101011
100111101010001011010100110101100000000000000000000000000000000000000000000000011110100001110001
100111101010001011010100110101100000000000000000000000000000000000000000000000111111101100001100
100111101010001011010100110101100000000000000000000000000000000000000000000000011011000111001110
100111101010001011010100110101100000000000000000000000000000000000000000000000100100010101101101
100111101010001011010100110101100000000000000000000000000000000000000000000000101110010010001000
100111101010001011010100110101100000000000000000000000000000000000000000000000010010011101000111
100111101010001011010100110101100000000000000000000000000000000000000000000000100000111100110000
100111101010001011010100110101100000000000000000000000000000000000000000000000100011001010101110
100111101010001011010100110101100000000000000000000000000000000000000000000000000110001101100001
100111101010001011010100110101100000000000000000000000000000000000000000000000001110000000000000
100111101010001011010100110101100000000000000000000000000000000000000000000001000110000110010011
100111101010001011010100110101100000000000000000000000000000000000000000000000010100111010011111
100111101010001011010100110101100000000000000000000000000000000000000000000000010000101001011000
100111101010001011010100110101100000000000000000000000000000000000000000000000000011000101010111
100111101010001011010100110101100000000000000000000000000000000000000000000000011110000100101010
100111101010001011010100110101100000000000000000000000000000000000000000000000101111010101010011
100111101010001011010100110101100000000000000000000000000000000000000000000000000001111010110100
100111101010001011010100110101100000000000000000000000000000000000000000000000000001100100100110
100111101010001011010100110101100000000000000000000000000000000000000000000000010000000100101011
100111101010001011010100110101100000000000000000000000000000000000000000000000000111011011000010
100111101010001011010100110101100000000000000000000000000000000000000000000000111010111110110001
100111101010001011010100110101100000000000000000000000000000000000000000000000100100010110101100
100111101010001011010100110101100000000000000000000000000000000000000000000000001100100011011001
100111101010001011010100110101100000000000000000000000000000000000000000000000010001111010100111
100111101010001011010100110101100000000000000000000000000000000000000000000000111101001011010001
100111101010001011010100110101100000000000000000000000000000000000000000000000010010001111001111
100111101010001011010100110101100000000000000000000000000000000000000000000000001001110010011010
100111101010001011010100110101100000000000000000000000000000000000000000000001000111000111101100
100111101010001011010100110101100000000000000000000000000000000000000000000000111010010101010110
100111101010001011010100110101100000000000000000000000000000000000000000000000101010010001101101
100111101010001011010100110101100000000000000000000000000000000000000000000000001111101111000011
100111101010001011010100110101100000000000000000000000000000000000000000000000100110110101111010
100111101010001011010100110101100000000000000000000000000000000000000000000000010000111001111010
100111101010001011010100110101100000000000000000000000000000000000000000000000011101010001110100
100111101010001011010100110101100000000000000000000000000000000000000000000000101110110101111010
100111101010001011010100110101100000000000000000000000000000000000000000000000000001001110010011
100111101010001011010100110101100000000000000000000000000000000000000000000000111100011011100110
100111101010001011010100110101100000000000000000000000000000000000000000000000000110111111101010
100111101010001011010100110101100000000000000000000000000000000000000000000000011100001100000000
100111101010001011010100110101100000000000000000000000000000000000000000000000011011111010001000
100111101010001011010100110101100000000000000000000000000000000000000000000000101101111000110010
100111101010001011010100110101100000000000000000000000000000000000000000000001001000000010100001
100111101010001011010100110101100000000000000000000000000000000000000000000001001000000110100110
100111101010001011010100110101100000000000000000000000000000000000000000000000011000001001100010
100111101010001011010100110101100000000000000000000000000000000000000000000000101000111001010000
100111101010001011010100110101100000000000000000000000000000000000000000000000000101010010001101
100111101010001011010100110101100000000000000000000000000000000000000000000000101000001100011000
100111101010001011010100110101100000000000000000000000000000000000000000000000000100111010000000
100111101010001011010100110101100000000000000000000000000000000000000000000001000010011101010111
100111101010001011010100110101100000000000000000000000000000000000000000000000001100000010101110
100111101010001011010100110101100000000000000000000000000000000000000000000000011110101010111110
100111101010001011010100110101100000000000000000000000000000000000000000000001000000000110001110
100111101010001011010100110101100000000000000000000000000000000000000000000000001001001000011000
100111101010001011010100110101100000000000000000000000000000000000000000000000100011010110110110
100111101010001011010100110101100000000000000000000000000000000000000000000000000001101011110001
100111101010001011010100110101100000000000000000000000000000000000000000000000001011011101011000
100111101010001011010100110101100000000000000000000000000000000000000000000000000111001110101001
100111101010001011010100110101100000000000000000000000000000000000000000000000000100101111100000
100111101010001011010100110101100000000000000000000000000000000000000000000000010101101011111101
100111101010001011010100110101100000000000000000000000000000000000000000000000011000011011001001
100111101010001011010100110101100000000000000000000000000000000000000000000000011101011001101111
100111101010001011010100110101100000000000000000000000000000000000000000000001001001000100010100
100111101010001011010100110101100000000000000000000000000000000000000000000000111100000111101000
100111101010001011010100110101100000000000000000000000000000000000000000000000010010011110110000
100111101010001011010100110101100000000000000000000000000000000000000000000000010000001101010011
100111101010001011010100110101100000000000000000000000000000000000000000000000100001111100100000
100111101010001011010100110101100000000000000000000000000000000000000000000000111111100001100001
100111101010001011010100110101100000000000000000000000000000000000000000000000001100101110011010
100111101010001011010100110101100000000000000000000000000000000000000000000000011101101100001010
100111101010001011010100110101100000000000000000000000000000000000000000000000101000001001000101
100111101010001011010100110101100000000000000000000000000000000000000000000000000101101100100001
100111101010001011010100110101100000000000000000000000000000000000000000000000001101010000001010
100111101010001011010100110101100000000000000000000000000000000000000000000000000001100001111001
100111101010001011010100110101100000000000000000000000000000000000000000000000111010100111011111
100111101010001011010100110101100000000000000000000000000000000000000000000000010100001010100111
100111101010001011010100110101100000000000000000000000000000000000000000000000100001010111001000
100111101010001011010100110101100000000000000000000000000000000000000000000000101100100010100011
100111101010001011010100110101100000000000000000000000000000000000000000000001000101111011000101
100111101010001011010100110101100000000000000000000000000000000000000000000000101100001101011011
100111101010001011010100110101100000000000000000000000000000000000000000000000010011011010010110
100111101010001011010100110101100000000000000000000000000000000000000000000000101001000100010001
100111101010001011010100110101100000000000000000000000000000000000000000000000101001100111001111
100111101010001011010100110101100000000000000000000000000000000000000000000000011101000100000111
100111101010001011010100110101100000000000000000000000000000000000000000000000101101001011010001
100111101010001011010100110101100000000000000000000000000000000000000000000001000111101110011011
100111101010001011010100110101100000000000000000000000000000000000000000000000110001110010101111
100111101010001011010100110101100000000000000000000000000000000000000000000000111111000110110100
100111101010001011010100110101100000000000000000000000000000000000000000000000000100011010010101
100111101010001011010100110101100000000000000000000000000000000000000000000000011010001101111000
100111101010001011010100110101100000000000000000000000000000000000000000000000101110010111000011
100111101010001011010100110101100000000000000000000000000000000000000000000000001110110100111110
100111101010001011010100110101100000000000000000000000000000000000000000000000011111101101111111
100111101010001011010100110101100000000000000000000000000000000000000000000001000101000101011001
100111101010001011010100110101100000000000000000000000000000000000000000000000001000001111101010
100111101010001011010100110101100000000000000000000000000000000000000000000000100111001000111110
100111101010001011010100110101100000000000000000000000000000000000000000000000110011000111101101
100111101010001011010100110101100000000000000000000000000000000000000000000000111011111000010110
100111101010001011010100110101100000000000000000000000000000000000000000000000111100000010000101
100111101010001011010100110101100000000000000000000000000000000000000000000000100001111011011110
100111101010001011010100110101100000000000000000000000000000000000000000000000010000111110001011
100111101010001011010100110101100000000000000000000000000000000000000000000000110011011001101000
100111101010001011010100110101100000000000000000000000000000000000000000000000110110100111001000
100111101010001011010100110101100000000000000000000000000000000000000000000000110010101111011110
100111101010001011010100110101100000000000000000000000000000000000000000000000100001011111101011
100111101010001011010100110101100000000000000000000000000000000000000000000000000011010111010011
100111101010001011010100110101100000000000000000000000000000000000000000000000011010110011100111
100111101010001011010100110101100000000000000000000000000000000000000000000000101100000001111101
100111101010001011010100110101100000000000000000000000000000000000000000000000001000001110000101
100111101010001011010100110101100000000000000000000000000000000000000000000000000001111010111000
100111101010001011010100110101100000000000000000000000000000000000000000000000111010010000010000
100111101010001011010100110101100000000000000000000000000000000000000000000000100111001011011111
100111101010001011010100110101100000000000000000000000000000000000000000000000101110001001101010
100111101010001011010100110101100000000000000000000000000000000000000000000000110001000000111101
100111101010001011010100110101100000000000000000000000000000000000000000000000010001001101111111
100111101010001011010100110101100000000000000000000000000000000000000000000000101001101010001001
100111101010001011010100110101100000000000000000000000000000000000000000000000000100010110000010
100111101010001011010100110101100000000000000000000000000000000000000000000000111000101100100101
100111101010001011010100110101100000000000000000000000000000000000000000000000001101101110011011
100111101010001011010100110101100000000000000000000000000000000000000000000000110110001110100111
100111101010001011010100110101100000000000000000000000000000000000000000000000000010001001100111
100111101010001011010100110101100000000000000000000000000000000000000000000000111010110111111011
100111101010001011010100110101100000000000000000000000000000000000000000000000110101011000100000
100111101010001011010100110101100000000000000000000000000000000000000000000000101111010101101000
100111101010001011010100110101100000000000000000000000000000000000000000000000111110100011111101
100111101010001011010100110101100000000000000000000000000000000000000000000000001011011111010101
100111101010001011010100110101100000000000000000000000000000000000000000000000100000100011101000
100111101010001011010100110101100000000000000000000000000000000000000000000000010101000000100111
100111101010001011010100110101100000000000000000000000000000000000000000000000100011011001011110
100111101010001011010100110101100000000000000000000000000000000000000000000000111100110110010100
100111101010001011010100110101100000000000000000000000000000000000000000000000100101001110001001
100111101010001011010100110101100000000000000000000000000000000000000000000000100100011111101011
100111101010001011010100110101100000000000000000000000000000000000000000000000000010111010000000
100111101010001011010100110101100000000000000000000000000000000000000000000000011101111110110001
100111101010001011010100110101100000000000000000000000000000000000000000000001000111000111010111
100111101010001011010100110101100000000000000000000000000000000000000000000000010100101100000101
100111101010001011010100110101100000000000000000000000000000000000000000000000101011111111000100
100111101010001011010100110101100000000000000000000000000000000000000000000000111011011101010101
100111101010001011010100110101100000000000000000000000000000000000000000000000011101001100110111
100111101010001011010100110101100000000000000000000000000000000000000000000000010011010000001100
100111101010001011010100110101100000000000000000000000000000000000000000000001000101110101101100
100111101010001011010100110101100000000000000000000000000000000000000000000000000110010111011100
100111101010001011010100110101100000000000000000000000000000000000000000000000101101000010101100
100111101010001011010100110101100000000000000000000000000000000000000000000001001000000010011111
100111101010001011010100110101100000000000000000000000000000000000000000000000111111011100111010
100111101010001011010100110101100000000000000000000000000000000000000000000000011011010000000010
100111101010001011010100110101100000000000000000000000000000000000000000000000001000110001010100
100111101010001011010100110101100000000000000000000000000000000000000000000000101110101110101100
100111101010001011010100110101100000000000000000000000000000000000000000000000110100101010000000
100111101010001011010100110101100000000000000000000000000000000000000000000000001001000000010101
100111101010001011010100110101100000000000000000000000000000000000000000000000000110000011110011
100111101010001011010100110101100000000000000000000000000000000000000000000000001111101000010000
100111101010001011010100110101100000000000000000000000000000000000000000000000100101111100000101
100111101010001011010100110101100000000000000000000000000000000000000000000000010001001110110111
100111101010001011010100110101100000000000000000000000000000000000000000000000000110100101000011
100111101010001011010100110101100000000000000000000000000000000000000000000000011111011001110110
100111101010001011010100110101100000000000000000000000000000000000000000000000011011000100101011
100111101010001011010100110101100000000000000000000000000000000000000000000000101010101011111111
100111101010001011010100110101100000000000000000000000000000000000000000000000001111011011101100
100111101010001011010100110101100000000000000000000000000000000000000000000000001001001011101110
100111101010001011010100110101100000000000000000000000000000000000000000000000100100001110100101
100111101010001011010100110101100000000000000000000000000000000000000000000000001100101100010011
100111101010001011010100110101100000000000000000000000000000000000000000000000101110101011110001
100111101010001011010100110101100000000000000000000000000000000000000000000000111011010011111111
100111101010001011010100110101100000000000000000000000000000000000000000000000111111011101011001
100111101010001011010100110101100000000000000000000000000000000000000000000000100010111000000111
100111101010001011010100110101100000000000000000000000000000000000000000000000010101111100111000
100111101010001011010100110101100000000000000000000000000000000000000000000000100101011111111101
100111101010001011010100110101100000000000000000000000000000000000000000000000001010101011110011
100111101010001011010100110101100000000000000000000000000000000000000000000000000000111000010110
100111101010001011010100110101100000000000000000000000000000000000000000000000000000011101001101
100111101010001011010100110101100000000000000000000000000000000000000000000000111000011001000011
100111101010001011010100110101100000000000000000000000000000000000000000000000000111100000011001
100111101010001011010100110101100000000000000000000000000000000000000000000000000010111011001100
100111101010001011010100110101100000000000000000000000000000000000000000000000000111001111111010
100111101010001011010100110101100000000000000000000000000000000000000000000000111001000010100000
100111101010001011010100110101100000000000000000000000000000000000000000000000001010011100001000
100111101010001011010100110101100000000000000000000000000000000000000000000000000100110001110100
100111101010001011010100110101100000000000000000000000000000000000000000000000001100110000100010
100111101010001011010100110101100000000000000000000000000000000000000000000000011110001001100011
100111101010001011010100110101100000000000000000000000000000000000000000000000111011001100001110
100111101010001011010100110101100000000000000000000000000000000000000000000000110010111100101110
100111101010001011010100110101100000000000000000000000000000000000000000000000100010001110100110
100111101010001011010100110101100000000000000000000000000000000000000000000000011101000010110100
100111101010001011010100110101100000000000000000000000000000000000000000000000011001100010001111
100111101010001011010100110101100000000000000000000000000000000000000000000000111011000001101110
100111101010001011010100110101100000000000000000000000000000000000000000000000001101011010100100
100111101010001011010100110101100000000000000000000000000000000000000000000000011010001000111101
100111101010001011010100110101100000000000000000000000000000000000000000000000100111100100011111
100111101010001011010100110101100000000000000000000000000000000000000000000000001111100110001000
100111101010001011010100110101100000000000000000000000000000000000000000000001000110100100110110
100111101010001011010100110101100000000000000000000000000000000000000000000000011100100110010000
100111101010001011010100110101100000000000000000000000000000000000000000000001000001111011111110
100111101010001011010100110101100000000000000000000000000000000000000000000000111110100010000110
100111101010001011010100110101100000000000000000000000000000000000000000000000000010010000001101
100111101010001011010100110101100000000000000000000000000000000000000000000000011010110110110101
100111101010001011010100110101100000000000000000000000000000000000000000000000110010011001110001
100111101010001011010100110101100000000000000000000000000000000000000000000000010100100100011011
100111101010001011010100110101100000000000000000000000000000000000000000000001000110100101100111
100111101010001011010100110101100000000000000000000000000000000000000000000001000111101111001111
100111101010001011010100110101100000000000000000000000000000000000000000000000110001111000010010
100111101010001011010100110101100000000000000000000000000000000000000000000000001100001101111010
100111101010001011010100110101100000000000000000000000000000000000000000000000000101000111111110
100111101010001011010100110101100000000000000000000000000000000000000000000000101001010111000010
100111101010001011010100110101100000000000000000000000000000000000000000000000111010001000010001
100111101010001011010100110101100000000000000000000000000000000000000000000000110011111111110101
100111101010001011010100110101100000000000000000000000000000000000000000000000011101010100101101
100111101010001011010100110101100000000000000000000000000000000000000000000000101011010111000000
100111101010001011010100110101100000000000000000000000000000000000000000000000000011100000000100
100111101010001011010100110101100000000000000000000000000000000000000000000001001001000100001011
100111101010001011010100110101100000000000000000000000000000000000000000000001000111111100110000
100111101010001011010100110101100000000000000000000000000000000000000000000000011010111110101100
100111101010001011010100110101100000000000000000000000000000000000000000000000101100101010001111
100111101010001011010100110101100000000000000000000000000000000000000000000000101110000011011000
100111101010001011010100110101100000000000000000000000000000000000000000000001000101010100001000
100111101010001011010100110101100000000000000000000000000000000000000000000000110110101110001001
100111101010001011010100110101100000000000000000000000000000000000000000000000000000010001101011
100111101010001011010100110101100000000000000000000000000000000000000000000000100001000010001011
100111101010001011010100110101100000000000000000000000000000000000000000000000011101111110110111
100111101010001011010100110101100000000000000000000000000000000000000000000000000000001011100011
100111101010001011010100110101100000000000000000000000000000000000000000000000000000101010010000
100111101010001011010100110101100000000000000000000000000000000000000000000000000001110111001111
100111101010001011010100110101100000000000000000000000000000000000000000000000010010110110000000
100111101010001011010100110101100000000000000000000000000000000000000000000000111001010010000001
100111101010001011010100110101100000000000000000000000000000000000000000000000100000100001001010
100111101010001011010100110101100000000000000000000000000000000000000000000001000011100100110110
100111101010001011010100110101100000000000000000000000000000000000000000000000101110111111010010
100111101010001011010100110101100000000000000000000000000000000000000000000000101100011001001011
100111101010001011010100110101100000000000000000000000000000000000000000000000011001001110110001
100111101010001011010100110101100000000000000000000000000000000000000000000001000101111110001001
100111101010001011010100110101100000000000000000000000000000000000000000000001000100010011101011
100111101010001011010100110101100000000000000000000000000000000000000000000001000001101111000001
100111101010001011010100110101100000000000000000000000000000000000000000000001000100101001100001
100111101010001011010100110101100000000000000000000000000000000000000000000000010011000010011010
100111101010001011010100110101100000000000000000000000000000000000000000000000010101011000011011
100111101010001011010100110101100000000000000000000000000000000000000000000000011001110000111101
100111101010001011010100110101100000000000000000000000000000000000000000000001000001100101010001
100111101010001011010100110101100000000000000000000000000000000000000000000000001110000010100101
100111101010001011010100110101100000000000000000000000000000000000000000000000010011100101011000
100111101010001011010100110101100000000000000000000000000000000000000000000001000111100000000101
100111101010001011010100110101100000000000000000000000000000000000000000000000101001111010000000
100111101010001011010100110101100000000000000000000000000000000000000000000000001101111101001110
100111101010001011010100110101100000000000000000000000000000000000000000000000111100111111000100
100111101010001011010100110101100000000000000000000000000000000000000000000001000011000000110010
100111101010001011010100110101100000000000000000000000000000000000000000000000101001011010001100
100111101010001011010100110101100000000000000000000000000000000000000000000000101001010011001000
100111101010001011010100110101100000000000000000000000000000000000000000000000100111010100100001
100111101010001011010100110101100000000000000000000000000000000000000000000000100010101110111100
100111101010001011010100110101100000000000000000000000000000000000000000000000101011110110011000
100111101010001011010100110101100000000000000000000000000000000000000000000000100111110111101010
100111101010001011010100110101100000000000000000000000000000000000000000000000000111111001111101
100111101010001011010100110101100000000000000000000000000000000000000000000000001100001100001000
100111101010001011010100110101100000000000000000000000000000000000000000000001001000010011100001
100111101010001011010100110101100000000000000000000000000000000000000000000000010010101000001101
100111101010001011010100110101100000000000000000000000000000000000000000000000001001101010000001
100111101010001011010100110101100000000000000000000000000000000000000000000001000101110111111000
100111101010001011010100110101100000000000000000000000000000000000000000000000010011011010110110
100111101010001011010100110101100000000000000000000000000000000000000000000000101101011000000110
100111101010001011010100110101100000000000000000000000000000000000000000000000001111001000110001
100111101010001011010100110101100000000000000000000000000000000000000000000000111101110000000000
100111101010001011010100110101100000000000000000000000000000000000000000000000111001110110011011
100111101010001011010100110101100000000000000000000000000000000000000000000000101000110011110000
100111101010001011010100110101100000000000000000000000000000000000000000000000101100011010110010
100111101010001011010100110101100000000000000000000000000000000000000000000000110111000111101001
100111101010001011010100110101100000000000000000000000000000000000000000000000001111011010011111
100111101010001011010100110101100000000000000000000000000000000000000000000000100101001000011001
100111101010001011010100110101100000000000000000000000000000000000000000000001000101001101110011
100111101010001011010100110101100000000000000000000000000000000000000000000000011110000111000100
100111101010001011010100110101100000000000000000000000000000000000000000000000000011001100100001
100111101010001011010100110101100000000000000000000000000000000000000000000000000010010100000100
100111101010001011010100110101100000000000000000000000000000000000000000000000101000111111100110
100111101010001011010100110101100000000000000000000000000000000000000000000000011010000110011000
100111101010001011010100110101100000000000000000000000000000000000000000000001000111101101100010
100111101010001011010100110101100000000000000000000000000000000000000000000001000110011101100100
100111101010001011010100110101100000000000000000000000000000000000000000000000011011110110100011
100111101010001011010100110101100000000000000000000000000000000000000000000001001000100010101001
100111101010001011010100110101100000000000000000000000000000000000000000000001001001000000011010
100111101010001011010100110101100000000000000000000000000000000000000000000001000010000100100101
100111101010001011010100110101100000000000000000000000000000000000000000000000101010011111011010
100111101010001011010100110101100000000000000000000000000000000000000000000000010011010101000110
100111101010001011010100110101100000000000000000000000000000000000000000000000111011011110101001
100111101010001011010100110101100000000000000000000000000000000000000000000000111111001110000101
100111101010001011010100110101100000000000000000000000000000000000000000000000000101101001000001
100111101010001011010100110101100000000000000000000000000000000000000000000000111100100001010111
100111101010001011010100110101100000000000000000000000000000000000000000000000111110111001011111
100111101010001011010100110101100000000000000000000000000000000000000000000000001001100110111010
100111101010001011010100110101100000000000000000000000000000000000000000000000100010100010110111
100111101010001011010100110101100000000000000000000000000000000000000000000000000101100011110110
100111101010001011010100110101100000000000000000000000000000000000000000000000110000100001010011
100111101010001011010100110101100000000000000000000000000000000000000000000001000101101100001000
100111101010001011010100110101100000000000000000000000000000000000000000000000001101101010010001
100111101010001011010100110101100000000000000000000000000000000000000000000000101110010000010010
100111101010001011010100110101100000000000000000000000000000000000000000000000001010100111110101
100111101010001011010100110101100000000000000000000000000000000000000000000000011011100000110101
100111101010001011010100110101100000000000000000000000000000000000000000000000101010110011100011
100111101010001011010100110101100000000000000000000000000000000000000000000000011011010001000001
100111101010001011010100110101100000000000000000000000000000000000000000000000001000001111111100
100111101010001011010100110101100000000000000000000000000000000000000000000000001101011000101101
100111101010001011010100110101100000000000000000000000000000000000000000000000011101101000101000
100111101010001011010100110101100000000000000000000000000000000000000000000000001011111011001101
100111101010001011010100110101100000000000000000000000000000000000000000000000010010011111100110
100111101010001011010100110101100000000000000000000000000000000000000000000000010011010010111001
100111101010001011010100110101100000000000000000000000000000000000000000000001000001011000011101
100111101010001011010100110101100000000000000000000000000000000000000000000000110000000111010011
100111101010001011010100110101100000000000000000000000000000000000000000000000111011110110110011
100111101010001011010100110101100000000000000000000000000000000000000000000001000010010010100000
100111101010001011010100110101100000000000000000000000000000000000000000000001000001100000101011
100111101010001011010100110101100000000000000000000000000000000000000000000000010110110101001110
100111101010001011010100110101100000000000000000000000000000000000000000000000101100010001000010
100111101010001011010100110101100000000000000000000000000000000000000000000000110000000001000000
100111101010001011010100110101100000000000000000000000000000000000000000000000000011100010010111
100111101010001011010100110101100000000000000000000000000000000000000000000000001010101100101011
100111101010001011010100110101100000000000000000000000000000000000000000000000001111110100101000
100111101010001011010100110101100000000000000000000000000000000000000000000000010110100101110101
100111101010001011010100110101100000000000000000000000000000000000000000000000100010100111000010
100111101010001011010100110101100000000000000000000000000000000000000000000000010011010111100011
100111101010001011010100110101100000000000000000000000000000000000000000000000010101000010010001
100111101010001011010100110101100000000000000000000000000000000000000000000001000110111111001000
100111101010001011010100110101100000000000000000000000000000000000000000000000110001011100010110
100111101010001011010100110101100000000000000000000000000000000000000000000000011001000001001010
100111101010001011010100110101100000000000000000000000000000000000000000000001000010000011001111
100111101010001011010100110101100000000000000000000000000000000000000000000000010001110111110011
100111101010001011010100110101100000000000000000000000000000000000000000000000001000100101100101
100111101010001011010100110101100000000000000000000000000000000000000000000000000100100000000001
100111101010001011010100110101100000000000000000000000000000000000000000000000000100101001000100
100111101010001011010100110101100000000000000000000000000000000000000000000000111100111100011100
100111101010001011010100110101100000000000000000000000000000000000000000000000100100101110001111
100111101010001011010100110101100000000000000000000000000000000000000000000001000011110001100101
100111101010001011010100110101100000000000000000000000000000000000000000000000101110010011000010
100111101010001011010100110101100000000000000000000000000000000000000000000000011110001000010101
100111101010001011010100110101100000000000000000000000000000000000000000000000001001111111100101
100111101010001011010100110101100000000000000000000000000000000000000000000000011000101011111010
100111101010001011010100110101100000000000000000000000000000000000000000000000000100011010111010
100111101010001011010100110101100000000000000000000000000000000000000000000000010010000010010100
100111101010001011010100110101100000000000000000000000000000000000000000000001000011111001101000
100111101010001011010100110101100000000000000000000000000000000000000000000000011101101101110011
100111101010001011010100110101100000000000000000000000000000000000000000000001000111000010111001
100111101010001011010100110101100000000000000000000000000000000000000000000001000110010011000001
100111101010001011010100110101100000000000000000000000000000000000000000000000110000000100000101
100111101010001011010100110101100000000000000000000000000000000000000000000000000110100101101011
100111101010001011010100110101100000000000000000000000000000000000000000000000001110110010101101
100111101010001011010100110101100000000000000000000000000000000000000000000000000011101110101011
100111101010001011010100110101100000000000000000000000000000000000000000000000111110101100111011
100111101010001011010100110101100000000000000000000000000000000000000000000000100000001101011010
100111101010001011010100110101100000000000000000000000000000000000000000000000101011010111110110
100111101010001011010100110101100000000000000000000000000000000000000000000000000010011101001101
100111101010001011010100110101100000000000000000000000000000000000000000000000101010001010110001
100111101010001011010100110101100000000000000000000000000000000000000000000000010010010001000111
100111101010001011010100110101100000000000000000000000000000000000000000000001000100100010010000
100111101010001011010100110101100000000000000000000000000000000000000000000001000011001110011001
100111101010001011010100110101100000000000000000000000000000000000000000000000101111011010111000
