111010111011000111111110000111001111000010000101010101011011011110111011011011111010101100000100
100111100000000111011110101011000000000010000101010101011011011110111011011011111010101100000100
010100010100011100110110001000001100000010000101010101011011011110111011011011111010101100000100
100001001100101011111101101100111000000010000101010101011011011110111011011011111010101100000100
101011110101101001110111101101101111000010000101010101011011011110111011011011111010101100000100
101001111111111100011110101111000111000010000101010101011011011110111011011011111010101100000100
101101001111111100000001110001010000000010000101010101011011011110111011011011111010101100000100
110000011010010111001100111110011111000010000101010101011011011110111011011011111010101100000100
100111101010010111100010101000010000000010000101010101011011011110111011011011111010101100000100
011100010000000110101011111000000110000010000101010101011011011110111011011011111010101100000100
111000110110110101100111100011011000000010000101010101011011011110111011011011111010101100000100
010001011000100110100110100111100100000010000101010101011011011110111011011011111010101100000100
011101101010111110100011011101000011000010000101010101011011011110111011011011111010101100000100
000100111000110011110110001100000110000010000101010101011011011110111011011011111010101100000100
110100000101110011010100111011101000000010000101010101011011011110111011011011111010101100000100
011100001011110100111000001011011000000010000101010101011011011110111011011011111010101100000100
110010110110010001010011100100101011000010000101010101011011011110111011011011111010101100000100
010001100100111101010100110011101111000010000101010101011011011110111011011011111010101100000100
110110000000111101011001000000101101000010000101010101011011011110111011011011111010101100000100
001010011001110111010111110101111101000010000101010101011011011110111011011011111010101100000100
011000010000001111000110001111110101000010000101010101011011011110111011011011111010101100000100
111101100100100010010110101100001001000010000101010101011011011110111011011011111010101100000100
011000101111111011111000001000111010000010000101010101011011011110111011011011111010101100000100
101100011011010011100101101100010000000010000101010101011011011110111011011011111010101100000100
011001110000000011101101110100011101000010000101010101011011011110111011011011111010101100000100
001110100011010111100010110101101010000010000101010101011011011110111011011011111010101100000100
111100010100011111011110001010111010000010000101010101011011011110111011011011111010101100000100
001001111001101110011100011111000110000010000101010101011011011110111011011011111010101100000100
100111110111011101100010001010110011000010000101010101011011011110111011011011111010101100000100
111101110111111001000001001111000101000010000101010101011011011110111011011011111010101100000100
101011010110010010000010111001011110000010000101010101011011011110111011011011111010101100000100
001101100110100011010010010001110111000010000101010101011011011110111011011011111010101100000100
000100100011011000110011010001101111000010000101010101011011011110111011011011111010101100000100
010010010111001101001111110010111010000010000101010101011011011110111011011011111010101100000100
010000100101010010011110111000100011000010000101010101011011011110111011011011111010101100000100
100110110110010111101011110101101010000010000101010101011011011110111011011011111010101100000100
110110001010100011011101110100001010000010000101010101011011011110111011011011111010101100000100
011010001100001001010101001100101000000010000101010101011011011110111011011011111010101100000100
000001010100011011000110001111101011000010000101010101011011011110111011011011111010101100000100
010000101100101000011011101011000001000010000101010101011011011110111011011011111010101100000100
101010111101100111011000111111110000000010000101010101011011011110111011011011111010101100000100
111110001100101101100110000001100111000010000101010101011011011110111011011011111010101100000100
010100000101000111100000101001100001000010000101010101011011011110111011011011111010101100000100
010110001011000010000010101110110001000010000101010101011011011110111011011011111010101100000100
110000001001101011000111000111101010000010000101010101011011011110111011011011111010101100000100
100111100000111010100000100001101100000010000101010101011011011110111011011011111010101100000100
101001011110011111000001100111110000000010000101010101011011011110111011011011111010101100000100
110100100101010011011100000111100111000010000101010101011011011110111011011011111010101100000100
011011001010001101000110110100000001000010000101010101011011011110111011011011111010101100000100
110110011011101000001000111111101011000010000101010101011011011110111011011011111010101100000100
110000111011000111001101010011010011000010000101010101011011011110111011011011111010101100000100
011101111100011110011100101011100100000010000101010101011011011110111011011011111010101100000100
110110011010000011110110110101001000000010000101010101011011011110111011011011111010101100000100
111111101111000011101010001010011011000010000101010101011011011110111011011011111010101100000100
111000000011011100011010010010011011000010000101010101011011011110111011011011111010101100000100
101000001100100001111000010110001011000010000101010101011011011110111011011011111010101100000100
010100000101110110010111110111001000000010000101010101011011011110111011011011111010101100000100
010011001000011101011011001001100111000010000101010101011011011110111011011011111010101100000100
100100101000011001101100111010101000000010000101010101011011011110111011011011111010101100000100
011100111100001011010010100110001011000010000101010101011011011110111011011011111010101100000100
001110010101111010001001011001110110000010000101010101011011011110111011011011111010101100000100
011110100010001111010100010001001111000010000101010101011011011110111011011011111010101100000100
011010111010011010011111000100100111000010000101010101011011011110111011011011111010101100000100
010011001000110100101011100010100100000010000101010101011011011110111011011011111010101100000100
101100110110000011110100110001111110000010000101010101011011011110111011011011111010101100000100
010001101110100100000001111011111010000010000101010101011011011110111011011011111010101100000100
110001001010000000110100001010010110000010000101010101011011011110111011011011111010101100000100
001110101010000101000011110110111111000010000101010101011011011110111011011011111010101100000100
010001111000101011111110010110111000000010000101010101011011011110111011011011111010101100000100
101110111001001001001010000001100101000010000101010101011011011110111011011011111010101100000100
111101000010011010110000101110011111000010000101010101011011011110111011011011111010101100000100
011000111000100011001001001110010110000010000101010101011011011110111011011011111010101100000100
010100001100101000110101111011111001000010000101010101011011011110111011011011111010101100000100
000011110100110101101000111101010111000010000101010101011011011110111011011011111010101100000100
010011000001000010001111100010110110000010000101010101011011011110111011011011111010101100000100
000010111111001000001110110111000111000010000101010101011011011110111011011011111010101100000100
110111000100010100000100000001110101000010000101010101011011011110111011011011111010101100000100
110100011011100111101100100110000011000010000101010101011011011110111011011011111010101100000100
010100110100001111011010001011000111000010000101010101011011011110111011011011111010101100000100
111000011110011000011001100000010101000010000101010101011011011110111011011011111010101100000100
111001111011100100110111100011011011000010000101010101011011011110111011011011111010101100000100
100000010111100100100001101111011000000010000101010101011011011110111011011011111010101100000100
000100000001000000110100000011000001000010000101010101011011011110111011011011111010101100000100
101000011111011000010100111010000100000010000101010101011011011110111011011011111010101100000100
010011100001001000100001100111010001000010000101010101011011011110111011011011111010101100000100
010010001010001011110110101111011001000010000101010101011011011110111011011011111010101100000100
010111010000001011011101100110011011000010000101010101011011011110111011011011111010101100000100
100011110000111011001011010000011011000010000101010101011011011110111011011011111010101100000100
110110001000010000100101011111110110000010000101010101011011011110111011011011111010101100000100
101111000011000100000001100110100111000010000101010101011011011110111011011011111010101100000100
111101110110100110001000011000000100000010000101010101011011011110111011011011111010101100000100
000110001110110001010000001100010001000010000101010101011011011110111011011011111010101100000100
100110100001101010100100011100110011000010000101010101011011011110111011011011111010101100000100
110010110001111011010110001111110011000010000101010101011011011110111011011011111010101100000100
010111001010010110101000110000100010000010000101010101011011011110111011011011111010101100000100
110110000111010100011001010111100110000010000101010101011011011110111011011011111010101100000100
110111111100001011010100111010111111000010000101010101011011011110111011011011111010101100000100
010011101110101111101110010111111011000010000101010101011011011110111011011011111010101100000100
011100111000101011001100111111110100000010000101010101011011011110111011011011111010101100000100
100100001001010000001101010010011000000010000101010101011011011110111011011011111010101100000100
000000010110001010111110110001101010000010000101010101011011011110111011011011111010101100000100
001100111001010100011011110011011110000010000101010101011011011110111011011011111010101100000100
001011111001000001000011011010011011000010000101010101011011011110111011011011111010101100000100
111101001011001001111001100100010100000010000101010101011011011110111011011011111010101100000100
001101011101001100101111011111001110000010000101010101011011011110111011011011111010101100000100
100100100001010100110001101011010010000010000101010101011011011110111011011011111010101100000100
110011010011100010100100010011101111000010000101010101011011011110111011011011111010101100000100
111111101101111000111000101110011110000010000101010101011011011110111011011011111010101100000100
100001100111111101100000010000100001000010000101010101011011011110111011011011111010101100000100
111101011110011100111001111111100110000010000101010101011011011110111011011011111010101100000100
111110010000011101101101100101100010000010000101010101011011011110111011011011111010101100000100
000010000011001111111100111100110111000010000101010101011011011110111011011011111010101100000100
111001101000000011111011110101100001000010000101010101011011011110111011011011111010101100000100
110111101010000000101111011110110001000010000101010101011011011110111011011011111010101100000100
001000011101001100101111100010100111000010000101010101011011011110111011011011111010101100000100
100011011111000110010010100010110011000010000101010101011011011110111011011011111010101100000100
101110011111011001110111110011001110000010000101010101011011011110111011011011111010101100000100
111100010100111110001000011100000111000010000101010101011011011110111011011011111010101100000100
001001010001110111100010101010000011000010000101010101011011011110111011011011111010101100000100
111101001101011000101000000100011000000010000101010101011011011110111011011011111010101100000100
010000110000000001010100000111011000000010000101010101011011011110111011011011111010101100000100
011001111110010000011000100001000010000010000101010101011011011110111011011011111010101100000100
000100100101010001100010101011001110000010000101010101011011011110111011011011111010101100000100
101100100101111101100101011111101100000010000101010101011011011110111011011011111010101100000100
101011101110011100011001110010000001000010000101010101011011011110111011011011111010101100000100
001001111101001101111010111001001011000010000101010101011011011110111011011011111010101100000100
010011011000000111000001010100011001000010000101010101011011011110111011011011111010101100000100
111101110110111000100010001001101011000010000101010101011011011110111011011011111010101100000100
011010101110110010010100011000001011000010000101010101011011011110111011011011111010101100000100
011101011111111110010000001010111101000010000101010101011011011110111011011011111010101100000100
111111111101011000110111010011111001000010000101010101011011011110111011011011111010101100000100
000101110011001001111100110101111011000010000101010101011011011110111011011011111010101100000100
010011000101001110111100111001111101000010000101010101011011011110111011011011111010101100000100
110010110011110101010111100010000011000010000101010101011011011110111011011011111010101100000100
100100110111011111011011111001101011000010000101010101011011011110111011011011111010101100000100
110000011111100011001100000000111011000010000101010101011011011110111011011011111010101100000100
001101111000110011111111000001010111000010000101010101011011011110111011011011111010101100000100
111111011101110011111101011010101010000010000101010101011011011110111011011011111010101100000100
101100100001010100001101110110011001000010000101010101011011011110111011011011111010101100000100
111010010100110111110000000110100110000010000101010101011011011110111011011011111010101100000100
010000010000010010111111101110001010000010000101010101011011011110111011011011111010101100000100
010011000010111011010001101011100010000010000101010101011011011110111011011011111010101100000100
110110011101100000100110010101111001000010000101010101011011011110111011011011111010101100000100
101101111011011100110111001010100111000010000101010101011011011110111011011011111010101100000100
010000100101110101000111100000111111000010000101010101011011011110111011011011111010101100000100
010001001111001010010101000001010001000010000101010101011011011110111011011011111010101100000100
100000110110111110101110001011000100000010000101010101011011011110111011011011111010101100000100
100100010101100110011101010101011101000010000101010101011011011110111011011011111010101100000100
110001111011010110111000000001100000000010000101010101011011011110111011011011111010101100000100
111000111011011110001111100111110100000010000101010101011011011110111011011011111010101100000100
001100110001100000101011110110010111000010000101010101011011011110111011011011111010101100000100
101100010101110111100110101001100000000010000101010101011011011110111011011011111010101100000100
100000111000101101101000001100011101000010000101010101011011011110111011011011111010101100000100
010111011000101000110101011110101100000010000101010101011011011110111011011011111010101100000100
010111111001011001010001011100001001000010000101010101011011011110111011011011111010101100000100
100110000011101001100110111101011110000010000101010101011011011110111011011011111010101100000100
011100110011010100100011110000010010000010000101010101011011011110111011011011111010101100000100
001110011100111110001111010111101100000010000101010101011011011110111011011011111010101100000100
010010010001011001001011111001010011000010000101010101011011011110111011011011111010101100000100
101111001010101010010001101011000101000010000101010101011011011110111011011011111010101100000100
000010000100111001010101010100011110000010000101010101011011011110111011011011111010101100000100
101011101011100001101100000100011011000010000101010101011011011110111011011011111010101100000100
001011110010111100001111101101100011000010000101010101011011011110111011011011111010101100000100
010011111010000101011110100000101000000010000101010101011011011110111011011011111010101100000100
011111110101011001111010101011101011000010000101010101011011011110111011011011111010101100000100
110111100001011101110110001101010100000010000101010101011011011110111011011011111010101100000100
000110111010011001110011100100111101000010000101010101011011011110111011011011111010101100000100
110100010000011111001011001010011111000010000101010101011011011110111011011011111010101100000100
111000110101100000010010100101101010000010000101010101011011011110111011011011111010101100000100
100001010001010000001110110000111001000010000101010101011011011110111011011011111010101100000100
001110111101110111011110111101001011000010000101010101011011011110111011011011111010101100000100
000110010100001101011101101010001110000010000101010101011011011110111011011011111010101100000100
010011111111001110100001001100110011000010000101010101011011011110111011011011111010101100000100
111000111111100101110111010000000100000010000101010101011011011110111011011011111010101100000100
000001111110101101101111100110111101000010000101010101011011011110111011011011111010101100000100
000010100110000001110001011111110110000010000101010101011011011110111011011011111010101100000100
011101101100011010001000110110011000000010000101010101011011011110111011011011111010101100000100
110011111101011001110001001111110011000010000101010101011011011110111011011011111010101100000100
001101011110100100110011000011101110000010000101010101011011011110111011011011111010101100000100
111101000000011011011000110100001000000010000101010101011011011110111011011011111010101100000100
011001000000110001000111110001100010000010000101010101011011011110111011011011111010101100000100
110110010001001001000001110001110110000010000101010101011011011110111011011011111010101100000100
000000110111100011101110000001001011000010000101010101011011011110111011011011111010101100000100
000100000100011110010001110000110000000010000101010101011011011110111011011011111010101100000100
101100110111100101101100000101010110000010000101010101011011011110111011011011111010101100000100
010100111100010100100100011111111110000010000101010101011011011110111011011011111010101100000100
111111101011011000111001101000010001000010000101010101011011011110111011011011111010101100000100
101101011011010000111110110100111110000010000101010101011011011110111011011011111010101100000100
101101101011010110011011111010001111000010000101010101011011011110111011011011111010101100000100
001110000111101011101100001001110100000010000101010101011011011110111011011011111010101100000100
000011101110001000001000111101110011000010000101010101011011011110111011011011111010101100000100
100110101011101111001101101000101010000010000101010101011011011110111011011011111010101100000100
110010111110111011011000011001111010000010000101010101011011011110111011011011111010101100000100
101000011001011011010011010010101001000010000101010101011011011110111011011011111010101100000100
011010101111010111010100101111110101000010000101010101011011011110111011011011111010101100000100
111111001000001000011110111010110110000010000101010101011011011110111011011011111010101100000100
010010011001111011110100010001110000000010000101010101011011011110111011011011111010101100000100
001010011110000100010111100010111010000010000101010101011011011110111011011011111010101100000100
010010000110101010110001001001011000000010000101010101011011011110111011011011111010101100000100
010011000111000110110000111101101010000010000101010101011011011110111011011011111010101100000100
011011000101101010000101000101100001000010000101010101011011011110111011011011111010101100000100
010101100100010001010111111001001101000010000101010101011011011110111011011011111010101100000100
100001110100011001011111100110111100000010000101010101011011011110111011011011111010101100000100
000011001100110101111001100010101010000010000101010101011011011110111011011011111010101100000100
001000100101100111100000001010111101000010000101010101011011011110111011011011111010101100000100
001111001011110011110101111101001110000010000101010101011011011110111011011011111010101100000100
101110000010010011110110011110010011000010000101010101011011011110111011011011111010101100000100
111010011010101011100101010000111010000010000101010101011011011110111011011011111010101100000100
000111100110110011001100001011001001000010000101010101011011011110111011011011111010101100000100
010000011000001010011011001001101001000010000101010101011011011110111011011011111010101100000100
100110001110111111001110000110011000000010000101010101011011011110111011011011111010101100000100
010000110110000010110101101110000101000010000101010101011011011110111011011011111010101100000100
110010010011111001001001010111111000000010000101010101011011011110111011011011111010101100000100
011001100010000100101011111101011011000010000101010101011011011110111011011011111010101100000100
000000110010111000110100010011010010000010000101010101011011011110111011011011111010101100000100
100101001011010010100000101001110111000010000101010101011011011110111011011011111010101100000100
001110100110011001010111101111110001000010000101010101011011011110111011011011111010101100000100
000101011101000010010101011011011100000010000101010101011011011110111011011011111010101100000100
010111010001110110111110000110101011000010000101010101011011011110111011011011111010101100000100
001011101001110111000001100110111010000010000101010101011011011110111011011011111010101100000100
001011000100010101111011010000111010000010000101010101011011011110111011011011111010101100000100
100000001000000101011011010001000101000010000101010101011011011110111011011011111010101100000100
100010100011000101000010100000100111000010000101010101011011011110111011011011111010101100000100
101001000011111111000100001001100000000010000101010101011011011110111011011011111010101100000100
110011111111111101001010100100111110000010000101010101011011011110111011011011111010101100000100
000000000011010000111101101111110011000010000101010101011011011110111011011011111010101100000100
100011111001011101000110101001110001000010000101010101011011011110111011011011111010101100000100
111000001000101111110010101110101100000010000101010101011011011110111011011011111010101100000100
100111101011001000000000001111011101000010000101010101011011011110111011011011111010101100000100
010110110000111001000010111000011111000010000101010101011011011110111011011011111010101100000100
001111000111100000001101110010111000000010000101010101011011011110111011011011111010101100000100
100100010010100101110111101001000011000010000101010101011011011110111011011011111010101100000100
100110010110101011111110100100010001000010000101010101011011011110111011011011111010101100000100
110110110010011101001110010110111101000010000101010101011011011110111011011011111010101100000100
010011000000110000101001101010100000000010000101010101011011011110111011011011111010101100000100
010100110011000000011010001010010010000010000101010101011011011110111011011011111010101100000100
101101011011011001111010011000000111000010000101010101011011011110111011011011111010101100000100
000010100000110100000110010001011011000010000101010101011011011110111011011011111010101100000100
100100100010000111001010100101100001000010000101010101011011011110111011011011111010101100000100
000010100000011100111100110001110111000010000101010101011011011110111011011011111010101100000100
110011001101010101000100010001111100000010000101010101011011011110111011011011111010101100000100
110000000001001000011001100001100110000010000101010101011011011110111011011011111010101100000100
000000110001111110011001110111001101000010000101010101011011011110111011011011111010101100000100
011111000000111111110100000110001111000010000101010101011011011110111011011011111010101100000100
111110011011100011000100101100100001000010000101010101011011011110111011011011111010101100000100
011111100110101010101010001110101100000010000101010101011011011110111011011011111010101100000100
001001010000110010110101000010010010000010000101010101011011011110111011011011111010101100000100
010111011011001100000111111101011100000010000101010101011011011110111011011011111010101100000100
111110011100000110111010001101000100000010000101010101011011011110111011011011111010101100000100
101100011011111101111101010111111100000010000101010101011011011110111011011011111010101100000100
001010101100100011111111000010000001000010000101010101011011011110111011011011111010101100000100
100100011000111111001100010111110010000010000101010101011011011110111011011011111010101100000100
001001001010111010001110011010111011000010000101010101011011011110111011011011111010101100000100
101100011010101111001100000110101110000010000101010101011011011110111011011011111010101100000100
010001001011011101001100010110011100000010000101010101011011011110111011011011111010101100000100
100100110110111101000001010111011100000010000101010101011011011110111011011011111010101100000100
101111010100101000101000111111110011000010000101010101011011011110111011011011111010101100000100
010101110001000001101111000101001100000010000101010101011011011110111011011011111010101100000100
100100010011001100001111000100010100000010000101010101011011011110111011011011111010101100000100
000110011111110010111111100000110100000010000101010101011011011110111011011011111010101100000100
111011010001101110111001101000101100000010000101010101011011011110111011011011111010101100000100
001011110001111111000101010100000011000010000101010101011011011110111011011011111010101100000100
100000110111110000001111000111101100000010000101010101011011011110111011011011111010101100000100
011100001111111001001101100111101100000010000101010101011011011110111011011011111010101100000100
101100010010101001010010101101011000000010000101010101011011011110111011011011111010101100000100
110111010101011101101011011101101001000010000101010101011011011110111011011011111010101100000100
111101010000011101110000000010111010000010000101010101011011011110111011011011111010101100000100
000100001001001010101100110000000011000010000101010101011011011110111011011011111010101100000100
111001101100000001011000100110000011000010000101010101011011011110111011011011111010101100000100
000001001010000111010111000001111100000010000101010101011011011110111011011011111010101100000100
000100110001101011100111110001011101000010000101010101011011011110111011011011111010101100000100
100001101110010010010100101101101111000010000101010101011011011110111011011011111010101100000100
100001011001000110111011111011011011000010000101010101011011011110111011011011111010101100000100
001010111011101011000001001111110010000010000101010101011011011110111011011011111010101100000100
000111010011010011110111100011101010000010000101010101011011011110111011011011111010101100000100
011100001101111100001011100110011000000010000101010101011011011110111011011011111010101100000100
100111010001100001100110101101100100000010000101010101011011011110111011011011111010101100000100
110100001100010111110010110100010011000010000101010101011011011110111011011011111010101100000100
101101000111110111100111110000111110000010000101010101011011011110111011011011111010101100000100
001101111011111000001010000000011000000010000101010101011011011110111011011011111010101100000100
000011010001100111110100100111110100000010000101010101011011011110111011011011111010101100000100
111110011010111100101001011101000011000010000101010101011011011110111011011011111010101100000100
010010101110001110010101011010011101000010000101010101011011011110111011011011111010101100000100
000111011010001100001111100000111100000010000101010101011011011110111011011011111010101100000100
011011110110111010001001011010001000000010000101010101011011011110111011011011111010101100000100
011010110010110100000000100001111010000010000101010101011011011110111011011011111010101100000100
000000111111001001011110101010100100000010000101010101011011011110111011011011111010101100000100
011001111100011001000100110011110110000010000101010101011011011110111011011011111010101100000100
100100111001100001000111100100101100000010000101010101011011011110111011011011111010101100000100
110110011001100011010011111000011101000010000101010101011011011110111011011011111010101100000100
100010101010011011001111011100101101000010000101010101011011011110111011011011111010101100000100
000101110110001100100010111101000010000010000101010101011011011110111011011011111010101100000100
111001110110011100010001101000000000000010000101010101011011011110111011011011111010101100000100
001111111001011100001101011110100010000010000101010101011011011110111011011011111010101100000100
110111111110111101011001100001100001000010000101010101011011011110111011011011111010101100000100
101000011010000001011101001011111001000010000101010101011011011110111011011011111010101100000100
001110111111011100000001100010001001000010000101010101011011011110111011011011111010101100000100
111110010010111000111100110011101111000010000101010101011011011110111011011011111010101100000100
011001111001101111100101101110011011000010000101010101011011011110111011011011111010101100000100
000111101011010110101010001011101100000010000101010101011011011110111011011011111010101100000100
