111011010011100000000000010110000000000010000101010101011011011110111011011011111010101100000100
100010110110011100101011011110010000000010000101010101011011011110111011011011111010101100000100
101001100100101110000010100011101111000010000101010101011011011110111011011011111010101100000100
000010010111001110100111101000101010000010000101010101011011011110111011011011111010101100000100
100000100001001101110000100011110111000010000101010101011011011110111011011011111010101100000100
101001010011101011000010010011101000000010000101010101011011011110111011011011111010101100000100
110001000110101111011101000011001010000010000101010101011011011110111011011011111010101100000100
111001101110000011011111010011010011000010000101010101011011011110111011011011111010101100000100
011111110110011000001010011111001110000010000101010101011011011110111011011011111010101100000100
111011011000100111000111101100010011000010000101010101011011011110111011011011111010101100000100
010111011000000100111101010011000111000010000101010101011011011110111011011011111010101100000100
101101000110000101010010111010001100000010000101010101011011011110111011011011111010101100000100
001010100010000011100110001010101001000010000101010101011011011110111011011011111010101100000100
111101011101101010100100010000011110000010000101010101011011011110111011011011111010101100000100
101001010100110111001110010110111110000010000101010101011011011110111011011011111010101100000100
010101010101000000111010110111100111000010000101010101011011011110111011011011111010101100000100
101110001011111000011111111110011111000010000101010101011011011110111011011011111010101100000100
111101000111110111111100011110011111000010000101010101011011011110111011011011111010101100000100
101011110000111010101000110010000000000010000101010101011011011110111011011011111010101100000100
110001110000101111000111110110001101000010000101010101011011011110111011011011111010101100000100
110101100100011011111010010001100010000010000101010101011011011110111011011011111010101100000100
011100101011110101101011100011010001000010000101010101011011011110111011011011111010101100000100
011110110100110100000000101100100001000010000101010101011011011110111011011011111010101100000100
101110000010000000100111100110100100000010000101010101011011011110111011011011111010101100000100
001100010011101011011101110000001001000010000101010101011011011110111011011011111010101100000100
111000110010101001111001100001110010000010000101010101011011011110111011011011111010101100000100
111000011111000100000010000001010111000010000101010101011011011110111011011011111010101100000100
110000010101000110110011110000110001000010000101010101011011011110111011011011111010101100000100
110010101111101001101001101101100100000010000101010101011011011110111011011011111010101100000100
011000110011100111001100010100000011000010000101010101011011011110111011011011111010101100000100
101010011001000101101110000000110111000010000101010101011011011110111011011011111010101100000100
101110101001011000000100101011100110000010000101010101011011011110111011011011111010101100000100
101000010011011001110111100000111110000010000101010101011011011110111011011011111010101100000100
000001000111001000010100011101010000000010000101010101011011011110111011011011111010101100000100
000111001010101001010011011000000010000010000101010101011011011110111011011011111010101100000100
100010101011001010101100011011001001000010000101010101011011011110111011011011111010101100000100
000110000110011000000011100101100100000010000101010101011011011110111011011011111010101100000100
011110101100001110000101001101010111000010000101010101011011011110111011011011111010101100000100
000101101001011100101100010011010101000010000101010101011011011110111011011011111010101100000100
110011010001100111110111100000001000000010000101010101011011011110111011011011111010101100000100
100110100101111110011011111111100111000010000101010101011011011110111011011011111010101100000100
001011001010100101100111101010110100000010000101010101011011011110111011011011111010101100000100
110010100010011011010011111000011000000010000101010101011011011110111011011011111010101100000100
010100011000000011111101000100011111000010000101010101011011011110111011011011111010101100000100
011101010100000000111100111100111001000010000101010101011011011110111011011011111010101100000100
110001001010011011101110000101001001000010000101010101011011011110111011011011111010101100000100
010110000101010100111111101011101001000010000101010101011011011110111011011011111010101100000100
111001111111101011010101100010101100000010000101010101011011011110111011011011111010101100000100
011010000001001100100001100001100110000010000101010101011011011110111011011011111010101100000100
000011011011100111010011010111100000000010000101010101011011011110111011011011111010101100000100
010111010111110111100011011100010000000010000101010101011011011110111011011011111010101100000100
001010000101011110110100110010000010000010000101010101011011011110111011011011111010101100000100
110101101001001111101110011100011001000010000101010101011011011110111011011011111010101100000100
010100111001110000100111110001010101000010000101010101011011011110111011011011111010101100000100
001110111000100100101111010011000000000010000101010101011011011110111011011011111010101100000100
100000101001111100000111110100011110000010000101010101011011011110111011011011111010101100000100
000011000100111001110010101110110010000010000101010101011011011110111011011011111010101100000100
000111111011100000110000001001100001000010000101010101011011011110111011011011111010101100000100
011001110001110111011101100011101001000010000101010101011011011110111011011011111010101100000100
100101011101001111110000011001111100000010000101010101011011011110111011011011111010101100000100
001100101110111010110010100000110111000010000101010101011011011110111011011011111010101100000100
000100111101011000011011011010000111000010000101010101011011011110111011011011111010101100000100
110011000000100100001101101101100000000010000101010101011011011110111011011011111010101100000100
010000110110001000111000001100011010000010000101010101011011011110111011011011111010101100000100
111000010001101101100111011101000011000010000101010101011011011110111011011011111010101100000100
110111111010101011000011001100111101000010000101010101011011011110111011011011111010101100000100
000011010011000000110110110000001110000010000101010101011011011110111011011011111010101100000100
110010011101100010110111100100000100000010000101010101011011011110111011011011111010101100000100
101000101100000110101011011101101100000010000101010101011011011110111011011011111010101100000100
011111110111000010001011110010000101000010000101010101011011011110111011011011111010101100000100
111110100000111101011111010000100100000010000101010101011011011110111011011011111010101100000100
001001101111111011101000101100011000000010000101010101011011011110111011011011111010101100000100
001110111100000010100001100001101001000010000101010101011011011110111011011011111010101100000100
101111101100000101001101101101101111000010000101010101011011011110111011011011111010101100000100
101110101011101011100110000001011000000010000101010101011011011110111011011011111010101100000100
000001001100001010111110100011101100000010000101010101011011011110111011011011111010101100000100
110101001010111101011100100001100101000010000101010101011011011110111011011011111010101100000100
010011001100100010110100110010011011000010000101010101011011011110111011011011111010101100000100
001111001010000101011111010100001011000010000101010101011011011110111011011011111010101100000100
001100010010000010011011100001111101000010000101010101011011011110111011011011111010101100000100
100010001101111001100101101001111101000010000101010101011011011110111011011011111010101100000100
111100010011010100010111011001100011000010000101010101011011011110111011011011111010101100000100
100110110011110110110001000011100001000010000101010101011011011110111011011011111010101100000100
011111110001101010111101111011011011000010000101010101011011011110111011011011111010101100000100
110000001000011000010111001111001010000010000101010101011011011110111011011011111010101100000100
000001011000111111110001011100101110000010000101010101011011011110111011011011111010101100000100
101000100000110111110011001011010000000010000101010101011011011110111011011011111010101100000100
011110110101110110110101010100011100000010000101010101011011011110111011011011111010101100000100
110110111111011101001001000010100101000010000101010101011011011110111011011011111010101100000100
101001001111100000111011110100001110000010000101010101011011011110111011011011111010101100000100
000111001000101010100101110101111001000010000101010101011011011110111011011011111010101100000100
110001100010110001111100100110010000000010000101010101011011011110111011011011111010101100000100
011110010111101010011101001010010010000010000101010101011011011110111011011011111010101100000100
000111100001011110010010111101111101000010000101010101011011011110111011011011111010101100000100
100000101001101000111001111000001010000010000101010101011011011110111011011011111010101100000100
111001101111011010010110111010111100000010000101010101011011011110111011011011111010101100000100
000000111110100000010001000011111101000010000101010101011011011110111011011011111010101100000100
101101110010100000011100000011110010000010000101010101011011011110111011011011111010101100000100
001001111101101110010101110111101101000010000101010101011011011110111011011011111010101100000100
010111010011001110100110001011010011000010000101010101011011011110111011011011111010101100000100
000011001010110111001011101100001001000010000101010101011011011110111011011011111010101100000100
010010011101110100011101011101111110000010000101010101011011011110111011011011111010101100000100
101110001011000011010111110100011110000010000101010101011011011110111011011011111010101100000100
110101101111010111010110001011010011000010000101010101011011011110111011011011111010101100000100
011000001100001101001110111111101111000010000101010101011011011110111011011011111010101100000100
010100111110010100001011111101101000000010000101010101011011011110111011011011111010101100000100
011101110011110101000110011011101010000010000101010101011011011110111011011011111010101100000100
111111011010111110011011111001100110000010000101010101011011011110111011011011111010101100000100
000111000011011110110111101111000100000010000101010101011011011110111011011011111010101100000100
100101111110111110110000010000100010000010000101010101011011011110111011011011111010101100000100
111000001101101010000001111111111100000010000101010101011011011110111011011011111010101100000100
110010001001011010111010110011001001000010000101010101011011011110111011011011111010101100000100
011111111100001011000010011100100000000010000101010101011011011110111011011011111010101100000100
111111011110011100000111111101000000000010000101010101011011011110111011011011111010101100000100
000111111111001100011110000111100101000010000101010101011011011110111011011011111010101100000100
010010101001111101101000000111100010000010000101010101011011011110111011011011111010101100000100
010001010010110111100011100010111010000010000101010101011011011110111011011011111010101100000100
010000010110001111011011000001111011000010000101010101011011011110111011011011111010101100000100
110111110111011011110110010000100011000010000101010101011011011110111011011011111010101100000100
010011011101110000110111100110011000000010000101010101011011011110111011011011111010101100000100
100110010110001001010101011101000000000010000101010101011011011110111011011011111010101100000100
100101100011010111110111001101100010000010000101010101011011011110111011011011111010101100000100
010011110000101100000001000111110011000010000101010101011011011110111011011011111010101100000100
011000001101101101011011101010110111000010000101010101011011011110111011011011111010101100000100
000010100011011111101110100100000011000010000101010101011011011110111011011011111010101100000100
001111010011000111001111110000010110000010000101010101011011011110111011011011111010101100000100
011000000011100100111111101000000010000010000101010101011011011110111011011011111010101100000100
011101100001001011001111111110101001000010000101010101011011011110111011011011111010101100000100
100101110110111100101011111011101110000010000101010101011011011110111011011011111010101100000100
111100010000010000011111011110110010000010000101010101011011011110111011011011111010101100000100
110001010111001100011010110000100110000010000101010101011011011110111011011011111010101100000100
110100110011011110101001111001001010000010000101010101011011011110111011011011111010101100000100
111011011011010010011011110001110101000010000101010101011011011110111011011011111010101100000100
010010100111110111010101111110011111000010000101010101011011011110111011011011111010101100000100
100011100001001100010111111001001010000010000101010101011011011110111011011011111010101100000100
111000111010100100101100111100110010000010000101010101011011011110111011011011111010101100000100
110000001100000111111001001101010011000010000101010101011011011110111011011011111010101100000100
100101101101101100000000011001101100000010000101010101011011011110111011011011111010101100000100
011100100110001010000011011101100010000010000101010101011011011110111011011011111010101100000100
111100011000111111011010100101011000000010000101010101011011011110111011011011111010101100000100
011011011000011111101101101011010000000010000101010101011011011110111011011011111010101100000100
010010001101000101001101001101001011000010000101010101011011011110111011011011111010101100000100
000010111010100011000110010001100111000010000101010101011011011110111011011011111010101100000100
111100100000100111100000110101010000000010000101010101011011011110111011011011111010101100000100
000101110000100110100000110100101000000010000101010101011011011110111011011011111010101100000100
110010100101010110011110010000110101000010000101010101011011011110111011011011111010101100000100
110010101011100000100110010011011011000010000101010101011011011110111011011011111010101100000100
101100001000110011001000101100010011000010000101010101011011011110111011011011111010101100000100
000001011110101111110110000101000101000010000101010101011011011110111011011011111010101100000100
111010100100011100001100111101000101000010000101010101011011011110111011011011111010101100000100
100011111001101100011011000110100000000010000101010101011011011110111011011011111010101100000100
001100001000001111011111101011110010000010000101010101011011011110111011011011111010101100000100
000011111110011011000100101100010111000010000101010101011011011110111011011011111010101100000100
010000110101111101111000000101100011000010000101010101011011011110111011011011111010101100000100
011001110010001101000010110001001100000010000101010101011011011110111011011011111010101100000100
101000100110111110001010001010111110000010000101010101011011011110111011011011111010101100000100
111000111001011000111101001001001001000010000101010101011011011110111011011011111010101100000100
001001101001000100000001101100011101000010000101010101011011011110111011011011111010101100000100
111010000111011110010100010101000011000010000101010101011011011110111011011011111010101100000100
111011101010001100111100011001000001000010000101010101011011011110111011011011111010101100000100
011011101111011011010011100011111011000010000101010101011011011110111011011011111010101100000100
111111101010101111101111101001110110000010000101010101011011011110111011011011111010101100000100
110011010111110011101111100010100011000010000101010101011011011110111011011011111010101100000100
000101010011000010000000010101111010000010000101010101011011011110111011011011111010101100000100
001001000011100011001111111110000100000010000101010101011011011110111011011011111010101100000100
110101000010100110101000001001001010000010000101010101011011011110111011011011111010101100000100
101101010110011001001100011100111101000010000101010101011011011110111011011011111010101100000100
101011100111111101011110001101010000000010000101010101011011011110111011011011111010101100000100
110011110001001111010110011101000110000010000101010101011011011110111011011011111010101100000100
000000011111000100111111011010010100000010000101010101011011011110111011011011111010101100000100
011010001101111101111101011110110010000010000101010101011011011110111011011011111010101100000100
101100110011110111100010100110001110000010000101010101011011011110111011011011111010101100000100
100110110100010100110011111001101001000010000101010101011011011110111011011011111010101100000100
000010100111001100100111101011110001000010000101010101011011011110111011011011111010101100000100
111001000000100100011101010111100011000010000101010101011011011110111011011011111010101100000100
011101101010011111011000001110001110000010000101010101011011011110111011011011111010101100000100
110001010110011001001000010011111000000010000101010101011011011110111011011011111010101100000100
010110110100011100100101110000101101000010000101010101011011011110111011011011111010101100000100
110001101111101100000100111100110100000010000101010101011011011110111011011011111010101100000100
010011010000110000001000011001100001000010000101010101011011011110111011011011111010101100000100
111110001101000010000010100110111101000010000101010101011011011110111011011011111010101100000100
000010010111010011111110001000000001000010000101010101011011011110111011011011111010101100000100
100001010111000100011110100111000100000010000101010101011011011110111011011011111010101100000100
111100001101100000011101111110100010000010000101010101011011011110111011011011111010101100000100
011111010001011100110001010101100010000010000101010101011011011110111011011011111010101100000100
100100100001000010010111100111000010000010000101010101011011011110111011011011111010101100000100
110100010001100110110101010011010111000010000101010101011011011110111011011011111010101100000100
000010101000000110001000001010001111000010000101010101011011011110111011011011111010101100000100
111011011010010001010010011100110110000010000101010101011011011110111011011011111010101100000100
110011001000010100111010001100011010000010000101010101011011011110111011011011111010101100000100
011000011001000010101011110001001001000010000101010101011011011110111011011011111010101100000100
011000001001011111000011000001101101000010000101010101011011011110111011011011111010101100000100
000111010110000010111110101000110001000010000101010101011011011110111011011011111010101100000100
001001111001010111010011000101101110000010000101010101011011011110111011011011111010101100000100
011011010111110000000001101101111011000010000101010101011011011110111011011011111010101100000100
011010011011010000001110100001001010000010000101010101011011011110111011011011111010101100000100
010111100111000110001110000100101110000010000101010101011011011110111011011011111010101100000100
000111100001000000101011000000100110000010000101010101011011011110111011011011111010101100000100
001010001100111101101001001110000100000010000101010101011011011110111011011011111010101100000100
100111010001001011111010100110111111000010000101010101011011011110111011011011111010101100000100
001111111111110101101101110000111000000010000101010101011011011110111011011011111010101100000100
001010110000100111001111000001111011000010000101010101011011011110111011011011111010101100000100
100111110010100001010111001001010111000010000101010101011011011110111011011011111010101100000100
011011111000101011100010011010101011000010000101010101011011011110111011011011111010101100000100
011011010110101111111001110101000010000010000101010101011011011110111011011011111010101100000100
111010100011000100001110110011011000000010000101010101011011011110111011011011111010101100000100
111011100000101011000001000100011100000010000101010101011011011110111011011011111010101100000100
110011100100001111100110100100101011000010000101010101011011011110111011011011111010101100000100
111110110011001001101010000001110000000010000101010101011011011110111011011011111010101100000100
101001101110111001000101111001110101000010000101010101011011011110111011011011111010101100000100
001110111111011101110101010111010100000010000101010101011011011110111011011011111010101100000100
111100000001000111111001001111100010000010000101010101011011011110111011011011111010101100000100
000000111110001111000010011111001100000010000101010101011011011110111011011011111010101100000100
010111011000001111000110000110011101000010000101010101011011011110111011011011111010101100000100
110100100000100101101111111101011110000010000101010101011011011110111011011011111010101100000100
111011111010110011100000110010011101000010000101010101011011011110111011011011111010101100000100
110011100000001000011100010010101001000010000101010101011011011110111011011011111010101100000100
110101000110011110110101110000011111000010000101010101011011011110111011011011111010101100000100
010110111000010011011110111001101111000010000101010101011011011110111011011011111010101100000100
100011110110110010110110001001110000000010000101010101011011011110111011011011111010101100000100
110101000100110000011011101100010111000010000101010101011011011110111011011011111010101100000100
011000011011001010010011101010101010000010000101010101011011011110111011011011111010101100000100
111111101111100010010000000000000100000010000101010101011011011110111011011011111010101100000100
100010100100011011001011001111000000000010000101010101011011011110111011011011111010101100000100
000101011010110011000101010110000001000010000101010101011011011110111011011011111010101100000100
111011100100001100011110111111110000000010000101010101011011011110111011011011111010101100000100
110000011101001000110110001100011010000010000101010101011011011110111011011011111010101100000100
010110001001100011011101100101101010000010000101010101011011011110111011011011111010101100000100
000010100101110100010111000100000001000010000101010101011011011110111011011011111010101100000100
100011011001111101000101100010011001000010000101010101011011011110111011011011111010101100000100
111111101111001011010111110011111010000010000101010101011011011110111011011011111010101100000100
100111101001001011111001001011110010000010000101010101011011011110111011011011111010101100000100
010111110101101011110111100010000011000010000101010101011011011110111011011011111010101100000100
010010001100011010000101011110001011000010000101010101011011011110111011011011111010101100000100
100111011011000101011000000001110100000010000101010101011011011110111011011011111010101100000100
001001000111111100101100111010110010000010000101010101011011011110111011011011111010101100000100
011110010010111110001110011101001101000010000101010101011011011110111011011011111010101100000100
000100100000101001000000000101001110000010000101010101011011011110111011011011111010101100000100
101000000100101110101010011101110011000010000101010101011011011110111011011011111010101100000100
110000101001101100001010011111001100000010000101010101011011011110111011011011111010101100000100
000001001011101001110000011101111010000010000101010101011011011110111011011011111010101100000100
010111101100011011100011100110000110000010000101010101011011011110111011011011111010101100000100
000001110010110110010010011110000111000010000101010101011011011110111011011011111010101100000100
111010101010111010011000110011101100000010000101010101011011011110111011011011111010101100000100
011011001000001011100001010101111000000010000101010101011011011110111011011011111010101100000100
100010110001100111110000011111000100000010000101010101011011011110111011011011111010101100000100
000110001011010001011110010100110100000010000101010101011011011110111011011011111010101100000100
111000110110001110011111101000111110000010000101010101011011011110111011011011111010101100000100
011001000011111100010011001010011111000010000101010101011011011110111011011011111010101100000100
011111111101110101110010110101001100000010000101010101011011011110111011011011111010101100000100
000011111001111110100100011001100111000010000101010101011011011110111011011011111010101100000100
111111100010101110000111111110110100000010000101010101011011011110111011011011111010101100000100
010100000001110101001001001001101101000010000101010101011011011110111011011011111010101100000100
000101110110011110111111111000011001000010000101010101011011011110111011011011111010101100000100
000000111001110100101011001000110000000010000101010101011011011110111011011011111010101100000100
101101000101101000000011100110010011000010000101010101011011011110111011011011111010101100000100
000100000100100110111100101001111101000010000101010101011011011110111011011011111010101100000100
010100111011100010111100000100001111000010000101010101011011011110111011011011111010101100000100
110100000011100011001011011000100110000010000101010101011011011110111011011011111010101100000100
111000000001101001111110101000110011000010000101010101011011011110111011011011111010101100000100
000101010001100100100111110100101010000010000101010101011011011110111011011011111010101100000100
100011101001101111110101000000100111000010000101010101011011011110111011011011111010101100000100
001101110110110000100101110011001011000010000101010101011011011110111011011011111010101100000100
000111100010010110011000101101000100000010000101010101011011011110111011011011111010101100000100
001101110101011000100001001101111010000010000101010101011011011110111011011011111010101100000100
010001100011000110100110111011010001000010000101010101011011011110111011011011111010101100000100
101101011011001111010111000100111111000010000101010101011011011110111011011011111010101100000100
000000111100010001001000111100001100000010000101010101011011011110111011011011111010101100000100
110011001111101111110101111111101111000010000101010101011011011110111011011011111010101100000100
100101001101101101011011111110010110000010000101010101011011011110111011011011111010101100000100
110110010000000001010110001010000000000010000101010101011011011110111011011011111010101100000100
110110011100011000001000100111001111000010000101010101011011011110111011011011111010101100000100
110101011111111010010011101000101010000010000101010101011011011110111011011011111010101100000100
000000001000000100111110110011010101000010000101010101011011011110111011011011111010101100000100
101110100101011010000010101101001110000010000101010101011011011110111011011011111010101100000100
101100101010010001110111000000110100000010000101010101011011011110111011011011111010101100000100
101101011110011110110010011110010110000010000101010101011011011110111011011011111010101100000100
011100110100101010101110001101010100000010000101010101011011011110111011011011111010101100000100
100100101000001110011111111011010001000010000101010101011011011110111011011011111010101100000100
100101111000101010111001101001101100000010000101010101011011011110111011011011111010101100000100
011010000001000001001111011110001000000010000101010101011011011110111011011011111010101100000100
101101011111000001110010110101110000000010000101010101011011011110111011011011111010101100000100
111011001010100111111000000100011110000010000101010101011011011110111011011011111010101100000100
000010001001011100010001011001011010000010000101010101011011011110111011011011111010101100000100
110110101011100001011100011011000001000010000101010101011011011110111011011011111010101100000100
100000101101011100101000100001011011000010000101010101011011011110111011011011111010101100000100
101110010000010100111011110110011110000010000101010101011011011110111011011011111010101100000100
100101111000111100011001010010011110000010000101010101011011011110111011011011111010101100000100
001101001100000010010100010110000010000010000101010101011011011110111011011011111010101100000100
001111011011000000000110100111101000000010000101010101011011011110111011011011111010101100000100
101110110110001000010110010100111100000010000101010101011011011110111011011011111010101100000100
110110110001111001011010101011000101000010000101010101011011011110111011011011111010101100000100
011000010011110000011110111101111100000010000101010101011011011110111011011011111010101100000100
100010010101111000011010100111010000000010000101010101011011011110111011011011111010101100000100
100011110101010000000100011011101000000010000101010101011011011110111011011011111010101100000100
011101001011010000111100011111010011000010000101010101011011011110111011011011111010101100000100
000011111101011101010001011010000011000010000101010101011011011110111011011011111010101100000100
110101100011101111001100001101000010000010000101010101011011011110111011011011111010101100000100
010100101100000100101000111110001100000010000101010101011011011110111011011011111010101100000100
111100000111000010001000110011010101000010000101010101011011011110111011011011111010101100000100
