110101011101111111000110110010011000000010000101010101011011011110111011011011111010101100000100
100110111011110000100011101100000111000010000101010101011011011110111011011011111010101100000100
001101100101001000111001101111010010000010000101010101011011011110111011011011111010101100000100
010001011001011111100100010000110000000010000101010101011011011110111011011011111010101100000100
011110111101100101111100000000101010000010000101010101011011011110111011011011111010101100000100
101001110101110011010011000000101100000010000101010101011011011110111011011011111010101100000100
001101000001110000111101000101101001000010000101010101011011011110111011011011111010101100000100
011011101111000111101010000110000001000010000101010101011011011110111011011011111010101100000100
000111101001011100111100111000001010000010000101010101011011011110111011011011111010101100000100
011111010101000110100101101100110101000010000101010101011011011110111011011011111010101100000100
111010001100110010111101100101010000000010000101010101011011011110111011011011111010101100000100
111100010010011110101111110100101011000010000101010101011011011110111011011011111010101100000100
001110111111001001010011010010101000000010000101010101011011011110111011011011111010101100000100
100001100010111011111101111101111011000010000101010101011011011110111011011011111010101100000100
000011001010010000101111010101000100000010000101010101011011011110111011011011111010101100000100
110111111110001110101010100111000110000010000101010101011011011110111011011011111010101100000100
111111011011000110110000000000000101000010000101010101011011011110111011011011111010101100000100
001001111111001101001110011101101101000010000101010101011011011110111011011011111010101100000100
110010010101010000110011011010100000000010000101010101011011011110111011011011111010101100000100
110110100010011101011000011111111111000010000101010101011011011110111011011011111010101100000100
001110000111100111000000101111101110000010000101010101011011011110111011011011111010101100000100
010111101100011001001110001100100010000010000101010101011011011110111011011011111010101100000100
001010011000010011000110011011010101000010000101010101011011011110111011011011111010101100000100
100010110011101100111011100010000010000010000101010101011011011110111011011011111010101100000100
100100110010100010100011101101101000000010000101010101011011011110111011011011111010101100000100
000001110000011011011110111011011000000010000101010101011011011110111011011011111010101100000100
001100000111111000111110101100011101000010000101010101011011011110111011011011111010101100000100
011001000000000001001011111001010110000010000101010101011011011110111011011011111010101100000100
111110100010000010010111111010011110000010000101010101011011011110111011011011111010101100000100
100010011010011110000011101111011011000010000101010101011011011110111011011011111010101100000100
110100000111011001010000101001000111000010000101010101011011011110111011011011111010101100000100
011101001000011001111011101010100000000010000101010101011011011110111011011011111010101100000100
011101011111010011010010101110110101000010000101010101011011011110111011011011111010101100000100
010000100101000000000101011100111111000010000101010101011011011110111011011011111010101100000100
001101110001101010111000111110111110000010000101010101011011011110111011011011111010101100000100
111000110110110000011010001001111010000010000101010101011011011110111011011011111010101100000100
001100011010001010001001011000001110000010000101010101011011011110111011011011111010101100000100
100010110011100010011100010101101001000010000101010101011011011110111011011011111010101100000100
101010010001111110100101001000000010000010000101010101011011011110111011011011111010101100000100
010000011001011011100110010100111110000010000101010101011011011110111011011011111010101100000100
100011001011000011010100011010010101000010000101010101011011011110111011011011111010101100000100
011110100101101000100111011101100111000010000101010101011011011110111011011011111010101100000100
111111010001010110100001110111011110000010000101010101011011011110111011011011111010101100000100
111000110001001011011000110101000011000010000101010101011011011110111011011011111010101100000100
100010111110110101110001010000011110000010000101010101011011011110111011011011111010101100000100
011010110000001001000111001011101001000010000101010101011011011110111011011011111010101100000100
100111011110000011011100101011000001000010000101010101011011011110111011011011111010101100000100
011111101111000101001000000100001101000010000101010101011011011110111011011011111010101100000100
100001101001011000010101010000011010000010000101010101011011011110111011011011111010101100000100
101011111001011111111101111000010111000010000101010101011011011110111011011011111010101100000100
100100001000101000001100011111101110000010000101010101011011011110111011011011111010101100000100
001000001000101110010010101100110101000010000101010101011011011110111011011011111010101100000100
101000101100110010110011100001111000000010000101010101011011011110111011011011111010101100000100
010010011010001000010100111001110110000010000101010101011011011110111011011011111010101100000100
011111011111001000010010010010011111000010000101010101011011011110111011011011111010101100000100
010011101111111001001000110001000101000010000101010101011011011110111011011011111010101100000100
110110111100000111101100010010111001000010000101010101011011011110111011011011111010101100000100
011110001000110010100110010111000010000010000101010101011011011110111011011011111010101100000100
110101100101000111101101111000000001000010000101010101011011011110111011011011111010101100000100
010110010110000001101001010110111101000010000101010101011011011110111011011011111010101100000100
110001101001110111000001001111100111000010000101010101011011011110111011011011111010101100000100
000000010011000101101011101011011001000010000101010101011011011110111011011011111010101100000100
001000100110000101010010010011010011000010000101010101011011011110111011011011111010101100000100
000110111100111010011010001011010001000010000101010101011011011110111011011011111010101100000100
100101101100000011010011000000100101000010000101010101011011011110111011011011111010101100000100
111111101010001100000100001001101001000010000101010101011011011110111011011011111010101100000100
011101000110111001101111111111110010000010000101010101011011011110111011011011111010101100000100
011011011100100110110010001010011001000010000101010101011011011110111011011011111010101100000100
010000101110011111000110010011000111000010000101010101011011011110111011011011111010101100000100
101111100101011000100110110111101001000010000101010101011011011110111011011011111010101100000100
001000101000000011010110111001011110000010000101010101011011011110111011011011111010101100000100
101001111100101011100011001001001100000010000101010101011011011110111011011011111010101100000100
100011010101001010101000100010001111000010000101010101011011011110111011011011111010101100000100
000010010100110001111000001011111111000010000101010101011011011110111011011011111010101100000100
100011110111100010110111001101101010000010000101010101011011011110111011011011111010101100000100
001001001001111101010010000110011111000010000101010101011011011110111011011011111010101100000100
000111110100110110100011011111111111000010000101010101011011011110111011011011111010101100000100
001010000110011101011111010100100100000010000101010101011011011110111011011011111010101100000100
000010100111001110100111111001110101000010000101010101011011011110111011011011111010101100000100
011000001111101110111010010011010111000010000101010101011011011110111011011011111010101100000100
111000001001110100111010011111101110000010000101010101011011011110111011011011111010101100000100
110111110000001000110101000011100000000010000101010101011011011110111011011011111010101100000100
001010001011000110110100111010101100000010000101010101011011011110111011011011111010101100000100
110111011111110110100011010100010100000010000101010101011011011110111011011011111010101100000100
000100100101111101111100111101010011000010000101010101011011011110111011011011111010101100000100
001110011001110100011111001101010010000010000101010101011011011110111011011011111010101100000100
100010010110111010110100011111010000000010000101010101011011011110111011011011111010101100000100
110001000100010101100110011101011001000010000101010101011011011110111011011011111010101100000100
010011111011000001000110110110000100000010000101010101011011011110111011011011111010101100000100
101100110000010101000111110000001000000010000101010101011011011110111011011011111010101100000100
111101000110100110110101101011111100000010000101010101011011011110111011011011111010101100000100
011010001110110010111101011011100001000010000101010101011011011110111011011011111010101100000100
100101000101010011001110011101101100000010000101010101011011011110111011011011111010101100000100
110111010010001010011111111111000000000010000101010101011011011110111011011011111010101100000100
010101000100010101010111001011001000000010000101010101011011011110111011011011111010101100000100
111110010000110010101111011001010101000010000101010101011011011110111011011011111010101100000100
001110111111111010101100010101010110000010000101010101011011011110111011011011111010101100000100
101100000100000000010000000001110010000010000101010101011011011110111011011011111010101100000100
101111110100011001010011101110010101000010000101010101011011011110111011011011111010101100000100
101001110100000001001000001011000011000010000101010101011011011110111011011011111010101100000100
001000010110100110010000100110011001000010000101010101011011011110111011011011111010101100000100
010000011001100001001010101111010100000010000101010101011011011110111011011011111010101100000100
100111000010000011010111111111110110000010000101010101011011011110111011011011111010101100000100
111010100000001011101010011100101001000010000101010101011011011110111011011011111010101100000100
000010100010011010010001111000011100000010000101010101011011011110111011011011111010101100000100
111101010000101110001000101000001100000010000101010101011011011110111011011011111010101100000100
000011011111001100110100010000000110000010000101010101011011011110111011011011111010101100000100
101101111110010000110110110001000000000010000101010101011011011110111011011011111010101100000100
011101011101101011100001111011110000000010000101010101011011011110111011011011111010101100000100
101101001001000100101101001100100100000010000101010101011011011110111011011011111010101100000100
110100001011011101101110011011011000000010000101010101011011011110111011011011111010101100000100
100010100111001100000010100001111111000010000101010101011011011110111011011011111010101100000100
011011100111000001011001001001001010000010000101010101011011011110111011011011111010101100000100
001111100000110001010111011110000110000010000101010101011011011110111011011011111010101100000100
111100011101001101110110110100011110000010000101010101011011011110111011011011111010101100000100
000001111010011010001010110100100111000010000101010101011011011110111011011011111010101100000100
001100100101000100111110101111011100000010000101010101011011011110111011011011111010101100000100
011000111110100101001110101110011100000010000101010101011011011110111011011011111010101100000100
101001110111000100010000100010000110000010000101010101011011011110111011011011111010101100000100
000100011101100000000010011101011001000010000101010101011011011110111011011011111010101100000100
011101100101010110010000011010011110000010000101010101011011011110111011011011111010101100000100
001100011001010000110101101010110111000010000101010101011011011110111011011011111010101100000100
010000011000010001101100000011101100000010000101010101011011011110111011011011111010101100000100
101111111110011011001011110111010101000010000101010101011011011110111011011011111010101100000100
100010000001110001011101001111101101000010000101010101011011011110111011011011111010101100000100
111000010101110111101111111011110010000010000101010101011011011110111011011011111010101100000100
111001011101010001000010100111111011000010000101010101011011011110111011011011111010101100000100
101000011100000000110100010011011101000010000101010101011011011110111011011011111010101100000100
111101011010111010111111100000111000000010000101010101011011011110111011011011111010101100000100
101101001111011011000001111001001000000010000101010101011011011110111011011011111010101100000100
010111111101101000101101000010000001000010000101010101011011011110111011011011111010101100000100
011000111001000011010010111010001111000010000101010101011011011110111011011011111010101100000100
111010001010100010000111010111000110000010000101010101011011011110111011011011111010101100000100
001100111111101011111011100001101111000010000101010101011011011110111011011011111010101100000100
101010101011100100010111101111111110000010000101010101011011011110111011011011111010101100000100
000111111111010010000100001011100000000010000101010101011011011110111011011011111010101100000100
110011000001101100001111011100101001000010000101010101011011011110111011011011111010101100000100
111111111110111001100010001010001011000010000101010101011011011110111011011011111010101100000100
110011101110100010101011100100101100000010000101010101011011011110111011011011111010101100000100
101000110101000010100001000011011110000010000101010101011011011110111011011011111010101100000100
000111011001011011101101010101111100000010000101010101011011011110111011011011111010101100000100
000101011110000101011011110111100111000010000101010101011011011110111011011011111010101100000100
001111110010110000100011101010110101000010000101010101011011011110111011011011111010101100000100
101000110011111101010001010000110110000010000101010101011011011110111011011011111010101100000100
111100111011110110010110111010010100000010000101010101011011011110111011011011111010101100000100
000111111000001111110001111010000000000010000101010101011011011110111011011011111010101100000100
111000100100010110010110000011000000000010000101010101011011011110111011011011111010101100000100
001100010110110010001100101101101011000010000101010101011011011110111011011011111010101100000100
011011001010001111111100111011101110000010000101010101011011011110111011011011111010101100000100
010001010110010010011101001001101100000010000101010101011011011110111011011011111010101100000100
000101001001000101110011010110101110000010000101010101011011011110111011011011111010101100000100
110010011000011111011000000101001001000010000101010101011011011110111011011011111010101100000100
101011111000010000110110100011111101000010000101010101011011011110111011011011111010101100000100
010000010010110011110100101010000100000010000101010101011011011110111011011011111010101100000100
110011000111100011011011100001101111000010000101010101011011011110111011011011111010101100000100
101101111110011111001000101001011111000010000101010101011011011110111011011011111010101100000100
101001100100011100011001010110000001000010000101010101011011011110111011011011111010101100000100
111010011111000110000101110011001100000010000101010101011011011110111011011011111010101100000100
100000111100110011111111110000010110000010000101010101011011011110111011011011111010101100000100
011001001110110100110011011100111001000010000101010101011011011110111011011011111010101100000100
110011001101011010100010100001001000000010000101010101011011011110111011011011111010101100000100
010111110010000001110001100111111001000010000101010101011011011110111011011011111010101100000100
001110100110111100110010000110101110000010000101010101011011011110111011011011111010101100000100
100000000010001011110000100111101000000010000101010101011011011110111011011011111010101100000100
010101000011000111001111011101011110000010000101010101011011011110111011011011111010101100000100
100100111001011101000111000111101111000010000101010101011011011110111011011011111010101100000100
001111110110010001111001100110111111000010000101010101011011011110111011011011111010101100000100
011101100110110011010110111010011000000010000101010101011011011110111011011011111010101100000100
011011111111000101000110001101101000000010000101010101011011011110111011011011111010101100000100
100110000101100110100110000010011111000010000101010101011011011110111011011011111010101100000100
010100001100010101110001101011010000000010000101010101011011011110111011011011111010101100000100
001010101110111000100111101100010010000010000101010101011011011110111011011011111010101100000100
111111101000010010101001001010001001000010000101010101011011011110111011011011111010101100000100
111011010100101110100010110010011011000010000101010101011011011110111011011011111010101100000100
000110111010100100000100111001010010000010000101010101011011011110111011011011111010101100000100
010000001111100010010100000101110000000010000101010101011011011110111011011011111010101100000100
000001001100110111010101110100101111000010000101010101011011011110111011011011111010101100000100
001111111011000010101001110101110110000010000101010101011011011110111011011011111010101100000100
101101101001011000000101000010000100000010000101010101011011011110111011011011111010101100000100
110010101000010011110111111101001000000010000101010101011011011110111011011011111010101100000100
011000110110100001101101001100011011000010000101010101011011011110111011011011111010101100000100
001010100100111001110110110101111100000010000101010101011011011110111011011011111010101100000100
100100011000100000011000100001010001000010000101010101011011011110111011011011111010101100000100
001111001001010010000000101000001100000010000101010101011011011110111011011011111010101100000100
101010010011000011111110011011111001000010000101010101011011011110111011011011111010101100000100
011011000111110111101110110100011100000010000101010101011011011110111011011011111010101100000100
111010100100010010001101101011011000000010000101010101011011011110111011011011111010101100000100
110010011110100001100001101101000000000010000101010101011011011110111011011011111010101100000100
010100101010010100100110000000010100000010000101010101011011011110111011011011111010101100000100
111110001011111001011010100110010010000010000101010101011011011110111011011011111010101100000100
010100001010110101110010001110010001000010000101010101011011011110111011011011111010101100000100
110000101111110111011011100100001100000010000101010101011011011110111011011011111010101100000100
100100111100100111000001000001111101000010000101010101011011011110111011011011111010101100000100
011011110110110101110110100000011010000010000101010101011011011110111011011011111010101100000100
111010010100010000011110000001110101000010000101010101011011011110111011011011111010101100000100
010111011100111111111010001001111101000010000101010101011011011110111011011011111010101100000100
110010100011111111000100101011000011000010000101010101011011011110111011011011111010101100000100
111111101011000110011001111010100000000010000101010101011011011110111011011011111010101100000100
101110011001110100100101110001001001000010000101010101011011011110111011011011111010101100000100
110001101001001100100010001100000000000010000101010101011011011110111011011011111010101100000100
110110001010111001001111001011111111000010000101010101011011011110111011011011111010101100000100
001000001011101111011101011100110111000010000101010101011011011110111011011011111010101100000100
001011010010111011100101100001010000000010000101010101011011011110111011011011111010101100000100
100100011111000001100000010101001001000010000101010101011011011110111011011011111010101100000100
010011100011011000011110111001110111000010000101010101011011011110111011011011111010101100000100
110001010100100101010001101011000010000010000101010101011011011110111011011011111010101100000100
111001111011110001000010011111111100000010000101010101011011011110111011011011111010101100000100
111101111010000010011000011111001001000010000101010101011011011110111011011011111010101100000100
011001100001000101110100101001100011000010000101010101011011011110111011011011111010101100000100
010001110100111111001011101010101011000010000101010101011011011110111011011011111010101100000100
001110100001000100100101011101111100000010000101010101011011011110111011011011111010101100000100
101000001110111110010101101101001100000010000101010101011011011110111011011011111010101100000100
001101101000110101110000100010010001000010000101010101011011011110111011011011111010101100000100
011000001100001100011011110110100111000010000101010101011011011110111011011011111010101100000100
101100010111010000111001011001111000000010000101010101011011011110111011011011111010101100000100
011000111101001010010011000000010110000010000101010101011011011110111011011011111010101100000100
001000000101101111101001111111111100000010000101010101011011011110111011011011111010101100000100
011101110110100011111101111100100011000010000101010101011011011110111011011011111010101100000100
111100101011001111001111010110010010000010000101010101011011011110111011011011111010101100000100
100001010110101010110010010001100111000010000101010101011011011110111011011011111010101100000100
000100111000001111111110001111001001000010000101010101011011011110111011011011111010101100000100
011000001011101100000101000111011110000010000101010101011011011110111011011011111010101100000100
100011011011110011000101001101100001000010000101010101011011011110111011011011111010101100000100
001101001011110010101010000101011011000010000101010101011011011110111011011011111010101100000100
001011111111110011100000010101001111000010000101010101011011011110111011011011111010101100000100
001101000101010101111110010110100110000010000101010101011011011110111011011011111010101100000100
010000111001101011101000001110011011000010000101010101011011011110111011011011111010101100000100
101001000111100000011000111110100001000010000101010101011011011110111011011011111010101100000100
101100000111110110100100000100100000000010000101010101011011011110111011011011111010101100000100
010110010100101011100010011101011100000010000101010101011011011110111011011011111010101100000100
110011110011011011101101100011111111000010000101010101011011011110111011011011111010101100000100
101101101010011101010010010011110101000010000101010101011011011110111011011011111010101100000100
001011100001010111011000010010100100000010000101010101011011011110111011011011111010101100000100
110111101101111101110110001101111001000010000101010101011011011110111011011011111010101100000100
111010111111101111110110110001011110000010000101010101011011011110111011011011111010101100000100
010110100101100111111110111110111011000010000101010101011011011110111011011011111010101100000100
111110100011111110011101110110110001000010000101010101011011011110111011011011111010101100000100
101110000110001100010100101001000111000010000101010101011011011110111011011011111010101100000100
001011011000101011101010010101101000000010000101010101011011011110111011011011111010101100000100
110101011110111101111100010000010111000010000101010101011011011110111011011011111010101100000100
010101101000000100110110010111101100000010000101010101011011011110111011011011111010101100000100
010001011011110010110011110010011000000010000101010101011011011110111011011011111010101100000100
011100000110111101101110010001110111000010000101010101011011011110111011011011111010101100000100
100000000110001111100000000100111010000010000101010101011011011110111011011011111010101100000100
100100111000101000010011000001010100000010000101010101011011011110111011011011111010101100000100
000111001110100101110000110011101110000010000101010101011011011110111011011011111010101100000100
101110001110010100111001111110101001000010000101010101011011011110111011011011111010101100000100
110110010110110101110001101001001010000010000101010101011011011110111011011011111010101100000100
111111111110100111111010111110011011000010000101010101011011011110111011011011111010101100000100
100011111110101011011000010110100100000010000101010101011011011110111011011011111010101100000100
100010000111011001101111110110100110000010000101010101011011011110111011011011111010101100000100
110100101111110000000001110000111110000010000101010101011011011110111011011011111010101100000100
110000100111110111100001000100010100000010000101010101011011011110111011011011111010101100000100
011100110001000010011100111110011101000010000101010101011011011110111011011011111010101100000100
010101001011111100001111110101110011000010000101010101011011011110111011011011111010101100000100
011110011000010111111010110101011111000010000101010101011011011110111011011011111010101100000100
110111110011000011100000101001100010000010000101010101011011011110111011011011111010101100000100
010000001010010110000111111101011010000010000101010101011011011110111011011011111010101100000100
010100000101101110100100111000110110000010000101010101011011011110111011011011111010101100000100
110000100011010111111001100011111010000010000101010101011011011110111011011011111010101100000100
011010101010000011011100111100110010000010000101010101011011011110111011011011111010101100000100
111100111010000000001010101111101011000010000101010101011011011110111011011011111010101100000100
100110011001010001000101010111110100000010000101010101011011011110111011011011111010101100000100
001111011011011010100111100001001011000010000101010101011011011110111011011011111010101100000100
000011110010101101011010110011011110000010000101010101011011011110111011011011111010101100000100
111011011100011011100110010111010111000010000101010101011011011110111011011011111010101100000100
010110110100010000111000110111101110000010000101010101011011011110111011011011111010101100000100
001000001001100010110100101101010110000010000101010101011011011110111011011011111010101100000100
101100011011010001011011111010100001000010000101010101011011011110111011011011111010101100000100
001100001111111010001101011011011100000010000101010101011011011110111011011011111010101100000100
100111010100010010010001101100000110000010000101010101011011011110111011011011111010101100000100
111000101001100010000011110101101111000010000101010101011011011110111011011011111010101100000100
111100110111000100010110101011101000000010000101010101011011011110111011011011111010101100000100
010111010010011100011111110111100110000010000101010101011011011110111011011011111010101100000100
101011111011010000011000011110111101000010000101010101011011011110111011011011111010101100000100
010100001010110100011010101101101000000010000101010101011011011110111011011011111010101100000100
110011101011001100001001110111011111000010000101010101011011011110111011011011111010101100000100
100100000000101101110011111011010110000010000101010101011011011110111011011011111010101100000100
111000100010000101111101010101001000000010000101010101011011011110111011011011111010101100000100
101010001010001000010101001100101101000010000101010101011011011110111011011011111010101100000100
000100011001111100011110110001001010000010000101010101011011011110111011011011111010101100000100
111111110010100100011101111111011100000010000101010101011011011110111011011011111010101100000100
001011100001000100011010101010100010000010000101010101011011011110111011011011111010101100000100
111010000010001110100110101111000101000010000101010101011011011110111011011011111010101100000100
100011110110001011010000010010110001000010000101010101011011011110111011011011111010101100000100
100110111110000011111110011011111011000010000101010101011011011110111011011011111010101100000100
111001000000100000110100111111100000000010000101010101011011011110111011011011111010101100000100
010001101101110100000001110001101011000010000101010101011011011110111011011011111010101100000100
010101010110100101100001110010000101000010000101010101011011011110111011011011111010101100000100
111001101010011101100100111110111001000010000101010101011011011110111011011011111010101100000100
001101011011001110100100010110101011000010000101010101011011011110111011011011111010101100000100
010000011111110110011000101011110011000010000101010101011011011110111011011011111010101100000100
001101101000001101011110111010100110000010000101010101011011011110111011011011111010101100000100
110110010100011101110000100110110111000010000101010101011011011110111011011011111010101100000100
011111000110101001111101001100000010000010000101010101011011011110111011011011111010101100000100
000011111100001011000010111000111000000010000101010101011011011110111011011011111010101100000100
000001101110001000001010010000101111000010000101010101011011011110111011011011111010101100000100
010000111111010101010110010000010101000010000101010101011011011110111011011011111010101100000100
100010011001110001001111100101010111000010000101010101011011011110111011011011111010101100000100
100001000111100110101011100101111000000010000101010101011011011110111011011011111010101100000100
