100111101010001011010100110101100000000000000000000000000000000000000000000000010011110101110001
100111101010001011010100110101100000000000000000000000000000000000000000000000111011010000000100
100111101010001011010100110101100000000000000000000000000000000000000000000000001001001000100101
100111101010001011010100110101100000000000000000000000000000000000000000000000110110111001111001
100111101010001011010100110101100000000000000000000000000000000000000000000000111100101111001010
100111101010001011010100110101100000000000000000000000000000000000000000000001000001000001111100
100111101010001011010100110101100000000000000000000000000000000000000000000000011100010110001100
100111101010001011010100110101100000000000000000000000000000000000000000000000000000110101110000
100111101010001011010100110101100000000000000000000000000000000000000000000000101111011001010000
100111101010001011010100110101100000000000000000000000000000000000000000000000000001101011000011
100111101010001011010100110101100000000000000000000000000000000000000000000000110110110110100100
100111101010001011010100110101100000000000000000000000000000000000000000000000000011110111010010
100111101010001011010100110101100000000000000000000000000000000000000000000000000110010010001100
100111101010001011010100110101100000000000000000000000000000000000000000000000010011010110011110
100111101010001011010100110101100000000000000000000000000000000000000000000000001001011111010100
100111101010001011010100110101100000000000000000000000000000000000000000000000101011010100100110
100111101010001011010100110101100000000000000000000000000000000000000000000001000100000110101011
100111101010001011010100110101100000000000000000000000000000000000000000000000001100011001110110
100111101010001011010100110101100000000000000000000000000000000000000000000000110111010110000110
100111101010001011010100110101100000000000000000000000000000000000000000000000111010111001100001
100111101010001011010100110101100000000000000000000000000000000000000000000000001101001001100000
100111101010001011010100110101100000000000000000000000000000000000000000000000111011011001001101
100111101010001011010100110101100000000000000000000000000000000000000000000000111010101011111011
100111101010001011010100110101100000000000000000000000000000000000000000000000110011001001011100
100111101010001011010100110101100000000000000000000000000000000000000000000001000011010100011010
100111101010001011010100110101100000000000000000000000000000000000000000000001000101011010110000
100111101010001011010100110101100000000000000000000000000000000000000000000000000011100100011010
100111101010001011010100110101100000000000000000000000000000000000000000000001001001001100001000
100111101010001011010100110101100000000000000000000000000000000000000000000000111110011010111010
100111101010001011010100110101100000000000000000000000000000000000000000000000100001000100000000
100111101010001011010100110101100000000000000000000000000000000000000000000000100011110101001000
100111101010001011010100110101100000000000000000000000000000000000000000000000100100110001000101
100111101010001011010100110101100000000000000000000000000000000000000000000000010000101001110100
100111101010001011010100110101100000000000000000000000000000000000000000000000100100101001010000
100111101010001011010100110101100000000000000000000000000000000000000000000000111111000000011101
100111101010001011010100110101100000000000000000000000000000000000000000000000000000010001010111
100111101010001011010100110101100000000000000000000000000000000000000000000000100000101010011011
100111101010001011010100110101100000000000000000000000000000000000000000000000011000000000101100
100111101010001011010100110101100000000000000000000000000000000000000000000000001000100101010101
100111101010001011010100110101100000000000000000000000000000000000000000000000000010010100101111
100111101010001011010100110101100000000000000000000000000000000000000000000000011100111000010110
100111101010001011010100110101100000000000000000000000000000000000000000000000010111110110111111
100111101010001011010100110101100000000000000000000000000000000000000000000001000010110100000111
100111101010001011010100110101100000000000000000000000000000000000000000000000110001100111100000
100111101010001011010100110101100000000000000000000000000000000000000000000000101011011101010100
100111101010001011010100110101100000000000000000000000000000000000000000000001000101100100110110
100111101010001011010100110101100000000000000000000000000000000000000000000000010110100001011110
100111101010001011010100110101100000000000000000000000000000000000000000000000110100000101101001
100111101010001011010100110101100000000000000000000000000000000000000000000000111110110101001101
100111101010001011010100110101100000000000000000000000000000000000000000000000110101111011101011
100111101010001011010100110101100000000000000000000000000000000000000000000000010110001000010011
100111101010001011010100110101100000000000000000000000000000000000000000000000111110001110000111
100111101010001011010100110101100000000000000000000000000000000000000000000000101111101101000010
100111101010001011010100110101100000000000000000000000000000000000000000000000101111110101110100
100111101010001011010100110101100000000000000000000000000000000000000000000001000100100101101111
100111101010001011010100110101100000000000000000000000000000000000000000000000110001101010011010
100111101010001011010100110101100000000000000000000000000000000000000000000000110000000101110111
100111101010001011010100110101100000000000000000000000000000000000000000000000001000001010000001
100111101010001011010100110101100000000000000000000000000000000000000000000000111000110000100111
100111101010001011010100110101100000000000000000000000000000000000000000000000001110001100000110
100111101010001011010100110101100000000000000000000000000000000000000000000000001010000010000110
100111101010001011010100110101100000000000000000000000000000000000000000000000001110011010111000
100111101010001011010100110101100000000000000000000000000000000000000000000001000010011101000010
100111101010001011010100110101100000000000000000000000000000000000000000000000100001111100010101
100111101010001011010100110101100000000000000000000000000000000000000000000000100011100111001010
100111101010001011010100110101100000000000000000000000000000000000000000000000111111100000101000
100111101010001011010100110101100000000000000000000000000000000000000000000000011101010010111011
100111101010001011010100110101100000000000000000000000000000000000000000000000110011011001011010
100111101010001011010100110101100000000000000000000000000000000000000000000000100000111010000110
100111101010001011010100110101100000000000000000000000000000000000000000000000000011100101001111
100111101010001011010100110101100000000000000000000000000000000000000000000000011100001010011000
100111101010001011010100110101100000000000000000000000000000000000000000000000100010011101011101
100111101010001011010100110101100000000000000000000000000000000000000000000001000110001001101000
100111101010001011010100110101100000000000000000000000000000000000000000000000111000111101011101
100111101010001011010100110101100000000000000000000000000000000000000000000000000101010000111101
100111101010001011010100110101100000000000000000000000000000000000000000000000000100011010000000
100111101010001011010100110101100000000000000000000000000000000000000000000000110000000010111001
100111101010001011010100110101100000000000000000000000000000000000000000000001000100010101011001
100111101010001011010100110101100000000000000000000000000000000000000000000000111101011111001011
100111101010001011010100110101100000000000000000000000000000000000000000000000001001011001111001
100111101010001011010100110101100000000000000000000000000000000000000000000000001001000110010111
100111101010001011010100110101100000000000000000000000000000000000000000000000001110010110100101
100111101010001011010100110101100000000000000000000000000000000000000000000001001000010000111001
100111101010001011010100110101100000000000000000000000000000000000000000000000000100100001011110
100111101010001011010100110101100000000000000000000000000000000000000000000000000010100000011110
100111101010001011010100110101100000000000000000000000000000000000000000000000110011011100101001
100111101010001011010100110101100000000000000000000000000000000000000000000000111111001001100101
100111101010001011010100110101100000000000000000000000000000000000000000000000100100100100111101
100111101010001011010100110101100000000000000000000000000000000000000000000000011001010101111010
100111101010001011010100110101100000000000000000000000000000000000000000000000100111000001101000
100111101010001011010100110101100000000000000000000000000000000000000000000000000101111001111101
100111101010001011010100110101100000000000000000000000000000000000000000000001000001010110110000
100111101010001011010100110101100000000000000000000000000000000000000000000000110110011110101010
100111101010001011010100110101100000000000000000000000000000000000000000000000010100110101001011
100111101010001011010100110101100000000000000000000000000000000000000000000000101110111001000001
100111101010001011010100110101100000000000000000000000000000000000000000000000110000011011010011
100111101010001011010100110101100000000000000000000000000000000000000000000000100000100101000110
100111101010001011010100110101100000000000000000000000000000000000000000000000100010010110000101
100111101010001011010100110101100000000000000000000000000000000000000000000000010011100101110011
100111101010001011010100110101100000000000000000000000000000000000000000000000000100110011011101
100111101010001011010100110101100000000000000000000000000000000000000000000000000111001010101101
100111101010001011010100110101100000000000000000000000000000000000000000000000100010010010000110
100111101010001011010100110101100000000000000000000000000000000000000000000000110101010100101101
100111101010001011010100110101100000000000000000000000000000000000000000000000101010111101101011
100111101010001011010100110101100000000000000000000000000000000000000000000000101100101000111110
100111101010001011010100110101100000000000000000000000000000000000000000000000000101101111000101
100111101010001011010100110101100000000000000000000000000000000000000000000001000011000010101011
100111101010001011010100110101100000000000000000000000000000000000000000000000100101011011111001
100111101010001011010100110101100000000000000000000000000000000000000000000000011111101001011001
100111101010001011010100110101100000000000000000000000000000000000000000000000010011001000000000
100111101010001011010100110101100000000000000000000000000000000000000000000000111111100111011000
100111101010001011010100110101100000000000000000000000000000000000000000000000101001100101110100
100111101010001011010100110101100000000000000000000000000000000000000000000000110001101110011010
100111101010001011010100110101100000000000000000000000000000000000000000000000011011101001111001
100111101010001011010100110101100000000000000000000000000000000000000000000000010100100000000001
100111101010001011010100110101100000000000000000000000000000000000000000000001000001010000001001
100111101010001011010100110101100000000000000000000000000000000000000000000000010001011000101000
100111101010001011010100110101100000000000000000000000000000000000000000000000111001011011001000
100111101010001011010100110101100000000000000000000000000000000000000000000000110011010100010001
100111101010001011010100110101100000000000000000000000000000000000000000000000001111100110000000
100111101010001011010100110101100000000000000000000000000000000000000000000000010110010110101101
100111101010001011010100110101100000000000000000000000000000000000000000000000111000010001101110
100111101010001011010100110101100000000000000000000000000000000000000000000000001010110110001011
100111101010001011010100110101100000000000000000000000000000000000000000000000011011111100111010
100111101010001011010100110101100000000000000000000000000000000000000000000000111100011111000111
100111101010001011010100110101100000000000000000000000000000000000000000000000000000000001110100
100111101010001011010100110101100000000000000000000000000000000000000000000000000100011110000110
100111101010001011010100110101100000000000000000000000000000000000000000000000000101110011001000
100111101010001011010100110101100000000000000000000000000000000000000000000000101111001001001111
100111101010001011010100110101100000000000000000000000000000000000000000000000110101110110011011
100111101010001011010100110101100000000000000000000000000000000000000000000000101010110100000100
100111101010001011010100110101100000000000000000000000000000000000000000000000100101110011110001
100111101010001011010100110101100000000000000000000000000000000000000000000000100111101010110100
100111101010001011010100110101100000000000000000000000000000000000000000000000111010101110001001
100111101010001011010100110101100000000000000000000000000000000000000000000000100111100100110110
100111101010001011010100110101100000000000000000000000000000000000000000000000111101100001111101
100111101010001011010100110101100000000000000000000000000000000000000000000000000011010000010000
100111101010001011010100110101100000000000000000000000000000000000000000000000111001101111110010
100111101010001011010100110101100000000000000000000000000000000000000000000000011011111000000111
100111101010001011010100110101100000000000000000000000000000000000000000000000110010001000010001
100111101010001011010100110101100000000000000000000000000000000000000000000000011011100010101000
100111101010001011010100110101100000000000000000000000000000000000000000000000001010000001111001
100111101010001011010100110101100000000000000000000000000000000000000000000000010001101100010011
100111101010001011010100110101100000000000000000000000000000000000000000000000001111000111111110
100111101010001011010100110101100000000000000000000000000000000000000000000000110000001000100111
100111101010001011010100110101100000000000000000000000000000000000000000000000100011010001011101
100111101010001011010100110101100000000000000000000000000000000000000000000000111110100111101010
100111101010001011010100110101100000000000000000000000000000000000000000000000110011110001110011
100111101010001011010100110101100000000000000000000000000000000000000000000001000001000011000011
100111101010001011010100110101100000000000000000000000000000000000000000000000110110001111010001
100111101010001011010100110101100000000000000000000000000000000000000000000000001000001011011100
100111101010001011010100110101100000000000000000000000000000000000000000000000101100110001010101
100111101010001011010100110101100000000000000000000000000000000000000000000000100011100000000110
100111101010001011010100110101100000000000000000000000000000000000000000000000111110011110111011
100111101010001011010100110101100000000000000000000000000000000000000000000000000111110100101000
100111101010001011010100110101100000000000000000000000000000000000000000000000111010111011111100
100111101010001011010100110101100000000000000000000000000000000000000000000000110001110100001000
100111101010001011010100110101100000000000000000000000000000000000000000000000111001111001110111
100111101010001011010100110101100000000000000000000000000000000000000000000000110100011010010100
100111101010001011010100110101100000000000000000000000000000000000000000000001000100000011101001
100111101010001011010100110101100000000000000000000000000000000000000000000000000111001011110010
100111101010001011010100110101100000000000000000000000000000000000000000000000010110100110111001
100111101010001011010100110101100000000000000000000000000000000000000000000000111101100000101110
100111101010001011010100110101100000000000000000000000000000000000000000000000010111111011001111
100111101010001011010100110101100000000000000000000000000000000000000000000000111000111101011011
100111101010001011010100110101100000000000000000000000000000000000000000000000100001000011111110
100111101010001011010100110101100000000000000000000000000000000000000000000000000010011011000110
100111101010001011010100110101100000000000000000000000000000000000000000000001000001010110001110
100111101010001011010100110101100000000000000000000000000000000000000000000000001101010110110001
100111101010001011010100110101100000000000000000000000000000000000000000000000111010101101101110
100111101010001011010100110101100000000000000000000000000000000000000000000001000110001000011101
100111101010001011010100110101100000000000000000000000000000000000000000000000010111000100001100
100111101010001011010100110101100000000000000000000000000000000000000000000000100110001011101111
100111101010001011010100110101100000000000000000000000000000000000000000000001000011111001101010
100111101010001011010100110101100000000000000000000000000000000000000000000000110011010110100000
100111101010001011010100110101100000000000000000000000000000000000000000000000000101111100111110
100111101010001011010100110101100000000000000000000000000000000000000000000001001000000110111100
100111101010001011010100110101100000000000000000000000000000000000000000000000001000010110111010
100111101010001011010100110101100000000000000000000000000000000000000000000000100011000110101000
100111101010001011010100110101100000000000000000000000000000000000000000000000110101000000101000
100111101010001011010100110101100000000000000000000000000000000000000000000000101000011101011000
100111101010001011010100110101100000000000000000000000000000000000000000000000110011010010000001
100111101010001011010100110101100000000000000000000000000000000000000000000000001111100111000010
100111101010001011010100110101100000000000000000000000000000000000000000000000101110110010100010
100111101010001011010100110101100000000000000000000000000000000000000000000000001010011111100100
100111101010001011010100110101100000000000000000000000000000000000000000000000001101000100101000
100111101010001011010100110101100000000000000000000000000000000000000000000000101010000100010011
100111101010001011010100110101100000000000000000000000000000000000000000000000011000001110110111
100111101010001011010100110101100000000000000000000000000000000000000000000000110000100100001101
100111101010001011010100110101100000000000000000000000000000000000000000000000100111001111010111
100111101010001011010100110101100000000000000000000000000000000000000000000000010010010010111100
100111101010001011010100110101100000000000000000000000000000000000000000000000011111101111101101
100111101010001011010100110101100000000000000000000000000000000000000000000000000011001101011000
100111101010001011010100110101100000000000000000000000000000000000000000000000010001001111110010
100111101010001011010100110101100000000000000000000000000000000000000000000000000010010100001100
100111101010001011010100110101100000000000000000000000000000000000000000000000001011011110111000
100111101010001011010100110101100000000000000000000000000000000000000000000000011111011011100010
100111101010001011010100110101100000000000000000000000000000000000000000000000011001110011101010
100111101010001011010100110101100000000000000000000000000000000000000000000000001001010100111011
100111101010001011010100110101100000000000000000000000000000000000000000000001000011000110000100
100111101010001011010100110101100000000000000000000000000000000000000000000000100100111110100010
100111101010001011010100110101100000000000000000000000000000000000000000000000001101111000111011
100111101010001011010100110101100000000000000000000000000000000000000000000000100011010110011101
100111101010001011010100110101100000000000000000000000000000000000000000000000010000010100011100
100111101010001011010100110101100000000000000000000000000000000000000000000000001101100000011101
100111101010001011010100110101100000000000000000000000000000000000000000000000010001000001111001
100111101010001011010100110101100000000000000000000000000000000000000000000000001101010100110101
100111101010001011010100110101100000000000000000000000000000000000000000000000101000011111100110
100111101010001011010100110101100000000000000000000000000000000000000000000000011000001101000110
100111101010001011010100110101100000000000000000000000000000000000000000000000111110000101101110
100111101010001011010100110101100000000000000000000000000000000000000000000000001011000110010101
100111101010001011010100110101100000000000000000000000000000000000000000000000111010010001010100
100111101010001011010100110101100000000000000000000000000000000000000000000000011100101001101011
100111101010001011010100110101100000000000000000000000000000000000000000000000000001001101100011
100111101010001011010100110101100000000000000000000000000000000000000000000000000000000001001110
100111101010001011010100110101100000000000000000000000000000000000000000000000110111110111010010
100111101010001011010100110101100000000000000000000000000000000000000000000000011100111001111010
100111101010001011010100110101100000000000000000000000000000000000000000000000100101100100101001
100111101010001011010100110101100000000000000000000000000000000000000000000000100101111111010010
100111101010001011010100110101100000000000000000000000000000000000000000000000110000000011011111
100111101010001011010100110101100000000000000000000000000000000000000000000000010010001110001011
100111101010001011010100110101100000000000000000000000000000000000000000000000011001001010001000
100111101010001011010100110101100000000000000000000000000000000000000000000000101101111010001001
100111101010001011010100110101100000000000000000000000000000000000000000000000101111100101010001
100111101010001011010100110101100000000000000000000000000000000000000000000000010100010011000111
100111101010001011010100110101100000000000000000000000000000000000000000000000111000100001111101
100111101010001011010100110101100000000000000000000000000000000000000000000000100111111000001000
100111101010001011010100110101100000000000000000000000000000000000000000000000101111101011010100
100111101010001011010100110101100000000000000000000000000000000000000000000000110000011101111000
100111101010001011010100110101100000000000000000000000000000000000000000000000000001010011110100
100111101010001011010100110101100000000000000000000000000000000000000000000000111110011110000000
100111101010001011010100110101100000000000000000000000000000000000000000000000000001110010011111
100111101010001011010100110101100000000000000000000000000000000000000000000000111010100010001000
100111101010001011010100110101100000000000000000000000000000000000000000000000001111101110100110
100111101010001011010100110101100000000000000000000000000000000000000000000000010110110000110001
100111101010001011010100110101100000000000000000000000000000000000000000000001000001000010000000
100111101010001011010100110101100000000000000000000000000000000000000000000000111000011001000010
100111101010001011010100110101100000000000000000000000000000000000000000000000101110111100000001
100111101010001011010100110101100000000000000000000000000000000000000000000000110111111010111001
100111101010001011010100110101100000000000000000000000000000000000000000000000110000011001100010
100111101010001011010100110101100000000000000000000000000000000000000000000000000110011111100101
100111101010001011010100110101100000000000000000000000000000000000000000000000111111101100010111
100111101010001011010100110101100000000000000000000000000000000000000000000000110110111100000011
100111101010001011010100110101100000000000000000000000000000000000000000000000010001000100001001
100111101010001011010100110101100000000000000000000000000000000000000000000001000100011000001101
100111101010001011010100110101100000000000000000000000000000000000000000000000111100000010101110
100111101010001011010100110101100000000000000000000000000000000000000000000000101010111100011110
100111101010001011010100110101100000000000000000000000000000000000000000000000001011001101101010
100111101010001011010100110101100000000000000000000000000000000000000000000000110101000100001001
100111101010001011010100110101100000000000000000000000000000000000000000000000101011000101100111
100111101010001011010100110101100000000000000000000000000000000000000000000000111100101001100011
100111101010001011010100110101100000000000000000000000000000000000000000000000011000000100101100
100111101010001011010100110101100000000000000000000000000000000000000000000000010100110000100110
100111101010001011010100110101100000000000000000000000000000000000000000000000110001110111001000
100111101010001011010100110101100000000000000000000000000000000000000000000001000110111011111011
100111101010001011010100110101100000000000000000000000000000000000000000000001000101001010010111
100111101010001011010100110101100000000000000000000000000000000000000000000000101111011011010000
100111101010001011010100110101100000000000000000000000000000000000000000000000011011101100100111
100111101010001011010100110101100000000000000000000000000000000000000000000000010001000011111110
100111101010001011010100110101100000000000000000000000000000000000000000000000100100001011111001
100111101010001011010100110101100000000000000000000000000000000000000000000000000010011011110111
100111101010001011010100110101100000000000000000000000000000000000000000000001000101111001101001
100111101010001011010100110101100000000000000000000000000000000000000000000000001110110011100001
100111101010001011010100110101100000000000000000000000000000000000000000000000011111100011000100
100111101010001011010100110101100000000000000000000000000000000000000000000000101100011111100110
100111101010001011010100110101100000000000000000000000000000000000000000000000001100100100010001
100111101010001011010100110101100000000000000000000000000000000000000000000000101010010101001101
100111101010001011010100110101100000000000000000000000000000000000000000000000011111000101001000
100111101010001011010100110101100000000000000000000000000000000000000000000001001001000100000111
100111101010001011010100110101100000000000000000000000000000000000000000000000100000000111111001
100111101010001011010100110101100000000000000000000000000000000000000000000000000000111011000011
100111101010001011010100110101100000000000000000000000000000000000000000000000111010101010001100
100111101010001011010100110101100000000000000000000000000000000000000000000000111010100101000110
100111101010001011010100110101100000000000000000000000000000000000000000000000101010111000101000
100111101010001011010100110101100000000000000000000000000000000000000000000000001001111110000011
100111101010001011010100110101100000000000000000000000000000000000000000000000101111100011101100
100111101010001011010100110101100000000000000000000000000000000000000000000001000101001011110111
100111101010001011010100110101100000000000000000000000000000000000000000000000000000101011100111
100111101010001011010100110101100000000000000000000000000000000000000000000000011100111010110011
100111101010001011010100110101100000000000000000000000000000000000000000000000110000011011010101
100111101010001011010100110101100000000000000000000000000000000000000000000000011010011100100001
100111101010001011010100110101100000000000000000000000000000000000000000000000010001010011100010
100111101010001011010100110101100000000000000000000000000000000000000000000000010011101110101111
100111101010001011010100110101100000000000000000000000000000000000000000000000110101101110111111
100111101010001011010100110101100000000000000000000000000000000000000000000000001100000100110100
100111101010001011010100110101100000000000000000000000000000000000000000000000011011000101000110
100111101010001011010100110101100000000000000000000000000000000000000000000000001011100100101011
100111101010001011010100110101100000000000000000000000000000000000000000000000111011010101100101
100111101010001011010100110101100000000000000000000000000000000000000000000000111100011001100010
100111101010001011010100110101100000000000000000000000000000000000000000000000111000001001010110
100111101010001011010100110101100000000000000000000000000000000000000000000000110000010001011101
100111101010001011010100110101100000000000000000000000000000000000000000000000000010111110001010
100111101010001011010100110101100000000000000000000000000000000000000000000000000110001111000101
100111101010001011010100110101100000000000000000000000000000000000000000000000110100110010010110
100111101010001011010100110101100000000000000000000000000000000000000000000000101100100010011010
100111101010001011010100110101100000000000000000000000000000000000000000000000000010110110111100
100111101010001011010100110101100000000000000000000000000000000000000000000001000010000000101001
100111101010001011010100110101100000000000000000000000000000000000000000000000111110011001110110
100111101010001011010100110101100000000000000000000000000000000000000000000001000001100101111011
100111101010001011010100110101100000000000000000000000000000000000000000000000010000011010101111
