100110000001110010100100010100110001111111110111100111101101111111110101110110011100000001110101
000100010110101111000000100100001111001001111001110011000100011111101100101101100111110010000110
011011111010001000011010001011011111101000100100101111100101110010000100101100010010100011101101
101110110001101000010100101110100010011110000000010100011001010011000110000000010110010001111100
101011101100101011000111101010101010110110011111001101011010011111111010110100011011001100010101
011001001100101101010010101010001000000111101001011011010011111000001101001010001101111100010111
100101001110011100010110101010001001010001001101001110000001000111110001101011000011111010101110
100010100001110100001011001001111101000010111001110011110111011001111000110111100001000000111000
101110001001101100011010100001111100001101111110001110011010100000100101110001110100000011110000
000011101101011001000111110100100100010101001111101110011001110001111111011011000000001000101101
111000001110001101010110110100100100001101111101110000000101110101110100111010111000011010000111
111100000011100101011110100001100100000100001010111111110000110111110111011001000110101000000000
011110110110011010010100101100001101011100010001010010011101000111101101110011010110000001011010
101011111101011110000100001001111111110010101001110010110000111010111001001111100011000100111101
101011011110011110010100111010000110001010101110010011111001110101000011101110111011111001110001
000110000101111001001110110111110001001110111100110111000000000110000110001001011011101101111100
000001011010010101110010011011000000000010001111111111000100111000110100000100101010110100110010
101101101010110101101001000101101010101010101101000011100110000101001110010010000000100111010111
010111100101100101101111111001111101010110101110001101000111011101101001000001100101010010101010
100111110011011010110010100000001111011110101000011010100010101110101010010011001101010011000100
110101011000000011100111101110100111000111101000001101100101001100010010011011001010100110110011
000000110110011100101001011001001011111001110100011111111100001101000011000100000011100100011100
100000101011110110010101011101010101101000100111000001100000101010100101011111000100111001000010
111001100101010000101101010000100001101101111100111101001110000010011011111100010100100100100011
101010010010100000001001101110100001110101111000010100110011101010101100001001011110111111011111
101110100001000000101010111011101000100101111101111011111010111010101011011101001011000000010001
100101101010110000010001000111011000010010100100101101100100100100100100101010000001101100001101
010111101100110001010110010000111011111101111100001000011001101100111010101100001101001110101010
001110110000011101011000001010111111100010111100000011001101010100110110011001011110011101001111
100011001001100111011100101110110011001000010100101111111111100001100010110010010101010100010111
000011010010011001100100110110111100100111100111100011111101111010000101100000010011001100001100
001100100110000100010100001111101110110110010100101110100100000111110110001110010101001011010010
000001000110111111011011101100001100110010110101010010001011110110101011110111011110101001101011
101110111100001111111101010011010011001001100011101000000000110100100001001111110110000111100100
010111100100011011100111111001101111101000100100111000100110001011000001001111111000110011000100
011000011100101011101001111001100101111101100001100010011100001101010011011110111100110010000000
110101100010010110110010110111000001111110001010001110101000110011100010000110110000011110111000
101101110001100111100101110000001111010101000110000101101110000001100111110100110100001011100011
010101001000001101011111110100011010010110110110111011001001001111001101011111001101101111000101
101110110010111101101110101110011001110101101100111100001010010011110011011000001100001110011100
111110011100010000010000001000111010110001100011000000000001101010000010010011001111110011010000
111001000110100111111101011100011011110001000000010111000010110111001010111011111110111110110100
111110011110001010101000100111110100100110100010000000101001010100101110110111000110110010111100
101010110100110011111110000110010101111001111101110010000000111011001011101001010010101100001000
000101011100100110111001110010000000110110011101011111001100111101000010010111001101110110000111
001100000000011000010011111000000011111010100000000001011010101110011101000010000111100100111100
111000101011100110101011011111011100101101010111101010010011111110110010010000100011111000110100
110100001001011000101101101000111010100010011110001100001111111101100100001100100001110011110101
110111100101010101101011100101011111111000001111011001010000000001000101110110011011101001001111
101110110101000110010111110000111100001110100111100011010011101111110101101110011010001011111100
101001101011000010100010100110010110100001101010000100100100101001111000010010110010000011101110
100101010100000010111001110010100101001101011001000010011111111100001111110001001111110100100011
101000110001010000010000011100111000011000111011111100000000111000010111110010101001010010010110
111001110011000000010011010000110101000100000000111111111111111100001010010001110100100101110001
000111110001100011110101111101010101100100101011101111110010010011101100111010000111010101101111
000001011010001101100100011000001010001010000011010000001110001101011011010100100010001011011000
001100010100010001101000001100011010100000010010010101000001001111000101101000111010001111111001
101111001111111010100000011001000111100010000011101001100000000011001010111010101110001110110110
111000010100110101000000101100101111101010001010101011110111100100011000110110100001111011010001
010001101000100001000100010111000110100001101101100001110111101111111010101010101110100000000111
001100100111101110111101011101100101111011010100010101100010001100001010101111110110010000101110
111100001111111011101101111111110010011001001110111111110000111111111110000111010000110110101001
001101010111100000100010000001001010001101101011001001010111000001010000101010101011101000110111
110011100010101101000100011101011110100101010100010010110011101111001001011100001110001000010010
100000010111100101101111001010011000010110101100010001011101000101010101010011010100100101100010
011100111010010000000111000101101001011100001010111010110110110100101100001101111010000001001110
100100010110100011111110110101011010010101100111001111100000010101010110101010001110010111100000
110011001011111000101001011000110100111101011000010111001100011111110101101110010010111001101100
101111100110011101101000110111000111101001101001010101011000101100110010001101100011000110010001
110101000111001100100100101110011100001111101010001000001011010011010000110001110110010100101001
101000110000100011010101101111101111110100111000100000011101111000100001010001110111110001011010
000101111111101111000000111110010010110100111100111111001011101000001100011011010100110101111100
111100111001110010111001010101000000010111000001111101100101010011110101000101101001101010010001
001101011011001110110111000010111001101111111000010000010011111100110111100100110101001011000000
010010010000100110111001111101011000001011110101000100011100100101101111000110100100010011010101
101101101111001001111101001100111000000110001011001110011100011111110001001010100111001110101110
111011101001110011111110100110001110101110000101000000111000101000000010100010001111011100000001
111110111111100100110011010001101000111110010101101110010101010100010011100110001101110000001110
010111010010010001000101001001001000101110011010011010111000111111101000000001111111100010110110
110110001110110011000000010101100110000100001000001011001011001000110111010100111011010111111100
101111000001001111101100101110011010011101100000011011100110110001000111010101101100011010011010
110101000010100011001001000001011101011001010011100101011011101010010001111110000111010100100011
000000100010000010000011010100100100110001011010111111110000110100011100110111100100000111111111
010001001110000100000011110001010001100101011100000000010101001001111111001001111010111100111010
110000001010010000011000000111011000011010100100001011000100101011101111011001010001010010111101
110110010001000101001010000111100100010001010001110110100111011001100000001011111110100011010110
110110010111011101011010000101001011101001101000100000001010110001110001001100100011100001011001
100000111011110011111010010010010100111000100000110010101011010000111000111100001001101100010101
111111000110000110110110010111111000001110000101110110010101011111011101101000100111111000011100
101110010101110100000111100110010101100010010101011101100001101011101101100000101011000001010000
000100101011100010010001110010011110001111010001110101110001110111111001001101011010100110000001
011001110000110000110010011110010110000101001110101000111010100111111010001111001010111010111001
001111000011010111101011110101111111111010101110100111110010100001000011010000010110111110010010
101011110100010000100101100001101111101010101100011011010101001000011110010101000011011100101110
111000100010010010000001101111101100111101010110101101011110000010011001110100011010010011000011
111110010001000111100011000101010111110000011100100110111010000001101000100101111000111101100111
011011101010000000000000100000010011111001100000100100010100001110011100000100000101101011101100
000000011100100001001101110011010100000001100011110000100110110110001011010011100011010011111100
010110011010110010001000010110000000000001110111111001010101110001000110010100011100000001000101
111010110111000100111101110011000010001101111110111111101100101111101000110101111101100101010000
110111100010011101111110101101100000100111100100111101010010011000001111010000010110110101010111
100100011010000100110111101101011101100001110101011001011000001111011000101101000101111011010000
101010011110000000000011101011111100110110110010100100100110101001001001110100110110001001101111
100011101100001100011101010111101001001110010110011000010010000111011000110000001011101111110000
011111111110001110000000001111011110011001101100010001001001110010100001110101111110000111000111
101001100011101100011011111001010101011010011011000111001011011011100010010001100011100000001101
001101011101011001000001001101111011101101000001101001011110100001111011100100010011001100001001
000101011001101100101100111110100111011110011011011001100100011111110001101111011001000111001010
100011010101010111101010011111000111001110001010110010001011010001110110010110111111011100100000
101001011101101011100110001011101001111000111101010011010111110111100110100100000100011111010000
110100111000111010011001000010111000100101101000111011001110110000110100000110010110011001001110
111000100000000101001000110110110001101001111111111001010001010110001110001001100010100111011000
110101101100001001101111100101100001101111011001100001101010100100011100110000101000110011011111
000001000111110001111010111110100110010010101010101100000111010100100010000100111110110110000011
011111000001001011011001000100001100001110011101101101100111000010000011110000011010011000000101
011110100110010011011110001010110011011110011010010111001000011000111111001111100011100101110000
101011101011110010001101000010000101100010000001110101101010010110001100011011000000001000011100
100111111010100010110111101001111001010010010000010111010011110000111001010110010011001100011111
110010100011000011010110111011111000100111000100000101001001111111100011011110111100101000011111
101011000111000111000110100101110101010010001111010100101110011000011001000010111011001001011001
011000111001010111010101011101011110110101000011011101110001111000110110001100011100101101011011
000101010110001001000000111011000000110011100110111010001011000111010100001111010000100110100011
000000001110001101111010100101011010001011111010111000011100100100011100001000100100010000101001
001111011110010010000110001101011100011000001000000001110111011001000000100101010111110110100100
111101100100010101111100000011111010100001001001000010011010110110001100111011010001001010110001
100101001000111110111000011110111010001000011011011110010010010001111000011111111111111011110011
110011011111011110111011000010101101101010110000001101001100110101110110111000001110100100010100
100110010000011001101101110111100101011100000010010011111110110001010101010100111001111100100011
001000000111010000111111100000001001000100011001010011000100000000111111000111011000111100001110
101001010000001001010000110101000101000001110111001100011001010111101110101000001000111011110000
010111000111000000001000110110101110110101111111000000010110100000011001011111011110100001010111
011011100001111001110111011111000111011111110001110100000110000010010011000100111000011001001010
011000111001100111001100110111011101111011111010001000011010001011000110000101110101101000101110
010011000100101010011000010000110111100111010011001001010011011000100011110000001010011111000100
010010110101010111101010111100100011110001110101100111011111111000010111101000001001100100010010
110001011010000001010101110010100011011000111001010001001101100000111101001000110000010001101010
001111011111010110110110101011101110100000110001001010110000101101011110101101001101010010101101
101101001110011100111001010110100100100110010111000000111111001010111011010000001110110000000100
000111101010001011000001100001010010100110001100110100001001001101011111100101011110100010001011
100100100101110010101000001100011100100101010010011110100001010010110111111000000011101101010010
110110101001110010100000110100110001101100110000101010001000001001001101111000111111111001011001
110000111111011110111010110101110000001011101001010111101001000101000000000011101111101011100100
111101110110000110010111010011000110011110111001011011011100010001011011111010110110010000001101
000100101011101100000001101000111010000000000001100010110100011111101110101000101111110100101100
101101111011011001111011011001101011101001110111110010010011001111001000110101011110000110011111
110000010011011100101010110100100011000111000100000001000110111101001001000111000100000111110000
110010110111011110100001110000110011000010010110101110110001101001110000111010110011011101110000
011101001101010011000100001110110101010001010010000000011001001100000000110100100101111100010000
001001010011000101001100110101010101110111101010110101100100101100101111011100000110011001101100
011100010001001000101100001111101111101001011001100001111010011100001111010000100111011111111011
110001010011111110100011010010000000110000011000111101011011000001011101010111000000000001000110
110000110011100100011001000011011111011101111100111011001110011110001110100100001110111011000011
100101111110010111111000000000000100010100010101111110101011001100101011110100111111001010001001
001111011110000111011000110100100000011100110010111110101101001010101001010010110100100101100011
100111001101010111111010100000110000011110110100000100111000001111111101101011001111010011010010
000100011111000111111110110001000011100111001100000111011101011011010110111010000111101100100110
111101111111001010010001000101100110001101001010011101000000000100101011010001111001011000010111
010111000101000111010101000110010100010000000010110001110000000110011010010010110100011101111111
110001110101110010010000000111011110011111000110111101110011010111010101110100100000110110100111
011010001111001010111100011111000010001110101101111100010001001011001000000111110000110101100101
101101100001011110000010010100000100000110011110100010001110100010101000000011110100100100001101
110001101111100110011101001110000101000011111101000011000010111111010101111000000101110011011100
000100111000110010101101101011110111101100000101111010011111111110011111110110011100001001001010
011001010101011011101001101100110100111111110100010101110111011011001101000001111111110001100100
000100010100010110101010011000100011111010110000100111111010110101111000101001100101110111111010
111001001011110111111111101111100111111110010101001011110011000111011100100000101010000110100111
101110000000000000110010001011111110100100010101000100010101001011011101010010011101111101110001
000001110100000000000100101010011000100100111001010000011010010001010010010100101101001111110111
100001110010010000100011000000001101011001111011100110001010001110001010011110010011011001110111
011101011100100010011010111100101011101000001110100110000110110111111110001001010011111010011110
100001001011110110110011101011101111110110101101000100010010110001010100110010001000001011110010
011100110100101011110101001110010101111111000011001111101100011001000011000111010011001110001110
010100011000111111001110101000001100101010110100110101010010011100000001110101000110100100100100
100111110010011110110111000100010101000011101000001110100010001110111101000110001011101110111101
100010100000001001100001110011010100101010001110010001110001100110111100000001111100111100111100
100001011111001101011101011000011001001111100001101001011110110101111001010000101101110101101110
110111100000001000100011100110010011110011011011100001000011000011010011011001011101010101010110
010111111011101001111001110101111001100110010010111011001001011111001000011101001011100000101001
110101001111001111010100011110111000100001101111110011000011011001101001101000110000001000001011
011101111101001010010010001101110011010100111111000110011100111110000011110101100011010001011100
100100101100000011111111111001110001101011101001100010000100001001101110100101111100110110100111
010000111010010101111011011100111010000010011110001100100101001100100100010011010011010100011100
000101001010010100100010111101111110101010100010011001001111100110111010101100010110101111010000
011100101010000100011000100110000111011000010111000010100110111100110111110100111000011100100111
011010111101101111111011010011111110010110000110011011000010110101100110101000011010001100011011
000011100110111001000001110001000000001001110001011000011111101011010110100101011011010011111001
110000010001001100110000010100010100111111101011011000001111000001011100100001110010111010001110
100110111010101011111001010001110111110101010110010101000111111001001100111100110011101110000100
000110011010000000101110101110011000100111010110001101111111001000111110000010000111011111011011
000000010010100110110111111101100000100001110011111110010100000000100010001110100001000001000000
001111010001010100000000010111010100010011111101011111010000001001110101010111010000001010010001
010100010100110011011101011001010111010110100001111000001011001110000110011100111000000010011101
011101001111001011111100000010110110010110100010001111110111010001111110001001111000100000110101
001001101011011010110101011100010000000011011011010011100110111000101001010100011111111100000110
001111000011111110110001010001011110001011011111100010110111110101110010011110101011110000101110
001011010011100001001111010100111001000011001000000010101110101010110001000110100100110000101000
011011000100011010000000011110000011110100000010010111010001111101111100000111000011000100010110
001101110010110100011001010001100011010111010101110001101011101011111001011111111100000110000010
011000101011001001100101011001000101111110010100100100100000111010100011110010001110101101110100
011010110110010100000101110010100010111010011110001010000110100100111010110011000100111111010000
010111100100011101110011001101110000000010010100110011001010101000001111010001111000110101101000
101001001111100100101100111100010101110000100101010010111000010011000101001001011100000011001011
111011100110001001011110110000111000111010010011001011111110110001110100111111010011000101011000
101111010001010110000111110111011001000000001100111001000100111111010100101111011000011001101001
101111110001010101101011110100001110001010010110100111111001110010010110010011001111001111101101
111000101000011010000001000010011010111101101110000111000101011101101101110011111111101000111111
010011110001011110010011100010010101110111100101011001100111011001011111100001110111010101110100
101010001110011010010101100110001001011000101110101011111101001111011100101101111100111100001001
111010100011101101110110101010010100100000100110010001001100000000000010001101011010111011110001
011111000011101101111110001100010011000010011100110101100011011001111001101001100100101100111000
011100000001101010100110000110001010101010101101111100111000101110110001100010001000010101011100
001101001001110110001001000110000001000100110010110010001101111100000011101110100111000101111001
111000001010101111010110101001011000100011011001100001011001001110111010011010100011000000000000
100010000000000000001010000000100011001110110101000001101000001110001010111000111100010111001000
011100010010000011010110010010000110001111111011111000101111001110110011001111101000000010001111
010111001010111100110111111110001010010010101101101010111010000111010111011100011101110010010011
001110010101001100110100001001001010110010111001000011111011001111001110001010110001111011000111
111110010100010101101010111000101100010001100101101011001011011111101100101010010100111111101100
000011010111110100110011101100101100110011011011111101101000010011111000111110110010110010111000
100101100100011011101000110000101001001011001110011111111111000010110011011010101101111101101101
001001110101010011001000010111010001000110110101011111101100111011001100110101010111111101101010
010011011001100111001001000101111101100011101000000010110100111110000001001010101110110100111100
001010100001110110100010100111110101110111000110111111101011000101001101111001100110110011011101
110000001001000101111100100011101001011111110001101010101100100100101111110110000101010010011101
100101100100001010111001111100010010001111101010011010111010000110100011001110101000011111001101
010000000011001100101010111111001010000010011011000011011000001000110101010010110101011011001110
010001001101100100101111001100100101000011000010011000011001110001000111101011100100001001011001
001001010101100100100100110011001011111111010000011111101101011111000011110011000101001111011111
111101100000111001111101001101110001101111110001110111010010101000010111001110010100100000011110
111000101101011011111100001011101110110100100011011100010111011101111011110110001000101010100100
010111110001100111111100110010111011110010001010010001110010001101101011001100001101000000010010
001011010011001000011011001010000001100111101111110100101000110011110010011111111001001001111010
001110010100011110111011010011100000100000110010111101100000101111011010100110010010110101111100
010001000111000010011011101111111100001101000110000111000000111111100011000111000111000000100010
000010011011100001001110000001111011010001011110101011011000010011100111100010110000111110001100
111100011010010100001111101100100000111110100110111011001110000010000000010000011101110010110010
111100111100001101001011010011010011000011000001011111011111010000101000001101100000111011110001
110100110100101001011000110111110101011110011100000000011011000011100100101111110101011110101100
110110110011011010011100101110010100011100111000101000000100010010111111100101000111101101100001
011111001111110100011010000101011000101010110000001011110101111000111011111011100011001110001000
010010110110111100101101010011111111110001111111000000111000011110111101011101100010011101101011
111101011101000100011100001110100010001010010000101101000010101101100111000000000010111111111110
000101001001101000010100111101011101001100010010101110001000001111011110100001010011010101110111
011011011100101110010000010000100111010101101000110000001100101100111011100100110111001101111011
001111101101101100110110010100010001011001110101010101111001101101011000101101010101010011001101
010011011101110001001100010111101111000110110011100100110100110101101000010100111110000111000010
000010101001001110000100101010100001000001101100100000101110010011001100101000010000101101001011
110011101110100110001001111011110100011111111001000010010111101010100110110101000101010010000101
101101110000110001101101100110000100101001011000111110110100000001111100111111110111000101001101
011100010010001010010101110000001111100100110001110111000001000001111101000110000110001011111110
110100000010000001101110100010011001101110001110001111111111010101110010101011001111101011011101
110011110011011100101011111111011101101101100001001100100001001110111001110001000001001101000000
100001001111100000111110110110100111011010100111101000100111000010011110010010010010110111001100
111011100010010011111101011110000010101101111100000110110110100100011101001100010000000101000101
101110001001010001001010100101101001001001100100110001100001010110011010000011011010000000101101
111001001001110000000101110100001000000111100010001101010110010100001110111101001011100010000100
000110001001111101001011100001110110001101011011011010101000001001011001111101001101011111101110
011001001110101001110000111010010101100100011111001000100101110101001001100001000101000001110111
100111110000101100010100100100001110111110110010001000010001001111100010100010001001110111011100
100010100011000000010000001011111101101111110111011101011101000110010001100101110010000101001010
101001011110010111000111010010100011110000011100000100001001011100100010000110100000000111100000
111010101011001011101110001110101001101100010101011001010001010111101110100101000010010111110011
100100100010011001100100100110101101100101001001110010110011010010011111101100100101001110101100
100110011011110011000100100000100110000100010111111110101100001100110101011010010101011101010010
101011111000000101011100001110000111000010100011111100001001011000000101010100001100011101100110
011100101100000101100101011110001000010010101110110100000000000011101110110100011010101111101110
101001111001100001011010100111111001000111000111101110111011100000100011010100110111101101111111
101110011111110100101010101101011101000011100110100111111111110111011000111100010011101100110011
111111001110010110101010001111111000111011011000110110000111000010101110010000001010011001110010
001110000000110011101000101000010110011010100101011111010100011010110110100000000011101010001001
011111011001100001010100111100100001001011111111000110000010101101001100111100001010001001001111
111011011000010110011110011000001111001001000100100101101101111100101100111000000111000101110001
100011011110011011110111010110011011000000001000100010001100000000100001000011001101111010001011
010110101101010000011100100101110011100001111101011100111110100101011111000111110110100111100100
101100000101101011111111111110110111101010100010011101111101100011000110111000001100000100000001
001001100101001111011000010001010010101100010100110001010101011010110100101100100010000100001111
110100111001110110100001111111110101110111110000110110101111100001011010100011001001100101011001
011011001010011010110111011010011010111000101011010111011010010011101000101001110011000100010000
100001101110000110011111110010010010100001010001111010110011000101100110111100101011111010001010
010001100100001001111011110011000100011100000001110111011000110100111000001001101111000100101011
110101011000001111001111101010000011000100000111001011111101101011100001011100000011000011000000
101101001101011000011001010011100010100111101010111010000111001111000101000100110000110000101011
010101110100101101111000100001100111111000110010011110010001101010010000011110101001010111101101
011100000001001000111100010000000000111100111011101011100111111101000000101001111111111001010001
001110001010111101101000010001010111110011010111001001101000001100110001100111110101011110100110
001001111011000111111000011111101010000101001000100010010101010110101110100001110100100100001110
101100111110010000010110010011001000011111000101001110010100001111010011110111001000001011110100
101101101010110110000111011001110101100110100011100010001000000100000010100100011110001001001011
010111101101011100110101101011101111000010111001100100000111110001010111011101100100001101011111
000011001111101000110000100110110000100110010100101011010100110000010011011101111001101110100010
101101000111101001011000010011111110001101110110111101011100100101101000001111111110100101011011
111110100110000100111101001000001101011111001111101010111110011010000110001100000010001100101010
001111100111001100011010100001001110111100000111110100000011001011110100010111111010011100000110
011001001010101010101001101111101100110011000000110100100010010000101101001001011100100000010011
100011111011001010011110010101011010010111101000111001100000001110000010100100100001001011100111
001100110010001001000110111101011001110111011010000101101101011010000101111011011001111110001011
010001111001101110011111100101100111101101111001101000101001100110000100101010110000001011110001
111100001010101100000110100000000111011100110111111001011011110101010000001011101101000000100101
100111000101111111011101100011000100111101110110100000110011000111011010011111101001001111100110
000000100110011111010000101101010011010010000111100000010001011011100011110010001111011100100100
110011000111100011100101000111100000100110000000011110100001010011000100011010101100111111100111
010101110101110101011101000100011110100001011001110011001110011010100111000100111000100101001110
011000011100110001010101111010011000001101110111110011100110011010101101001001110110011000010101
011001101110100111000100001010101100001001101001001000110011010000110111110110110111110100000000
111001000010110110000000100010101010100011011100011001010101100010001110011101001100011011010011
101111111110100000111001101111001010001100011111000110000111011000000101010110011100111001011000
000111111010101010111011010011011010110111000001101100001100010111110111011110011011101010010001
010011001001101110000111011000100001100010111101011010100111110001010100010011010000000011101001
011100000100101001000001010101000001000100110101101011000010110001101110100010011110111100001110
011010100011100101101010001011110100100011110000111111100010100111110010101010011011101111101010
001011011011001100101011011101111000100011000101011001010010011011010011101101101101001001000000
010101110100000111101111101010011110100110110110100001010010100101111110000000110000111111100001
011101101110011001011010000010010100110110000111011110010011011001100000010000010000000110111011
111001011010011001111001100011111010110010010011001011001111110101010010111010110000010110000000
011011110011101100001000011101101000000001010111101110100011111101101000010110001000111110000111
000100101000001111111100101010010010111011100001100001110001010000000000011101101110110100111010
111110111000100001111110010100010110111011110001101111000101100011110010000010000110011101111110
011001100011101111111011001110110100111100101011001001100100110010110100100000010000111101100100
010000101101010000011100000011011010010010111100011011001010101100110101110101010000111011101100
111010000110111000000100001101000000010110011011011110000000001011111010011101010011011110001100
100101011011010000001100110000010010111111101000011100011001111001111010010011001000001101100100
100100111001110110011001101001000111010101101111111100000110001111101010001110010010101110001011
111000100100111001100011011010011001001001011010111100101010111011011100010100011000101000000111
010111111001011100001111000000100010111101000100101011001001010010000011111000110010101010111010
101011001100111110010111101101110000011001000011110011010110111110000111101111001011111101100101
000000100110110100100011011011100011011001010100010100011011010101000010101101100001011010011111
010101100011111010100010101010001110111010000000011001100110000000101001000111001001000100111111
110111111101001011000101100000100011001011000111010011100011010101100101001101001000010111000110
001011001110111011010111111011001100001000111110111110001110011011100100100000110100101010011000
000011011001010010011000011000010001011000001100111001001100110001011101110000010000011011110111
100000001011010101000001110100011101000111011101000011001001011001001001000111101011010001110111
011100101000100010001000000011110011001000010100001000011111010000111000011111011010011000011010
010101101111111111111000011011010110000101000011001011010110111100011001111011000111110111010010
111110110101101101111100111101000010000011010001101000111000011111001010110110010101000010101010
001011100101011101111011111111110010010010111000100011000011111100101110101110011111101111101110
011101110110000100001101010000000001000101000001010101010101001110111111111010000010100011111000
001100001110101101101010001000001100000111011011111100000110110100110011010110010000010000100110
001110111000010111100001100001000100000100011110101110001100001010011011110101000010110010110011
111001000000000110000011011101000101000010011010000111111111000110000000010000000100010100100000
101011110010100010100111011001000000101011111000000010101010111000010101011011000011011011101010
110110110111010011010011101111100001111110101111111100011111110010101111001001010110000110101110
001000011110011101001101101000001001111011001010100010001000011000100101111010101100110001001100
011111100110100000011001111110001101111101011001001110010011101110011001110001111011110110001101
000010101101100001010011110010110010011001010111111100011111011001101111010101101100111110000111
000100111100011101100001000011010110110001001111111110010000110001010110010100101011101011011111
011101101000011010011001100000101011101110101001000101001011101101101001110000001111101111001100
110010011011010011111100010101111000000001101111100011010011001110110111010101101011111001000111
101001111001001001001101011110100111010010101111111100011010111100000111101110110101010100011001
000111001011011101001000010000111110111010010000001100111011100110011010111000001110010100001010
100110010110010110110001101000101111000010011001001011010001110100101101000111100110101000111110
110001001011101001000111101110000111000010101000101100011110001001110000000011111110100010001100
101001100100111001100111011100001111001101000100101101110011011000010011010000110001110110111010
010110101000011010010000111100111110000101001010000100111110111110110101100101010110110111010001
010011010010010101100110111010010001000011010110100011100001100010011111100000001111101110011011
000011000111111010001110000111000110110101111101010110011001110101110011101111010001101011100001
100111110001001000010101011110010011001001011001001111011010010111001100010110101111011111100000
000001011101011001101000000100011010111100001001111011110010101110011100110111011010101001000101
100001010111111111110001110010110011101000001101110001110011100001100000000000011101011001100100
011011001110101111110000011111111111000011011110000001010111110101001110111100100010010110110010
110011110111111110111100101011001010000101001111000000011011100101010111001011010000100011101000
000011010011010111110111101001000100101100011100100110011000111011100100111100111110110101000001
101001011010001110011010100001011110100110110000010111111011011111111001011000101000101101001000
010011100100000101100001001101111101010111011110011100111111100001110101101010001101001011101001
111010001111110001110111100111000101111011001000010000100111110100110011110111111000101001100011
100100010101000110001100011000110100101011111101101110101000100011001001111000101001101101100000
000011111100011111110010000110101111111110011010000010100010010110110100100101011011101011000101
011110110001101000111100011100100001101100111010001101110110000100100100000101000010000001011101
101001000011000000011001100011101111100111010110001100111100000001010101100011011111101001101001
101001011000000111100000010000110111010011110111111000000001001101011100000001011111000001101111
110000100100010010110011000100000011100100010111000100001000101011011110000101100000111001110110
000000100100101000011011010010111100111001110101111001100001111100100001100101011000010000100010
001010100001101111011000111000110011100010000101110000101010111001100100010111101100000011011110
000101110000000000111001000110100101000010010000000101110101101111011100001000001011000011000111
011111011010000100001000001111110011010001100000000011101111111110110001110101000011100010001010
000011111111111111100000010100101101011011110100011101001010101101011100100110101101110011110111
111011010110100001001010000110010101101101100010000001001000111101010110011010010100010011010111
110010000100101101011100101100111010100101001111001000000011010001010110110110101111011111100111
111101110100010110010011111010110110011100100001100100101010010010101111100001011001010000100110
101100000111111001001010100011110101011100110010001100101111001110001011001101111000111010011110
000110111100011101111100100000001001011110110001111000001110011000010000110000001101100000001101
110010110010001100001000111100000100010110111101010011100001111101010110101011001010010101110000
001010010100001000010011110110110110110010110111111101110111110100110011101011001010101001100011
101011110101101101010000101010010111100111001010111001100011010100000110111001110101111110010111
101011011010100011011011100111100010010000100100011111100100001000010101001011111000000100000011
010110101010110101011111000010010100110000010011010110010011001010111000011111000111010010111010
100111101101010010110010111010101001001001000110010011011001001000111010101110111100111100101111
101100001001100111000101111000101001111110011111100001110011011100001101000011011010011101101100
101001101000100101001001000100100110001011001011001110001111100010000011100011111111011101010011
101101101111100101011101010111110111100111000010111111101010100011001101011000101001110010101111
010111111011101001101110001100111001110000001101101010111011000011111101110111110101001101001000
001000010101110111110000110100111001001101111010001011001010000011110011101001001011011101110010
000100011001000100000001101111111101001101001100000111101111010110110010000100111101000011101011
010011111011000110010010000110110100110101000011101001111011111110011101100100110100011100011101
101111100000101011000010100101000111011111001011001010000011010001101100100110011001100011111111
000000100001100101100011011001111110110001101110101111011011010001110000001010000101110011101101
100111010011100101011111010001100000111000011111000110001001101111001100111001100100111111010101
001101100111101111101101001100001000100110111101011011100011000111000100000101110101010100110001
101100110011010011001001101111010110001001010010111011010110001101000001010111110110001101001001
010100000101101010111100111101010011010111110111001000001010010100100000110010100011001100111011
111000010011111010010011000100100010010100000110111110100110110111011000001010111100001111001010
111001001000000101011011100110110010110101011001111010001111111010111100100110100100000100101011
100001001010101000101001110010101111100010010110000110000100110110110101000110111111011000011011
010010101100110110110111111000011110101010100000010001001110111101001111110011001011011101000001
000000101000100101111100010011001000110100001011011000110100100100010010011010100000101110111000
001100011000010001010001001000010001001011011001011001111010100011101101010001100110100011010010
001100011100011110001010001010011101011011000010000110010000001100011011100111011101011001111010
001110100100110000011101011011100011100100100111101110000001110011100001000100101110101111111111
101011101001111000101010011111100111010101001110001110000001101100000111101010010101011110100101
011111010000010001101011001011100100010100101110111111000001110110101000000000111101000111100000
100010100010100010001010111000100011000100011001010111101110011011101001011000110111100001100110
000001111011010100000010100101000010011011111101101100111110101000011101000001010001000001100001
101000000011010110001000111000101010100100100011001110001001011001110101101110101001110100111100
010001101111010100000000101110010010101100100100000000011111010111111010110000011010011000010111
111010100011111110001110010110101110111101000010010101000100101001100101001000001110010000110010
101011111001011000010001100111010000011111001000101000101011100101100111100111110001111011111110
010011011110011111000010001010001101011000111101001110100111010011111111011010110110000010110100
001100101000010000011010010001110000110100010001000111011001000011100100001010011000011111110101
111100001011001110100010000000101010110110011001101011001001001000010000110100110010111101000011
000111100001110001010000100110110001101001100111010111101010111010110011110001100101011010001111
000110011111000110101101010100000011110011010001001001111100000111110000111000101011110011001010
011000110001000101001101000000101011110101100010001000100000110000100110110010010001000101111001
001001110010000010001110111110111001100000100011010001111001111111110011100001110100111110000001
100011001001010001100001101111010111000110101010101111111110011111001101101111110101111110111010
011000111001000101101010101111010010010011111101101011100000100110000010010110001100110110100101
000000111111001111110111010001010101101101000101010111100110110001000101011000000100100001110001
000111111100010000011011100000001000100011001010111001001101001110001000101111011100011110100000
001000010010111111101010000001100100110010000111111110101101011101101000111110111010111110011111
111001011000011100001111010101010010010100100100110000010010000010110101001000101001110111111000
100001110000000111001010111110100010000000101111010010100110100000111100111100100000101101101010
000101110100111001000000001000000010100000101001110011011011110010110011010010111011000000000010
011111010010001111011111101000010000111100100001000110100000011110001110001111010110100010010111
101111001110011010011000000110001110011101010011101111101011010000111011001100111111100011001101
010100100000011000001111101101010100010000010110100110110010100011010101010000011111100001110110
101110011111001111110101011000001110111110111011011000000111010010110101010010101101011001001011
001010111110010010000010101011111110100001110010101101100000100111100001101010001101010111010000
011110011110010001000010111011000100100011110010000101011110100110101101101101000101000100001100
101111011111011110000110100101100100010110001110001011110011110010100011011011100011010011110101
100100011101001010100011111011010011111110001011100111010110111011110100100001001010111101100000
010110011010010110110101010000100111010000011101100111001000010111110100001100100001000111000111
111111100011111000011010110111000111011111010010101000011101011000010001111101010011101000101111
111010000101011110111110101010011000011010110110011100010011010100101011111010011100100010011011
101100100111010111001001101110001110001010010111010001110010101010110110100100110101111010101101
000111011110001011111111100101001011111001111001111110001111010000101010010011110101001000100011
110011101000011001001000111000110110000100010010010000011011001101100001110111111110011110010110
101101001111000011011010011111101010111000110111101010101000010011101100001100011100100100010100
100011011111111011000101001010100100011100001110011010011011001010101101010011110110001010010101
010000111101011111101100010100000010101010000110100011101001010001111000001010010001110010010111
010110100110010001010111100101111111010111001101010110011110011111111000100101100101101110001000
001011011111001101000101010010100111000010111110000111111011110100111101110001100100101101101111
010101010111100010101000001000111110001100001111011110000011000110111010001001011111011010110110
100101001110000111010011011100010011001000011101000011010001000101001001011001101110001011100011
111010101100001111100010010011001010101111001000101000101000010110001001000010011011110011100011
111100001001111001101111000111101100110011001110010111000000110110110011101100000000111001010010
000010010111101011100111101011100001011010011110010111111001011111000111111110001100010000001010
001100010101100010001011010011010111001110011000001010100010111101100110000110110101010100101111
011000010100001010010011011111101101010000011101010111001111110100011101111001000001100001110001
111001110110000110111111100010101101101101101101010001110100000101011010111110000111100110111001
001011100111110100001000010000101101010100001011111010000101011111101000011100001011010001100101
011010000110100101100000011001100100111101111000100110101001000011110110100111100011001100100001
010110010101101011100000100101111001010011111110010111101110001110010010000001011010110110001100
011001100000001101001001001001101100101110110000001110010110111101101010011010110100010101110100
011011100010001010101001001000000100111111010000010000111110010000111000001001100101111100001010
011011000110100011101001111010110000001001100001001000000001011100010110001001100010110100100010
011110101001001110100010011010011011101001010100101001011010110110100110100111011100011111000111
101000100011001111110001100100110010001110110110101101010001101011101100000001110101110010111011
011010111111001001010100010111110010111111011010111000000110110100111110101110011000000100010100
100100001100001101000101110001100101010001001111100011001111111011011010001110101011011001111100
000001111001000111001110000100001111000010011100001001000001010001000000010111110110101010110010
111011100101001001101100001001011101000100000010011100100011000100111100001001101001100101011011
110100101100110100000111001000010011111101101100101010101111000101110100100000101111010101000000
100010000110101100010001100001011111100000100101110000001100111011101010010001000110100110000000
011111110100011101110010001101101100001110011110100011110000100010110000010100010100000000011101
100101111000000101000011100011001000100000011010010101100011000111010100101100100010010111010000
011100010111111101001101101101110000000000001001111100011100010000011010101001010101001100110110
010011001001111110001110011111100111000101000110100000101110101000010000000001101110100010011011
100111010000011101001001101111100010001000100100010011101110110111100000101100011101001101011111
110101010001100101100010011010011011011010101011010011010001111101100100100001000011000000001000
000010100110100000000101100011001111001011111101101101001001100101101000001100011111011110101111
100101001101100001000001011111000101010100010011100000010111101010110111111110010011111110000001
000110110111100101001011101100101011011010100101101001100100100110110011110010101100011100100111
010110011000001001101100001011110000001011101100100111100111110110110011100110010001001001101100
011000001100000101011110110100000000011110101111001111110010001010010001010110100001110010110001
111110101100111011001011010000011101000011010000011001001011010100011010010011011000110100000000
010010101010111111110010100001000011011011110001001101101100011000100100011000100111011010001110
111110101100000111110011000001110010011111010011110001110001011111010100101000011011000000111100
101111010001111110101101001011001000010100000011101101010101001111011010110100110101001110000100
111100000111000010101000010000001101001010011011001100011010111011000111100110001001111110011000
100010010000010010101111000101011110111100110001000001101000001001101100000110100000101001000011
010000100110010110111110100000110011111000111111001111000000000100000111100001100100101000111101
010011010010000000010001110001001110111000100001010001000011000100001000100000110010000100101001
111111100001100101100000100000101111010000011010011101110110110011001111101000000010011101110111
110110001010100110111011001011100100101001110101010100110101111101111001111010011000011011101101
110000110110100001000111101001010010100010111100010011011011110110001011110001000011000010101100
101111011100000010000010011000101111010111101001111101101011100111101000011001010111111110101101
110111011011011110111001101111100110101000011010001111111111001101010000100101001011100110111111
100111001110000101111101110100010011110010110101010001100010010001101110010100001011011101100101
101010111110011011011111011011001101011010100001110001100011000100110110010101010011010110010011
101001111101101001011111000100101000110001101111011000110110000110100100001111000100000011001110
000101110101111000000000110011010111001100011010011111110111010000111111111101100000001011001001
101100001101101110101010111110010100110101010001010101011111101010011110101100000110001001001001
100000010010000101101000111111101110001100101000100000101100011001110110000000110001001000011010
110001011001101100000100111111011111110100010001010010101010001100000000010101110011110001011111
111010011010011111001110010001001000101111110000000100100000010010010111001000111101001000000000
111100001011010011000011101011111000110001100010010001110010011001101110110010010111000111101001
010001111001101000001110100111110000111101111001010011101010000110001100011011001000001000110101
110000111111101010010001011111101001111010011000110110000011011000011111001100001111110101001110
101000111101101110110110111000011100010101100100111001101100100101100001011001011101101010101101
111011110001101001000010000011100111000111010100101010000110111011100110101111101000110000010010
010101010100001100000100111000111101000101110110001001011000001010011000101010111100101011000000
101101111111110010011010010100111110001111011101000010000111101100001101110111000010010001000011
001111111001111000000111000011110111100000101100111100111000110101110101011010010010011101011011
011000011110001010100110110100100110100000001101001000110000010001011000010010011111000101101011
110011010110001110010100010101000110011101000111011011101110100011101011010100001001101100111001
101000111100110000001100111011000001001010111010010000001101010111111001101100110001110011110001
010100011001100101000111100110110001111101100100111001010110001101001111001110111111011010101000
101100001101011000010111110101101010111010110110011101010001000101000110111100001000010000011001
101000100011001101011010001000111000110010000010110001111011101001001110100010000000000111010011
111010000010111000001111000111111100111001000110100001100001010101001100000100011100001001001111
111111111110101010101101110010011101110100011100101011001001111000001110101110100110111100101101
101010011011011010110010100110011011010000011001101001101111100110111001010101111011111101100001
001110011010100110001011100000001101100001000100000010101000110111101111001110110011010110111010
000000100110010001111110101010100001001001001001101111010010111101000001010100010100001100000011
001110101101101001110010101110101010100101011010111001111001000100001001010000011011001000010001
011011011100000011111110011010111000100100001110111101110000111100100100111110010011000110110100
010000110011001001110110100111111000100000000110010110000011011111100111010011101010001101110110
111001100001011111111011000111011110111101110100110010011111110101010000011011111001110111001101
001101011000100100011010010111011010001111110000000111111101001100010100100010001111101111000001
001110111011101011101001010110001001110110110110000001100110110010110110100011100010010000011110
101100100111010110011111011010110000011011101001110101101101101101100101011010010111111110111110
110101110000100101110100100101010101111001111100100011111011011101110110001001111001111010111110
111100111011011101011011111000010101101100001011110100111000001111000101111010010010001011001100
010000101111111001010111110101100101001100111001100101001000010110011000100101010110000001010000
101101010110100101000111100111011001010111010001011111110010100000111110111011010001110100110001
000010110101000101101101000001001000110110010110100111000101111101101000110000110011101100001001
110100111101010101010000011011100100101111100011010100001011111000000011111000010110111000100110
010111101100100100000111101100001100001101001110110010010000010001011010001001001100110100110101
001101000110110010000110101011000011111000101010001110110101110011010100100110011001111111111001
010010011000010100100001111000011010100011010011101101010100101110011010111010100101101110001000
011001001000110110010001111100111000101011101100000100000110000111100100010101111000001010100010
011000101001111110101111001110010000010101010001010111111001110101100111001101000000101111111010
100011101001011110101010110110101000111010100000011110101011001010000010111011000100000110000110
010111100100110101001011100010101001111101100010101101000111010001010010000110110100100000110010
100000101001111011011110110001101011101100011010001110001000111100001011011010110000111001010011
010000010101001110100010001001101011000000001010101010111011001101001010111001101001000001110011
011111001100110000001011100001110111101110110000010000000101001101000100100010000000100011010100
000001010110100000100111001101100110101000011011011011111101100110001111011010111110100000010101
010001011100100111001001100100110111011010010101111111111110100010001000101100010100011110011110
111101011011110111110001110101000100001000011010011111100001101100010101000100110000101101011010
111100111001101010111010000111100001011000100011000111000010110000101010110011011001100111011111
001111011011001011011110000000000010111100100000110110011110000101111010100100100100101010011110
001001100100001010110101101110101001111100010111000101011101110000110111110011101011100100101111
001001101100011101101000010110000100111011101011100111000110101010101001000100100110001111111001
011110000000111011001001100001110111000001101010100101010000100101001001100110000101011001111010
000101001110001110000000010111111110111001100111000011111011100000101101101000110101001101111000
000101011010101100100110000001110001101000011011100010111110011110111011111101001001110101000010
001110110101011110010100011010110101101100000001100111011010110111001011011000111101001001001100
001011001010000111100000011011011110101011011001001001011011010110010110001101011000011010110000
000111010001110011110100101010111010010010011111111100000100010001101010010010000100000111111101
001010000111101000010100010011110000000110101101011001111000011001001011010010110001010110100110
110011001110001000110010000100101100011110101011010110010011100110110001000011011110100100001110
010110111011101010111101011101100101001111110010110000101001111001101000110010011111011101001111
010101100001000111110000001111101100111000111101101001001101100101010111011001101110000100101101
001111010111110011110111001101001101111111001100000101110100000101001111110111111100100011101101
000011011100010001111100110101000101111100111001000101010010101011011101110000111110111011010111
001111110001010100110101111110101100110101101110000011100011111011101011110000110011100100000001
110111001000101110010101000000010010010101101100011110010111110001100101001101110100000000000010
110110001011011011100000101001001101010001100001110101010010001010110101110001100110011110100000
001001100011100101111011010011000111110101001010011001011010100111111001000011101001000000010111
110100110111010010011101111011110101010010011000110011001100110010101000000001111001010100011110
100111011001100010010111111111010011011001011111000000010100000111111110110000001111011001110000
010111010111010110110100101011111110111111001100101011011100101101111001100100101110101011101001
100101001010101111001010011101010100100011101000011000110110101100010010001000001001001010000001
011000011110000000010111111100001001111111111101111111000111011001110011111010000111011000011000
010011100110101001101000101001110000010000001000011010001001111001111110000010110110111110011000
011011111100011111101110000001010111110001101111111001101111010111100010101000101101001110100000
010110100001010100001111111110000111001100011010010100001111010001110100110011001001011110001100
101011100001001010100000010111001111001011011110001111010100110000100101001010111000011100011110
000101110111000101011110100010110111100111100100010010110010000010111101100101111100100000000001
011111011100010101101111111000001110011110001100011010011001111000101000111011001100011100110100
001110010110101010100101110111100101011111000000101010010010100001110010110111011010001011000100
111111101111110010100100011101000101001011011001110100011101110101011110111110001011100000011011
000010110011111001010001111000001011111011100101001001110110110000100001000100010001101001111111
001111010110000111111000010111100100111100100001000010010001110000111010110101111000001011111000
111101111110001101111101101110000011110010001111111011001011100100000010110110010011011011111101
111001110010011111111001010011100010010010000011100001000000110011100101110001010010100010001001
000011110110000101101011010111000100000001000001100010100110110000110000010110111010001011101000
110000111000110100010001010110111101100001100010110101100110110011111111111010111101001110011100
010011011101011110111000011010110011110110001000000100100101010000100111001110000010101011011110
011101110000101011110011001000010000010001011101111010100001000110100000001010100111011110000000
101111100111011001011011101011100000100010110100100000011100011101101110010000010110111010001001
001111001110000011110111000101101000111111011111111111100011000001000010000100111010001110001100
111101000111001100100111000111001010000111001000111101011111101001010110101111111100110101110110
100101010011100010011110000111010111010001011101100011100010110111001101011010110011011000111111
000100011000000101011011101101100000011101100001100110001110010000010011001001111110010000110110
010000011010101011010110111111011110000111000000101000001111110011100010101100101100111101110011
010000011000011000001001110000101011011101110001000100100000110001011100010101110010001001011010
000111000000000100100101100111010001110000100011110101111100101011110001100010010101000001011001
111111000000000110011111101101100011111010000010101000011101000000001001101000001010010010100001
101001001100000101000011010000111110110011110001101001011110111110101100010110110110101100010111
100011110110100100100110001000011010001000010011111111001010011001000110000010100100001001111100
