010011111000001100011100011000100111101100010100011011101001010011011001111111011100101100101110
011111001100000011011111110111010101110010001101010101101111010010010010100100111010101010011100
100110001000011001110100011010111001100101111110100000101011111001101000111110100001001000111110
110000100110000111000110010011110111110101000101001010001110111110011011001010110101111000010000
011111001000010001001111010100010000010011101100001010010000010111001101100110111100100111010010
110011011111000000100011000111000111111111100011001010111111001000011110100110111101011001100110
110110010100100111110100011000011011011011100110001000011000111010100110101101000000001111100000
000101011111100001110000010000001001010111100111000001110101101111010100000111101001000001011010
110110000001100011101001111010110010010010110001110011100101101110011010111111101000110000110011
011001000101111001011111111110011001000110010110000010110010100110101000101110100011010100111101
000010011011101010000000100000101101011110001001011001101010011000110100001100111010101001000111
111111110001011110001000001111100100110001101100010100011100110100000011000010110111110000011110
110100010110010100110000000111100010110000110110101010101011011000100001001001111111000010110000
001101011000100110101010100000101110100001111000000010101001101000000111010011101001101001001101
110011110111100000011110010110100000001111101000000011000111001000100010011000010110011111100111
010111010111111011100000110010111011110011111010011001001111101001000010000101011110111110100100
001100011100011001000110101101110110001011011100111110100011110111001111110000011111001000011010
000100001101110001001000010110000111000011011001110101111001101100111010101011001110100010110111
101001111111001111000001010101101110101111011011001101010010011010101010010010010001111000000101
100001000110101111111100110010111001011100010100111000101111101011101001010000011101001011110001
011100000110001011101010001001101110101010110100101001111001110100100100000010110100111100111001
111111100011110101100100111111001111010000111011111011100001100001010010100011101101101101000111
100110000001000110111100011110000101100110010100000100111100111101000110011101111101101011011001
101001011000010011101111001011101110010000110000001011011010100000110011101010010101111111010001
001100000111100001001001011100011110110101100101110111111010101110011001001110110100100100001010
100011101111100110011101011011111011010110111101001110110011100101010100111111010010111100101101
000000111110010101000000011000001100111010010110101110110010100010111100000110001110010001110101
100111111110111010001110010000101001111100110011000011011001001011111110110011011011100000100110
100101110010011001100010111110000110001000010101011010101001011001110011010010101110001010010101
011101000111101110111010000001000101011110101000100100101111101010010000100001000011101011101010
111001010010100110100011100010110100110001000010001001010111011001111011001000100101000110101111
100011011010001011000110100100010010011000100100011110010100110010000101010011001010111101011111
111000110110011101011110001001110001100100010000010111011010110101111110110000111011010010110001
011110110010001011010010000111101111001010000100001111001110111100101111100110010110000110100101
110011011111100000010101101110000101011001101101010000010110011010000101101100000100000011110101
101011110000001100001000100000001101001001111000100100111101001110010011000010000101100011010000
100001000001010101010001111010111110101101110110010000110110000111101110100011010100010000001100
001011000110010001011011100110011010100101000110101110111010110101110100101111100111111010100010
110110101000011101011100101010011101010101111001100100101110101011110110111000010100000100010000
110000010101000110110100010001100000001011000110010101111010110101000101110011010101101011101100
010110000111010011010100101110010001000100101010000101001011001010000101111110001001110110011111
111110100110100100100000100001001010001010101001101110101110111101110000000110100101111101100000
000001001000001011001001100111000000000011101000110010101110101111001101001100100000101010110011
101001101100010101111111110100101011111100000010100100101101001110100001001001101110000111011111
111010101011111110100111101001101110000100100101101011011001111100110111100010010111100000101100
001101101111101100111101110101011101010111101001000111001101101111110111110001111001101110111000
110110001111100001011101010101011111001100101010111011101100001100110111000001000011100010001010
010110111110010000010000001011010111001010010000001000010010010101010010110010010000010010111000
100011010100000101010001011100000110010001100110001100101011010100100101010000011000110000101110
101100110001011101011000101110000110011001101110101100100010111110000010000100110011111101110101
101011110111101110001101000000000100110111100111110000001001000101000111100011110000100111010111
111100100111101110100011100011100101111100110110101111011011000000010001111101100000011111100010
110000101011010011110111110101000001011000101011110111010101101110111110110001111110100010111011
010100011110111101010100010111111101001001110001011101001000110010110010111011111010000111101011
110100000011101010111100111100111000000100011001001111000110111110001000101000111000000100011100
011100011100101001100110100001100001110110110001011101111101111011101111001101010000100010111000
101110000010101011101010011111100110011001000001010110010000111000101000110101110001011101100110
011110100110100010110010001111001000100001000000010100001010111111111011101001000101000101001000
011101110000010111010000011110000100110111001001111101101100001001011001110101111001110111100111
011101011000111101001110101111010110011110011100100011100011110100001110010011111100111010011111
000010110101010111010101101011110000111000111100101110111100100000011111011110100101100100010001
110111010101100101000101101001000110111001101100000100000100011011011011110101101111000111100101
100011001010100100011101001100011111101000000101100111010110101110111001011000100001001000111100
010101100101101000111000001001001010100111101100100000000100101001110110011011110000011010011101
111110110101101101000100000100000000100010110010001111101011111010010001001001000101000011001011
001000111011011010111111001001001110110101110110010100110111000100011101001001101111000001011011
010110000111011011111011111011001010111001000000000101010111100011110101000011100100101000100101
100010111100010011110000100101111110110111110011111101010111101010011111111000011010001101100111
111100101011001001001001110111010001011111001001000000000110110101011100111010101010001101001111
101101000011101110101110110010010100011001111111111000111010011001101101110010001000001001101111
010011001000111111101110100001111011011010100111100001111101010010001010100010101100110011011110
010111101111100111010001010000000110010001100010001010110001100111101101011010101011100000000110
000010101100010001110000100101010001001101110000111110000101101001110000000101001100010010111111
101000001100000000001111110000000110011100011101110111001011011100001011111001101011011010001110
110100101111000110100011000111100110111110000110011000010111110000100101101010010011001010110000
010101110110000110010010111000100100110111001011011010100110010010011111001011000110001001001011
110100110001110001111100110000111111010000100001001001001001000010010111000100111011010111111000
111110000000010000110110110100110110010011100010011010000100100101011011010001011100010001001011
000110001000101001010011000000010010001101100110001000111001101001001101010100101100000110101000
001110000011110000100001011111111010001010000000101000100001000110100101110010000100001000001001
101000010100001011100110101111110010100001010101100000100110011011101110111111111100010100101011
101111011101111110001110100111100110101100000100100001100101001000011111111110101010001010100110
110110100101011110000001111000011110001100000000110101101100111010011100010110001011101100001001
111000001101001100001000011111101000101110101010010011011110101100110010100111001011110010110101
010111000101001011000100001110100101111110101001011110000111110111011011101010110000001010100000
011011100011100011101010010001011110100010000100010101101000110010000110100011000111011100100010
001110111011011010011101111101001010110100101000011011011001001001011010001111010001001110011010
111001011111001000011101010111100011100110110101010110000100101100011010100010110110000011101100
101101011100111100100100000010111110011011001100010111111010110000110100011011100110011000001011
001101001010001101011010100011011011111100001101100011110110001001110010100101001010001100001000
101010100100010000011001101010001011001101111100010100111011110111110101111011011001010001101100
010111101100100001111001010111011111011011101110101001101001111000001101010011010010110101110110
110111100000110110110100111011111010110011010010011011001001001000101100011011011110100111010000
001001000111101101001101000100000101111110000110100100010001010001101111011001100110100010101010
100100010110010100011011100101011110011011100101001110010010011111000101001011001101100111101101
001111101000011101001110100111000100101010111011111111010000010000110010001111100000111000011010
010101000100000011010001110011011011000001110000110001000000101101101010011001011101000011010010
110010100100111101101101001100010010011110111011001111000110100000100111110010011000100110110010
001110001001110110101000101010101101011111001100111100000111010000001101000011111100110101111111
110010001111011010100111101111110100011101011110011111011110100100111011010111111010100111011001
011101011101100001010110101111000010011110010100011010110010001000110011010110101010110101000111
111001011011111010111100111011101010111000100100111010110111010010001011000101100010011010111111
101000110001001001101010111001011101000111110001001011000110110110011010111001010011011010001100
111001111000101100011101001011011101101001010001011101101000101100000110101100100100000000000110
000001011111100001010101111111010011010100101010010010000101111100000110011101010011101111001001
110101010011011110011011011000011010001110111110101101101000100111101000011100000011010000110101
110011111110100011010000011001011110001101001101001010011100111001101001001100111011001000011000
001010011001011010001010101010000011100000010000001101110101000010110010101000111000011010100101
111000001110001010010111111000011100000011111011001001111100011000110111001001100110100011101011
111110011111001000000010010101111001110000111111010001111001000101100101010001101000111010010111
101111001011111011000000010001110111001110101101100111011100000110101101110101010110111110000100
010010010100110110011000110100111010111111111101011110110101011110111011101101111010001101101101
110010100000100100111010111000101011000000000110111011100101111011100001011101000110110011100100
111101111100011101101011010110000001100111100101110111100001010111110001101010001111100001101010
001101111100000011000111000111000100100101001110000111001111011101111000101100011010001000000110
111101111111011110000100110011101101110010010111101110100110000001100000110001100101110111001000
100111011011100100010010001010011001101100100110000110110001100001111111110000110111110010101010
100010110000101101001110111011111110111000010111010000111001000000001011000010100101000000101000
010110010011000000110000010110010010010110100011010100111001111101000101000010001111000111100000
001010111101011101001110100010101100111011010111010010110010011011011011000011011100010111100001
111011011000001100010010101011011000001100100011111100011100011100111010011000111010110110110001
001101001100001101011001101010000111100101100010110001101101001010000100101001010011111100011110
110010010100001101001101010010001011011101110100101111101000100111100110111011010111001011100110
001000000100010100100110111011001110000100110100001011000101110100010011111101000100110011010101
110001111101100101011011010010011011111111110111010100100101010010010001001111001000100110001110
011000000001000011001111010111111101001100100101100101111011000110100001010101011100110111110010
111111100110100001011101011110111011000010010110010100110001111010010110111010111111011101001011
100110011111010001010000111001010010100010000010101101000101010010101110010010110101001001100111
001000000111011010000111110110000000000111110001000000100011110010010101100001110101010010100001
100000001000101110000010101110011101100111100100111100100010101111100111100001000010111101100111
010111001011100011110100001101000110001001110101111010010101100110011100101001111110110011111110
011010000010011111001000000101110100100101100001000001001010010011110110110000100101110001010111
110000010001100101011001101011000111110001110100001010110100010000010011000000110101111011000100
010110101101000011111101110110101101110100110100100111011001011110101000110110110011000100101110
011111110010100101000010100000111000111001100000001100000001100111110111110001011111000001000100
010001100001000011000000000110110101011101111100110111010000100001010001000000010010011001111100
011000001111101011100000011110011001101010100001010101000101011111011100001101010011101010110101
000011100010011101010000011100011001000111111000111101111101011111101111110011010110010010110011
001111001011000011001101101001001111001000110000010010110100111101100010101100010101101010010001
000110100000111110001000000001010101101010100000011110101110010001010011110100100001010100111111
110000010100100010100101100011111110101101011000011101010111001000010111001000001110010111100011
000010001100001000001111001111001110001101000100101111010011000110110010001101001110001111000111
001101101111100011110010110101100011010000000001110011111111001010010000110110011101111000011001
010100110101110111000010000001111111001101000001110111000001111000001111100011010101101100101001
001000000010111100111111001011010100101101001100100100101100001001111011100011011100101011011011
010000011010111000001011011000000101111011001100010100000000101110000101011110111001111110010110
101110011010110110010111100011001011100100100101100100000111101100011101001110101100001000110010
001111010001001101110100010110100110111111111110110110110010000100000111110011000101001011110101
010011000000000000010110111111011111100010000110101101010111001111010011100101010100011011001000
100000000001100101011110001101001111100000101001110011000100110001000110100100001011000110100110
000001010011010000111010100000111101001000100101001010000100111000111100111011001000111001110001
110101110101011001000101000000010011010010010101010010011010100011100101011111110010100011011001
001100010000101111001111100101011111000111001011111000110101100010100011001110100000100000100100
000100011011000011110101010000001001110100110011111011001110011101000011001001000101010011011110
111110100000101111110100000111100000010100111011110100101010011010000011010101001100110110010011
001001000101111000110110010101011110010111111010000111100110111101010001010001000101111100101111
111000000100110000100001100001000010101101001000010100001100100011110001100101110011110010110101
001100000001101000000001111100010001000110101100111000101110001011101111100010101100010011110001
101110111001010111111110000100100000110111110001000000010110111111111010100001100101010011001110
110011111010001101011111101011101000111100010110110101110101110110000111111110101101101101001101
100000010011100100100111101000000101110100011111100110010110010111110110111110110111011010000101
111100000010111101100100010010101100100000100101011001011001111011101000000001010011001100110100
001011100001101100011010011111100011100010110101010111110110111110011011101010110001010101010010
111111001110000100000101100011100001001110101000100101010100001100100000111100100000111110101011
010010010001110100011100100101001101101000100111011110001100001000100101111000110101101110000111
110011111011010000010100001011101100101001110000111111010011010011111100110001111111011011010000
001100011011100000110011011100011111010111000011111011000001111000001110001010100010111111001011
001110101010100000001000101001001000010010000101101000101111000111100000010110010111011111001100
110101001111110101011110100100011101110001001110010011001101111000111100100000111010110101001010
111010110111101010000101100001010011100111011101011110010001110101010100001110010101000110010010
110000011001001011000100101011011000010100100100011100000000111100010101010111010010110011000111
111010001001010101110101001001110111001101101101010101100101100010000101000110011101011110110001
011110000100011010100000011001110111000010111111101010000000010101010111001011001101101110110010
011011001010000001010101111001010000010100100000001010101011110111101110010001000010100101011000
100010001101001011010101011011010000110000111101001111100001001000100110110101100100000111000001
101110010001111010111001000110111110000011110000100001011111100001101000101000011011001101110111
100110000110100011010101010000111111110011100101000001001111010101001001010100010010011110001010
001100100101100100101101010110011010100000110101001111100010010000100011010000001101001000110111
110110001010011001110100100110010001100101111000111101000110111001101101010010000100101111011001
100111100010011101010110110101001010011010010010110100001000001111001111010111010001000100110111
011101100011011011100111101010111111100011100101111100000101101111011100000011001111001000111011
110101100100110101111011111110001011001000000110010000101001110111000110110111001011000110001111
111110010001001010001001101001000000100001000101111110000001001010011100101100100110000011000100
001110000000101111010000011011111111010011110001101111101010101101100000100100101011001101001000
011100011111001001001011100111001111011011111011010111011001100001010110101101110100100100000000
100100001110111000000110011111110001100111001001101110111001010000110110110111111110111011000111
101101011101011111011111101001000111001111100011011010111101011100010011011011100110111010011111
111111010011101110000111001101101101011001111101110110110010100010111100101101001110100010110010
001100100100001111011111101010111101101011110010111101011111010101110010000101011010000101001110
111111000000011010111110110100011111010110011011001000010010011011101100010011000100110101010010
000100010110010000111111110110011101010011110111101101000111010110010001100101111010101001111110
110011011001000000011110000110100111001011100110100101110011011010000100010110000100000111110100
111100111111100010000111000100000010000010000110100011011000111100100010000110101000101111100011
100010011011010001000110001101001100101001001010111000011000000001101011010010000000101010010000
101001011110100010111011100100111100010000010101100111000111110110000111101110001010000111101011
011101110111111100111000110110010011011010011111101000101001000001011000110101010111100010011111
011111010000101101100000101010010000111100011101110100011101101110101001100111101101001000110111
110101111110101010010110100010111101110011101010001010110001011110010100000111110110111101010100
000111001100000001110110010100001011001100101100000110111011010010001001001000101110000010101010
011111111011111000101010101001000011010110011010110000111111100111011100010001100110010110100001
110110110010101110100101100101100010011101111011010000000000010110010011010001000110010100111010
011101100101101110010001011000000100010001010110111010010101101000001010100110001010000111101010
000001011010111000011110010000000100100010100110110110100000011101001100000001111110010011000111
011000000101001111011110001101110110111001000110111010100100101100000010001000110011110111010010
010111101011100001000011101111010011100010001100100000010110010001011100111001111001000001111100
101100000010010101001110101101011011001101011010000101101001010110111101000000001011110101000111
010011111110111100011100101000110011001000011101010100000010101010000110111010111111011101111000
010000011001101001011011101101100000101010001001001110010010001100100011100010111101111001011100
011110101000111010100001011101101111001111001010010101101010100010110111011111000001011110001010
011000000010000110011111011010110010100111101111101101010111100110110010111000100010010110000010
000000011111101000110101001010110111101010011111000011000100101000111010010011101101011110111111
011010101001111101111100010010111000101001000011011011101110001110101100101110000010100011100001
000111011001000110000010110100000000110001000001001000111111101011010001101010101011010110010001
000011100000101010111100011011100010101001110101001101110110001011100000111101000001111111000011
111111110011001001001010010010011001000111100001010001010010101110101101101111010000011100000001
100001110100101111110011010011010011101110101011001010010101000010100011000001101011111100111110
101111111011111111001011000000111011011010100010100010000101011000010100011101110111011000010110
101000000110001001110100010110100100110001101011100000000010010111010000001110100101110100010001
000101100001001110101111000011000110011110010100000010101010001111001101000111010000001011011110
100110000100100101011110010110000110100100001010001101110111110111101101110011100100011011011100
111101111010111000101001001000011000000000111010100011101001010010110101000010001000110010111000
010101100100101110000010001011000010010111011010010111010101001001001100110110011100010010111101
001101111001100111001110010100000101111001101011111011011111010011110110011010001001100011110110
011111010000101001011010101101110000001110101100011011000100011011011000010010100101101000101001
000000100001111100010101010101011111010101001001111000011111010101000100000110110000010111000111
000101011110111101110011110001101101101100011110010101011001011101111111100010001101101001011001
101000011011001001100101000100111011010110011100000010011110101010000100011001111000101000001111
110000011001011010111111111010100101101010011111110001000000001101100001101111010010000110100011
000001111001010100001111110011010010000011001010100010110100010000000001100000100100111111010110
010011100000111111010010111000110110110100011110010111110110110110001001011111101001001101101011
100010011001100101011111011010000011100010110110110010111110001001011001000110111000101010010110
100111001111001100010001001111001001101110010011010011010110000110000011101000111100100010100101
011011001000010011100011101000010000001010001101010111101111010001010110001110101100110100101010
011010100110001110111111010011011101011000100011110010111101001101000000110001101011100001100001
001111110101010011111000111010111100100011000100000110110110001110010110010100100000101111100111
110100100011001100000011011101010100010110011010100100101011111001111011101011011000110110000011
101010000010100110001101111111001011010101101111000001100001110011011000110110101110001110000101
001110110011000101011010011111011001011101000101001100101000010111010110011111110011000010101001
000010100101001101111101110111010100100101100111000001110000000011001111100011100000111110010101
000110010111110011111110001100011100110010111001011101011000001110010010111010001010000010101011
110011110001110010100000000000101000001011101000010000101010101100001001110110010111011000100100
001110111100011111011110100110001001111110000100110111101110101001110010111110111100000001101100
111111101110000010110111100000111001011001101101000111100011011000100011101010111110010100110000
010000101100110101001011111010100000001001010010001000001010100101101110111101010011010011000001
111011011110011011100010000000101001111001111110101010101101001111010110000101001100101111000000
101100000001110101001010110111110100001001101101001001001100001000011100011100111000011010000111
101111011111110010000011000101101000011110110101011100001000011100010000011100011101111000111001
010011011000011110010010110001110000000000011110111110101001101110111100110010001100001101001100
111111001001010010001010100101101100101001000110111001101101110100100111110001001000011001111011
111000100011110000110110101010000100100000101101110001111011110100100100100001001101011011100100
110111001011100011110100111110101110101011100111011011100111100100110110001010011010001011100100
100011001111101111000000000011001111101000010000000101010011101010001111010010010110010100000011
101011100000001111111001100011100011111000110010011101011010001010001000101111101011111111110000
001111111101011011100000100110111110101000011010101001111000000100000101001110100110011011010010
111001101011111100001010001001010000111001110111000000010010011000000100101001011110100111101100
111110101001000000100000101111000110110011110011000110010101111010111111100001111111000001110100
111100001100001101110000100110101100010100001111111100100100011101010011100110010000111010110001
100101100111101111110000110001001001111111010110111111101111010001000010000001101010011010011110
011110000000110110110010001101111011011000110101110101111010101011110110110001010010010100111111
011011101110110011110111101100110011101000111011101111101000010110010010011101101001111011101110
011001001111100111101111110111101000000010111010011110100110011010000110000101110000000010010000
001100101110100110011111101000100111011100101100111001000001111010001000010111010111111011001001
111101101100111000111111000101010111011110101011010100011110000000000001111101011011111111111110
001100010001010110110010111001101001110000100011011000000011110111111001101111101110000101010100
000101010100011011011110000000111000110000011011111111100011010001011000011011111001110100111110
100001111110111000110111111100011111000100110100100110101100001110000000111000011111001010001100
010010100101110101001010100000111100101000101111011000110010100011111000010100001100111011010001
111100000010100111100011111000110010100110101010111110110000010000100011100111100010110011010001
010100100101110110011110100001011010001111100000100001110010011001001001011111110110101110001111
110001010110110011010110101001111100101000001010010101011011110000010001110001000110001011011111
100001010111001010100110000111100010000001000111100001100011111111111100010100100001111101100101
011111100001110110100000010011111001111010000101011101000001100000000101100011011101001001000100
110110100110101100011100001111110111100101101111101111000111101110000000001000010011001100101000
011110011010110000000001101010011011011011010100011010011110101001111000101001001101100011011010
101110110111000010110101110000001100011001111001001001110000100011100111111100001110101101010001
100001011101100001111110100101110100011011010000001010010110010101100010010100110000011101110000
001111000101100100000010000101011000110011011101111001100100011000001010111110001010110000111111
000110110011000010101111110001101010011100000011010101101000010110110111111011110101110111100110
100100111100011000001111111101110101010011101010011111111100110010100010101010111100110000010100
011010011100110000000001000001101000011110110100001010100110010100101100000100000001100010111001
011001000110111110111100100100101011000000011100101101000010111110101001011110001110110101110011
010100001011011000001111000110110011001101100100100111001011110110000100100011110111111111011101
000010100010101000010010110100000101011110110100011000111100101100101111101110101111110101101111
001011111100100001010000000101000001001011011111101001101101101110110001110110010000000100000010
000011110101100101111101100100011011000000111000111011101010011111000101110010000001011000101001
100100100001000000011111011101011110111101100010101011001101100011100000000111110011111110100100
100010111011010001001110011011101111110001000101001110101110010101101010010000011111010100001101
011001010000101001001010011000111100011101100110001011001010001011011010111110110000110000000011
000010111011000001111011011100101100000011001001010010001001100101000101011100000000111111101100
011111000110000000111011000001001111110101010111111000100101000001000111000100011100000100011100
001000001010010011101110001001011110011110010101110011001110010010110111101110000000001011010010
111101110001110011110100111010101000011001101101101101101010010010101101000010111001001011000100
110000001001001110011011010011100000000011110101110111011011001111111010011001010111101111011001
000111000000001110111010010111101100000110010111110000110000011110111111000011100011011000011101
000000110100001011000100001111010000011001110110111010110101111011011100100100100111001011010001
001000100001010001111110000001110111010110011111111011101111110000010111000100010101110010100101
011100101001010111000011000000011000011111111100110010100111111101100011110110100000101110110000
010010010100011001001001001101000000011010100010011111101000010110000001100100101001100001101100
000000110001111000011111000110010101111101110110011111001010110101101100011100010111001110101111
010011111111111101000111000100001000001110001110000000101011001110000110011010010010010111001010
101111010100110000011000111100000111100110000110100100000011000010001000101111000010100000100111
000110011000011100001010010111011111010000001011010000010111111100010000111111110010001110111101
110101110100011100001101110000100000110010100000001110101111111011000011111110110010110010011011
011110100101001100110011110101100010001101111010000010011110110000000100011101000111101110110000
110010000100000101111101101110001110110010000110100001001011011101011101001010001101110101001001
110100000001101110101111011100100110011011010000101011001111000000010011000001110000001000100110
011110101011110010111100100000011111110001101001001001001010101011010110000100010111000110010010
101000110101011011010100000111101011100110111000001110101000110011101101101010100111010111001011
110001000101110011111111100001100011110000010101001000100001011011100111001110011111011000001000
011011110110000111011111011111001100100111110111110111111000111000001111101001001111011001001110
110110001010001001111111110011100001000001110100111110110101001001100000011100111110010000101011
011101001001111101001001101001101100111101110000101111100100101110101001101011010011110111010010
101001100100110100001011111000011011000101110010011111101101100101001000110000101011100000100011
100010011110110101000001100001001101110110010001100011100010100000101111111011111010011111010010
100101010100011111111110101101011000010111001110100000101100001111111011001100101000000001110010
111011101010110001000110111010010110110100111111111100111101000101101110111111110100011001111101
011001110110101101100011001111010111111001010101101001010000010001011010011111101110000101010100
001101110111110011101111101111011110001001000001100011011001000001001100011010000110001000001111
101111111100110100011100100100110010000011010110000110000101101010010010011001111010110000011110
101010000101011000000000101000010101011101110001011100111000101100110010111011010011000010011010
101101010101110101100011101100110111000011011011011010010011001000010111111001011001011000100110
100010110001111010010101010110011100010101110110100101011001000110100000110011001101100100010011
110010000100010101100010000101011000000101000100011000110001011010010011110100110111001110000110
000101100011101011000111110001010011110100110000110100010101011010010111010111001111001111001000
000011001001100111001001001011100111001111000011010011010101000001011010001100110100110110111100
011101001101111001010010111001101001100000011101101100010000101111000100000011100000101100111011
101000110100111111001010000000011111000110110001111100100100111010000011010001010011011110011000
101110111111000001000110010001001111000111001001110101011010100110001110110001001001001100000000
100011010110101101110110110101110000111101110100001100101110110011101101001100000011010100110111
111110110001000111011000101001100101010111111000010000001000100110111101110010000011011010100111
011011000011001010011010001101000100001000011111100011000011010101100011000001111011010100110000
110001000001011001110100010000100011000001000100010001010010011010110101101101010001111000001110
100101001110010110001010100011111100101001101111000001110110101000100000111111000000010010101110
000101011001100010101000011000100101011010110001110110001101111010010101101000110011010001110011
000010100110111101000100001001000110010111001000011111111101111100111100111000011011111010001100
001110010110100010110100001111010111001100010001000001000000101001001111101100000101101111110110
011101110111101101011001110010001000110110001111111100100000101111111000111001100101000011010100
000000101101010001010010001000011010110101101001110110100110110000000001101101000111100010001101
011111100000110100010010011111101011010110000100100000010001001110110011110101011001000010010011
101100101100100010010011101110111001101000110001100010111000010110000001100011000010001100001001
110001100101100001101001001101111111101000011110110000101100111011100011100101101011011001010001
011110100110110111100010001100100111110101010010101111010101111000001000101110000000000010000111
011010000111110001000111100000101011110100011010001101001110010111111100100001011000110000101110
111110001011101010110011010111011000000111011110000111110111100000110110111110100001000101100001
110000100110000111100011110010001000010100110100011000111100000001001100111110011000100011001110
001101001000101010110011110111100000111111010011000101000011101110101011010001110100110101111111
010100000001000100000000000011010011011001011010111001101001000010101011010101100010000111100011
011010111011110011011000111101110101010100110100100001011101011010100110001010110110011101101100
011000010000000101101111100011010100010000110111010011010111100111101010101111101101100000001000
001000001010111000101101000001111100001000100011000110001111110011111110000100011100101110011111
010101001011001000111010101101111101100010100110010001110100000101011010100011010001010000000101
100001101111010110010000110001111111111011001100011110010111000000010111100101111010011010110010
010011011100110011010010111011111010110010101110001110100011100000011111111100010010100101100111
010101100001101100011101010000100010101101011111010100100000011111110011111001101110111101010010
110001011111111010100000100100010001001001000000101110011011011101000110011101010001101010111001
111100000110010110111110000111111001100010000100010010011001100101110100111100110000011011100000
101111110011011110011010010011000110100010001100100111000011110011011111101100101110000010111000
000011111111000100111101100100110111011010100110001110001110111100010000101010000011011011110111
011110101011111001100000101000110001011011111100111011110011101110011111000100101001010101100000
101001111111110010001100110000000001110100110010001001110101110110111010001010011001010110010001
111001100101010011010000100010001110011001110111110111110001111110010011110000100111000101000100
000110000110011111011001010110111111101000001001101000100101100111000011001000111001000100100000
011010011100100110000011111010010011001010101111001111010110100000101110000011100010011011001001
101101101111001010001110000101110000000001010000101101110001001110001110000110010001000111010000
000110100111101110100111010011100101000000111101010000111010001110001001111101010111010000010111
001001110110011001100000110001001100111001110110001110000000100101111111000011110001100111110111
111100011111111110110110100110000111001001000101010001101101010101110001000000111010000011110000
010100100101001001010011010100010100101101100100001000100100110100111101100010001001110111111101
001111010001111101111001011111011111111001010001010111001011001001111011101011111010011111110000
100011101110001110011000111010100011110111110100110001011101001001001100000010001111101101101000
000011000111001111011110111001001101001001011101100110010111010001101111001110110110001011011111
101011011111111111001111010111101111011010101000111101101010110011110110110110000101011110000001
001010101110101111100101000100101000010010000111010111000111101111101011100100101100100000011101
011000011000001111101001111101000111100110011100101000101101111110101000001001011010100011101011
111100110011001101100110111001001001101111111101111000111001011011100001011000001110110101101000
100110000011001110000001001110100001010000001000011000000000110111100000111011011110000101100111
001010111100100001111100011101000000001111000010010110111100000001011010111111101011101010101100
110011111011010110000101011010101110001011110111001101100001100000010001000110101110010011001100
001000100111111001010010111001111111110100101000101011001010010100100000110010111110101001101111
001100101101010011001000101111001000010110110011110110100111100011000011010011111101100100101001
011110111110011010010111100001000011011100010110111001001010111110001110000001111100010101000000
011110100101111001100000101001001111011001001110111001101111011000011111011001010011000101000100
111101010011101000100101000000100110111111100001010010010000110110100011010011010000110100011101
111111110100110010110101110101001111110100000010110011110111110111101001000011010010111111100110
111010111000111010111010000000101101011000000011011001011111100110101011000110100011110101010000
011010100100100010010101010111001110101101101001100011100100111110110001000010000111111100010000
000110011011001100001100000101001010110101011011101010100101101110001111110011100100011111000011
111000111010110101000010011100101001110011111111000000010001000010110010010000001110011001011100
101100001101101110011101011011110001110101100001010001100000101110101010101110101001010001010111
101100011000110110001010110001100000001001001011101010001110110010001101100101011100010000100011
100000011000111001111000110011010111110000000100110111000101001110100110110111100110000001010110
100001011111111110111001010011110110100110011100111101000111110100100011000000011010001101000000
000010011100001010100010010011010000010010000100011100100110000001101000101011001011100101000010
100101011011111000111101010111101000001000010110000100001000010000010000101100001011010010011110
001110100010111100010011001010101100000110000111111110100010000101011101110001111111001001001010
110101011111111100110110100010001000011110001111010001110000011001101100001100011110100010110000
101100100110010010111000111101110010110101110110101001001001111111010110110110101110001101010000
111101010011000111011111010010010101101001111111010011110111111000000001101111100101111001011010
010101010101011001100101100001101011111101110110001000010011000111110101010100101011101101001101
010000110100101110101101000101001111000010000100110000110101101010001010001101001001010010000010
110101100001010111000011000101010101001100001000011110101000110011110011101110000100111011000111
110111100111001101101101000101011011000011111001010100110010100011111000100000011010000011011001
000001001100100101001110111011010101001111101100101101110001011101000111110100111010101100000100
010000100010110011000100001111011001011100110001101100100100010110001001010111100001110100101110
000000111000010101001111010101010100011110010101100011011111010100001010101110100110010001110100
001010111001100111011110100000010110101101011100111011011101111111000111100001110111010101111101
001111001110000001000011110010111100100011111110100111101011100110010101001110110100111001100000
100110011110001101001000100010011010000100010111100011011111101110111000000001000100011001100101
011101100001000111000110000001011111000001001000101101110101011001110000110101101001110010100000
011011110000101000001011111011010110110100100111010001000010000100001011001111000011101010001011
111110100011011111100100111011111000010111111110000011101010011111111001100100000000011011100100
001001001100010110110011010110001001100000100010011110000010011110110000000001100010000111011111
100100000100011110000100001101100101110100001101111010001001010111101011101000111101000101011101
001101100110001111101111100100011111100101000010110101000000101110010010011011100001111100001110
010110110011010001110010011000001100010111000101001011010101110101110000011000110000100111111100
001001010101111010001101010001110101110011100110011001110100010010100110011000010001100010010000
111011011001011101111011101010011110100101000100100101111101101100000000101100001010011111101101
011100001010111001110100101011010101010000001010110100000100001011001001010000001101100001111001
000010010100100101011100101100001111110010000011110111011011111000001001001001010010011101100111
011010111000001111001101111100111110001111011100011100001011100101001111001010000000011011101010
100110101001001001110010111010001011010010110001111010000100110011100101010000100101000100110111
011110011101011000000000110000100001110011011110010000000000111111011001111010011111001010100000
110011100111111011000101110111011000110100000110001100111010111001110101000111111110100000000110
001111000010001101011000111011101010111101111110111011011111111110101011110110010000011010010100
001111010110011010011000010001110001100101001110100110111001001010110110011111001010000111000010
110101010000011011010011010011000111001111101010001011110101100000011100010101100100010001110010
000101000001111010100000000000011001000011100001100011001110011100010001011110100110111010001110
100100101011110101001110010111000010111101011010100010011100101100011101100011001101110111001001
100010111001101110111110000010000111001010011001110010101010000100110110011110101100100110000001
011001101111101001001011100110101000110101000101000010100110111010000100001100110011111110111000
100011011111011111100111111000000011111111010010100000100101100101110010101011100100011100000000
110010101110111111001111110011101010110011101000001001111101000111111111111001001101101010011111
100010100111100101010001110000000010111101101111100100000100111100001000000001011000001011100001
011111111001010001100111001110111101101010110110101001101101111010010010010100101100100110100010
101001100000010101010001010100011000010111010000001110010100110101111010111001001011000010100010
010000011100100010001100111001110110100011110111110110010100101000010110001101001110111010000000
000101000000100011111111011100101011101010010111100101110010011011010011011001101100111011110100
010101110000010000010111101011010110000011110101100011011000000010100111111001010100000000101000
100001111110110101010010010100001011011010010001110101001101011011000010111100100010101011001101
001101101111010000000111110111011010000000110000111010011011000000100100010000111010011101110001
010011100011011110011010001110010101111010001000100100111101000011100110101001110111001110100101
001010101001011001000111001011001110000010110011100010110111100101000100010110100110110111111010
100010111000101001000000000110101010111000010000101010101111101010110000001010000011000001111101
111110100101111001100010101100101010011010001001111110100100001000111010110010101010110110000001
100111101110111000100011101001011011001001100100101101100101111111001001010110101111110111011111
110010110100001100000111000101000010000010010101001111000000010011100110101101101011001001101101
110001001111000000111111011010011110101001011110110111111010010000100011101011110111001001110111
101000100000000100000001011000100010011001101001101010101110111110011010000111110110110001001001
110010011100101000110100001011011101011110111001001011110101010100000100100011111010011001010000
011110011100010110011110101001101101011101011100000010111010001111100100011011101100100101000000
101110001010000101101001101001100110010100001010000110100110101011111100010110011000110011011100
111010010100011100011100001000101011101000010111100001101000000011011111110101100101010110101001
001101100111001001110101111001110000010110011001011100111010010000000001000100100111010010011000
001110101001110100101001110001010000000101111011101011110110011000010100001111101000001001001000
000010100010100101110101011101100001010110010111110101001100000010011110011001000110110101011010
010111001000111111011010000111101100110100100000001111010110001000111000000101011101101111010001
100011101000110110000100111010111011111000111101010100110101001100010100011100101100000101111010
000001111110000010111110010100111100111100001100000100001101001010010010010011100110000110001110
000100000001100000000011111000000000100010000111101111011010100010100101011101100100001011101111
101001011001111100110011010001001100010001110111001101101101010010010111010111100110011100110011
101111001001011111011100010110100100101001111101110111001010110010001111100010111001010010111110
010011010000000001010101010001101010011000011000111101011110001110101101000011010100101000110010
111110001001101100101111010010001110101010001011000111010000111010110100010111000101100000111000
101011110011100001011000011001110100101111101011111011101101101011110000011110000100110110100011
101000000000010110011010111111010101001011000100001001110101110011101010110101001100101001010101
111100011111100000011011110011100111011100111000110010100000110100000101001110111110010010100000
010100000001000100100000001111100111111010010001001011111101010010000011011010111100001110000011
011101111110001100101100111011101111101100100110000111111111001111100000101011100000010111010110
110011101001011010001011111000011100001010001100100101111001111101101111110100101100111110010000
100111110100000110010011110010101010010111001000101101010011010101101111001101100101001111100000
101101111111100111010111010110110011010101010001111100101111010000000101101001101101000110011100
001010011111000100101100110111000011011010011100000100101111111101011101111110110111110000110100
101001000000101000010110001000110100111100010101011100101010100100101000010011011100111001010110
001001101011100000010111011000010101001100101111101001100010100000000000111110110001100110001100
111011101110000011001111111001101100101001010011100001111101101001101001100011011111000011001100
001001001100110000110001100100010000100100101010111010011000100000001100110001000010010000000100
101001110111110011000111011111110001010011000000111001011101101001000111000000001111011011111010
011100011011000011000000001001011001111101011010100111011001011011001011110010101110100001000000
011111101001000111101100011011110100101001110110110110000011011010101100011111001101000111111111
111100000001000010101011110100111100111110011101111001001010010111100110110010001000100111011010
101001111001001000100100100011010011010000011010110110010111101101111100000110111101110110001001
111110101001011000101101010001110100000001101010110000011101111110110001110101010001010001110010
110100000111010000101111000000110110001011101011011111110001001011010011111100111000110101011110
101100011000000000000011001111111001110101100101111100000010101001001011000110111011000100100100
111101000100010001000010100010101110101100100101010010111000001101000101000111000111100101100110
100110111111101001101010010010011101000101010000101100111010101100101111111001011001111001010000
011010011111011111001110011110001000001110110000010100100110010101011100000011101010000101001100
101101111110011101101010100011010010111001000100100001111110110100001011100100100100111110110100
011011110100101001100010000110110010100011001010011001000011011100011010100100001010110110111000
111000110000111000001001100000000111101110101100110011011000011110001110100101110101110111110100
100000011010011000100000001010010110101000010001000100011000100000111000001000111110100001110101
100010010011111011111001110010111010000001110001101000011001100110011100110100111000111100001011
101011001001010111110001001101100101001011001011111010110011011011011110000111001111011001111100
101111110000100101000000001000100100111111010010011101010101100000000011100010110000100010111000
110100111000100011111001110110100011011011100010111100111110001111101001111111101000100110000011
100000001110001000111011000101110000000111111011000101000011101100000001000110111101101110110100
111011011100110100110010001011101001110100110011000110011000100101001111110111011011000000111110
111000011100100110101101000000111100110110111101101001101101010001001001011100010000011110101111
010100011110111111001111110001001000100101010100000000111001110011111100111001010001000110101001
010100000010111111101101110010000110000101000111001001110000001100001111000001110100001110010110
000000001101111110010000110011000011110011110001100000010001110001110010111001110100000100011010
000101001100001010011010011010100111110010001111100111010010100011100011010100101011001010000011
110110000101000010100000011111010100111001010111110011011011011011100001100011011000100110111001
010011000010001000100001011010010010010000000100101000110111111001110010100110111000010111000010
011001001111000011101100000011111001010111010000101111101010011110011000111101001010011001110110
111100101001011110111110011010010001100010111110110101000001100011000111011110000111100100011111
011100011111000101101010001110000101000011101011101011100010111101001111100001011111010000011000
100100100111011001001000000000100010011100010100011100001011011011111011001111110000101111101101
000100101010110110000100111100100011111111110001110110000001000001101000100110010110011100000001
111011111011001001011101000101111001111110111111101100101010001111101101000001110010111100000000
101111110001010011101011101100010011000001111011011000101100001001111111111000011001001000011110
000100111100100001000101011110000100100001111001101101100010111100011000100110011010000010000100
110110100011001010010001000011010111000011000010110110110100000001110100111001000011001101000110
000010000111110000111111001010001101111111110001101001111000111011110100111110011010110100000110
011100110110110010100110101011110111011101011101100111111111000000011100111101011110000101101100
111100100110101000100100101011111001110101101111100100101001101001001001001010100101111001101111
001110011011101111001010011110101000100011111000011110001110100000101011100100000010111001110011
111001010000100111011010011001011001001100101001000100001101001111010100010101110000110110101010
100000010110011011110000000000101011111011001001110101010010011110111000001001010111111110001000
011111100111101000100101100101101010011100001010010011011011010101011011011100001011100010000010
111100001001010011000011101010101010001111000110011010111010001110000100000011000010011000110110
001001001110110010100001000000001011011100011101110010101010101010110111100011010000100101110000
011011001001111110101100001011100110111101011001101111111111100011011111001001010110011000110010
101110111110100010010000100001000110001000011111011011110101010010100111101011110110011001001010
100101010110111010011100101110111101111011110111101101100101111011111010110111001100010001111100
100001010010111000010010110010110100011011000011110001110010001111100011110110110010001001111001
100000110101011010011101101001100010001110110110110110111010011111111100011101110101101101100110
111111101101010110100001100010001110101111000010110010100001111001111011111111001000001011110101
010000110101010001001100000111000100010110100101011110111101001000111001010011110100001110111010
101010001010000100111110101001000111010000101100010100000000000100000000111111111100101010111110
010111100000000111010101001011111110110100100101011111101001110111011100011011111001011100010110
001010111001010110001010101100010111000011010110100111100010101110101100011000011000101001011101
010101100100000101000010110001001100100011010101011101000110010100100011000001110101000011011001
100101100110101000111101100011000101010000000111001101101010101111110101110001001110010011000110
000110110001100000100001110101100011110100100001100000000101100010101111000001011101101101100101
000000000110010000011111010010100110000010101101011010011011011001110110101111110010101101110010
101100100100011100011001000001010101111001101111001010001101000110000011001001001001111100111011
111000110100101011000010011001100001001001010110011110101101100101110011110011100101111011001011
111101001111001100011111111111110011011001110100101110101111000101100001100110101100010111010111
001110100001111100111100010110110111100110000000110010101001110111011010011001010110000111001100
000110101110010000010110010100010001000111011100110000110110110010110101000111010001111010001111
011011011100111011101111010110110010100010001000011001010101000011001001110110101100010101011111
011101110110111110001100001110001110100001101001011111011111101100101011110110111000000111100010
101100011101100011101101011101100100010010111001001000100010001111000111111100010100101101101011
100111111010100010101000011110010001001011000000000111110000100000111111100100001010111110110011
001110110101000101100010001110001111000000100011010100110100101100001111111111011101110010000010
110011011001001111010000110111110011010101000010000001111100111100011011001110000010100100100111
111001001110001000000001010101010010110011000000111110101001010111111000101011110110101100101011
100111100110011101111111001101001010000001001001101000010011110000000111010100011011110010100000
011110110111110000100110000101111011011001010110001010000010110111111010010110011011111011100000
110111010101000011001100101111110101001110110110111001110111011110111010110111010001000010011010
011001100101111000100111001001010001010110000111001111001000101100000010100110100010111100000100
010001101011011001100001101001111101101010011000110100100100001111101100001111100001111010110111
100010001100000100010001111111111111100011010010101100101101001100100101101101000000100001111111
100110110110000110001001011011011111001001001000101000000110111000111011100101110110011101110011
110011001010010111000000100111111100000010001110011111011010111011000001100011100000001100000111
001010001011101010101100010001010100010000011110001101101100100110011010100011110011111010011111
001011100011110001011101110101111010010100001101111100001001011001111101011100010010100111010001
010011001110110000011111001010111111110010110011111011000001101100011010011011101010000000101110
010000111101110000000000100111111101110000001001001101001110110110011001001010001011001010110101
010000000010110100001010011010110101011100110010001100111001100001000100000000101110001110110110
000010001010010101001000101000101110000011000011100101000011100001111010100101110000110000101001
110110101001101100001011100001110100001000001110000101100100011100011010101000010000111011011100
111111110010011100110111000010000011000011100011010101101001101001010001000110001110011011101110
100100100000110000111000010111100010100000001000110000111100111100010101000010001101000111010100
110000010010011010000011100011100011100000001001101010110110010001011011001000000101000000100100
010101000100101000001001011011011010110011110011000110000001001010010110101111110001011010100011
111001111011100010110110101100011000100110000010100110110010011000011100110111001010100001100101
010000100011101100100110001000011001100000101101000010001111101000101101100101101011011101010000
001000101100100001100110100101001000101011000011000011111100100100110101001011110100000001101111
100001100110000000001101000010100100111110111101010111110100100011001100010001000100101111100000
110111011111000001001010111011110101101101111110010100010010110110011110110101101011010101000101
001001111111000011111001111011010010111010101011001001101010111010000001100010000101110011010101
110001101010100110101100000001110101010100101111101101011010011010100101000001101000011100100011
111101101001111100101001010001000110101010100101101011011010010100010111010000100110001000011000
000000100010001011111001010010001010110101000010000011111001010101001011010010000001101001110111
000011001111110010110111001101111001001010110110000011011011000110001000011101000100110110010100
010000010011001111001111100100000011111111010010011011000110011101100111111011111011001000110001
000011001101101101110110100111010011011000001001011011001011011110101101101010001100010001011001
011000001001111111111111100111100110011100100000011000101110100101001011011101011110110001111000
010000001101111001111110100001011111000111100010110011011110010101010001000100101110111100111001
101110001100101010101010110100001110110100111000000001101111101011000010010111100110011110111100
011111110011000011000010100001100010100001010110010101101000111101000111111100001000110001010010
001101100100000001000101111011011111110110111010111011110111001100110100111010011010000010111011
010111001101100010101001001100011000000111000111100110101110100111101010000100100111111101010011
110111110100110111100111001100101101011001110100010010101111111110010001010111001000101010110011
001111001011010100101111001110000001110110110010000110111010110110001110100111001111001001000100
001100100011001001011100111001010110111010101111100011110011000111000010001110111100011100000100
001110001101101110100101010001100100111110000010000110110000001000101010111010111010011000000100
111011000010101000110100010110001000011101100011111111011000101100111011110000010111010010000100
010110000010011101111100011000011011101000000000110101101100001001111111001011101001111100100011
011000010010100010100101011011010100100000000100100001101001101001100111000001010101010101010011
010100111010000110100110101111110101110011100000100111110101001101000101000110110001101100100111
110100101001101111101001111010111011111111001100110111110011010100110100100011010110100011011010
110111101111100100001011101111010110001111111111101001000110001110111011000111010101110001011000
000011001010000011101000001110110010000101001001000111110010011000100111011010111011101011110001
011010010010110111101010111110100100100000000110110110100110101111010000001010000011111001110000
000101111100011011101001011111011111101001100110111101011101001010010011000101100011111100110010
001111011000010101001111001001100011000011110000111010110111001110010110100011001001100011000110
011100100001010001111100111001100100111101000101000100110100100100110000000000001011001010111111
