101110001111011110111101111101011011101001010010100111110101100100011101111110000100011010110111
010100010001101111100000111010001000100110000111101101000100111011011000110001111101001101100011
110111110110101010110110001100101110010010001011010110101011111000110010001111011001110001001111
010101010001001000100011100010110010110000011101011011001101000000100010111101110001111001011011
011111101000101110111001011100010100000010000001000111010000101001100001000110100111110010111010
000110001110101000110100100001011100001000010010010011110000011111011110001000110101001010010011
011110000100010110010010110100100000001111101111111111011001101100011110011101001111110001100001
010011101111010011010100011001011101000101110001011111101011000011110010000010111111000100110110
010000111010001110000101010000001000110001000011110001101100101101100101000011000101001011010110
100001011000101010111011010100000101110010101000010100100100000000010010101111000000011001110000
011000010010100001000000010110001110010000111000000010100011100101000000001101001010010010100101
101110111001110001001111100001000000100000101100110000010110100100010011001010001100010010111010
010001000110101010001011110110000100011100100011100010001011001000011101011001111100001101101101
101010000011000000101110011001100111010101000101011111010101010000000101000100011010010100111111
101001100001100110011111011000001001010011001000110110100000100000110011110010010001010101110101
001000101110011100110101010011000110101111001111100000101011110001111111101100110001110111010001
110010100000000010111100101000011011010010110010101000100111101100010001011110111100100010010110
100110101001001111010110011010000101010110101111011011100010000101011101101110010100010111101111
010111111110110100001111001101000001111110100010100110111000110111000111111110000000110011110100
101100101001110101011111010010111111010011101100110000111100000111001010011010000100000011111011
101011000101000110011001100110111110011010000001101010011011100101000010100111101011110001010101
010101110001111001000110101010100010001001110000110111001111000000001100000001110010000001010100
010010100001100100000011110110100111101011011110010100101111000000011111010010011100000010010000
011000011100010101000110000010010010100000011100110011110001011001000111011101101011100110001000
101011101010100011001110011100100110100001001001111010010000011101100101101100010100100000011000
110110101111100101000001100110100010011010100000110011010000100111001111111011001001111110001110
101100101001000000111001000011110001110011000101110101001111011101111110011101001001101011011011
101101100010101010100000010000000011011010101110010100100110000000110000010101010001110110111001
001001110101000100100100110010010111001101111100001100000000001101100100000111001000100101111001
101111000000000110111010010101101101101100101101110010001000000101000011000110101010000000000000
110011011001111101111010100010101011100101101001111011010000101000101101100100011110101000110111
000100101000000010000110111000001001101011001001101100111000011000011010110011010101100011001100
100110101000011001000000111111110000010010110100111000011000001001001100111010000010000000010100
100000001000111000101010011010010101001111101110010001110100010010100101010010111110001101001010
110001110010110000001011111001110011110001101110011001010110100010111100110010111101011110100100
100010010111001100110110001000111011000100011111000110101010110000101110010111100111101000001111
011100011110011101000001110001010011000101100001110000001111011101101000011010001010111110000101
001001100101001100101101011011111001011001001011110111001100000011110101000110000111101010010101
100100111100001000111110101001101110110110000100111000101110010101000111110010110010100011110110
111001001111110111011010001011001001010100111111110011010011100010001010001110111111010101010011
111000000100101110001001011001000010111101011001011111101001111110000101111001101111100010110001
011101101001000011011100011010111010011100001101111111001100100100001000001110100101010010101011
101111011010001001001001110010100111010001000111111000000101000110000110011010011110011011011001
100010000000111111001111010111101010111011100100101111011001101100110101000010000010100001010010
110011101111110000110110001101110000100110111110010110111010010011011011011001101101000001100100
110100111000001111100011001100001010011111001111100111011100011101111111001011101110011001111101
101001111011111000011101010011010101010010101100000001110100111001001110010100101011101011101110
111101010101000101001001010111110110001001000010111010000110010010001101111001100011001110110000
110011110110111100011101111000100101011100101100100011100000011001111111101110100111111110101001
100010110111001001110100100001010001111001110000101010100100001001010011011011111111010010100000
011001101000011001001110001110100100110100111111101111101011110110011111100111110110010010110011
001010001110010000101001100001110101110110100000101101010111101110110010110010110101000000010010
111111111010000010001110100111000100111100100011001101110100111110000011000001101001010011001110
100001001010011000010100100000101011001101110101110111011010110011011100101000001100001110010111
111100111011010110111010100110011101001100001100001000111110100000010101100010111001111101100001
110100110001111100101111000100101110100000100111110010000001110111001010111001101100001000100000
000010100011011001110100101001000101111100111000010111100001010010001110110111110110101110011011
010010111010011010000011101101001001100100010110111001111101100110110111110100111110011101001101
111100101101100010001101110011010011110110111010010110000101001010001000110001100111111011001011
000100001010001101011100110011111001101010100110001000100111111110010011000000110010111000000010
100001001111011101100111000111101100011010111100111011100000101000001010111010101111100000011000
110111111011110001111111011010100010111011011000000011101010111110101111000101111101011100100000
101010010101111000001101000111110101110011001100001001111110010011111011001011011111110100000100
110101100100001011011110011101111111110101111000101010001000101111011101010100011001010110101010
010001101111011000111110000000111010100101110110010010010111111010011100010011000000001100011010
101111001111001010000001010011110000010111011101100111100011000111100100001001100110010111101110
000001011100010001111101001000110001100000000011001111101011000011000011001100110101011100010111
111001110110001111011001111010001001000111110000011100010011100000010010100011111111011110010111
101000110010110111111000101100010100000001100101101110010000101010001011111101110011111101011000
011010100100000111111111010101110100100010010010010000101010010100001100111000101011100001011101
110110000001010000001110101101001000011001011000011100101110011100100001110001110011111110011111
101010111000101101001101001000010111110111000001111011000100010111011110010100100100110100011110
110101111111011110100101101111111000100010000100110010001000110110000011001110010000110011010111
001110011101010111111010101000110001101111001011110000010011111111010011000110111101111101011101
000011101111001111010001000001000111110011100011011000001010101111010010001100011110110011011010
110111110111000001001011101000111110000010101111001101100101001111100001011011101000011111100001
101000110011100010000101010101100100010110010010010000100001110010100000100111101000001100001100
100111011111010110110011000101111011100110110011000100001110001001001111101011100111100101111011
110000000110010011100000011111100101010001100011110100000100111101101111110100110111100100111001
000101100001011001010011001001000110100010000011100111110011000100010110100011101011001101000101
110111001011010100010010010101111111101111011100001000001101111011111111101101100001001110011010
011110111000111000001011111011001101101010100011011111101101010110010111101011001010000111100111
010110101000110100000101010100100110010000010111000011010110111101110110011001100000010111001011
111010011001001011011110010000011001000010001111111000111110110001001111000101110010000110111100
001000001100010110101010110010010011011000001110100111101011111100101000010011000110000010101111
001110001111100110111100001111101000101001101000001101011100100011000000100010001110001110011110
000001111011101011100100011101000010001110000011010100111101100000111111000110000100011010011111
100101101100001110101000001111101110110001010111100110100000101010111110101001110100111100000100
000110001010001011101100010111110000011001111010000001000011101001100100111000100010000001000111
111111010110101111111010110100000100110010011110000000001001001000110101010101110011001110001110
001111000100000010101100001100000111111101010101011110010000110011000001011100101010100101010111
011111011000000000011010011110100011110001000000101111100000000000101111111101000000011000110111
000010110111001111110101110010011110100011000000101010011100100010010001100001111110010001011101
110101010010010111111111111101110011111011100100000100100000001101111000000100100110010001001010
010001011000001010000011111101010000100101011011011001101101111011100000110111010110000111000101
011011110011101100001100000001110111101001111001100100101100001011000110111101011000110111001011
110010100110100000100101110001011010011111100111010100101100110011101001101110000011100110110101
101011010000101110110111000100110010101110010100101110100111101110000010010011100011101111000110
100011110110011110011011111110110000111110110001101110111101110000010000100101101111000010001000
110001011110111111101000010000000010100000101011000000011000110000001010000101001000100011000101
010011001011001100010011011010110010110111011011101001000100001011000100100011101010100100101101
000110001011100100001011111011100001100100110101001011010100010001111011100101100011101000001110
110000011000111100000011111000101110011010101010110011010011101010101001110001101101000000100100
011011101001000011011010100110101110100101001001101000001000111000000011100011000101111111011000
010010110001000001010110000111001111000110010111100000000100101111110010010111001101010011101011
011001100101001010101010111000011110101110110011110011001110100011011100100110100011110001110010
110011101000010111000101001001111001000110010110010011011110110011110010001011110000011000010010
010101011000001101011001100100100001011011100001111001000110101101110010111111111101011110000001
101111011111011111001000110001001011001001100111010110010010000110111000000011011000011000000010
001001010011011000011110001110110101001110010010011011100101011000001000100000101010100110011100
000000111010001101101010000011101010011000001110111000011010100101101100010100100011100110111001
000100000101011000001011100110100110000000101011001011000000100101101000000101011000001000101111
001101101010001011011011100001101010110001101110100101101000110110100001110000110000001001111010
111101000000110001100010000000001101110101000001010001001011010001001111010110111011100000100011
100000110001010101110001111010000100111100010100001101101000011101000101010100111010111100011100
011101001011111101000010000111001000010001101101011010010111010011100110101001110101101111001000
001100000010001100111101101111100110001101001010111111101101101101001000110011010011111100110010
010101011110101101111110110101000000010001100010111100110000000001011101011000100111100101111100
110010101101001001110100100010011110111100111000100111011111011110001110010000111010000110111111
001010011001110001111011000111110001000010011100100010101010100111101000101110101101010111000011
111011100101111000011111001101000110100000011011011110100010000010101111010110000010100010111001
011010011010011001011101011111001010001101011110110001110101110010110000111110010111001010101010
101110011101101110001100100101000101011111101100110101000010111100111100101001101000010100000111
110001101000001010110001101101100011001010010011000011011000101110010110111011010101000100110111
110010100011110001101000110011111100111111010100001110110100110110101100101010111101111100001001
000100011110110111011000101000100100010110011011100001101011101111111001001100010001110011010110
001001010111101011100100111101011110011110101011000000010100101011001100111001100011000011111111
011111001101100100101111000110011001110100101101000110111110000001100001100011000100001010001011
000010001100100101011001011101101101000110010001000110000000100100111000110011100010010110101110
101100001111000000011110110110100111010001001100100110101000101110101010000000010101110110110101
011001100010000101110001011001010101010010010001000010001011001010010010011001010010001011011010
110111001000011011001011111111101100001011011011110110001010110110001000101110101011101110101011
010000001111101011110011100010000110011101011110101111011011000101001100101011010100001001001010
011111101111011000011010011011111010010101011100110110110010011101000101010010001001001000110000
100110100111111110101111010100011011111000101101010100001010111101010001100100000111010001011110
111101000110001011100101100100110011100000001000010010100110100000001100011000111011110000000101
001110011100011011010101011010001110100111111010111111100101010111011001111111001100100010000101
010100001101010001001011100111110001111010010001100001100100011010111111000001010000101111111100
110000101111110100001100110100110000010010111011001110010110000101110100000101111001101011100101
010011110100100010010001001011110001110111100010110111100100011100110110111001011101011100001111
011011011011011101011000011100110110001111001111101000110110001000010010001001100100101011010011
101011011101110011001101000101100011010111110001111001000110110110101111101100011001001010000111
001100011011100111100000000000101011011110000001001011000101101011000010100111011011101010010111
101110011111011101110000011001001101110100000011101001010000110001101010111011111010001000011001
000001111101000100000110010001100000011010110011110010001010010100101100101100001101000110100111
000101001010000010000011100011010010000001010001000101011111110000100011001101011100111100101000
110110011100110110001101101011000011010101011000101001010001001010000110111001010100001111011100
011110100010001001001110011001001101001001010011101010001010111101100100010010000010110000101010
010101100101111010011010000001000101111101010000011000000101000110010000111000101000110001111110
101110101010110000101001000111110001010011100101110111010101100010010000111011000110000001110010
100000110101011010101100000010001100000111001110000110110110001100000011110001111001011011001101
001100000010100111110011000111011101010100011110100010111101010101110010010010000111100010011101
100011000100011101111101100100111000010101001001010001100001101011001010110110000010000110001100
100001111110011010010010100010001111101000110111001101110010110111000110111011010100110101000111
100101000001101010000101111011100100011110011001001010010010001011111100000100011011100101010011
000111000010011000000010001101011010010111101001111001000010001000010111001111100100011101110111
000100001001011111101101101011100001010111100101011000110101110001011110101010010010011111101111
001110101110100101111010000011010101110110000100111011010000110100101010100100011101001111011111
101111101011001100100110110010101100001001100001100011110111010110110000011000000001000111111111
110100110011011100010110001101011111100100101000011110101011101000000011011000101110010101001111
011011100111010111110101110000111001011101000000011111001100101111010101010000111101110110010110
100000001110001100101011110100101100011001101011010001110110111011110111101111110001101111100000
011111011001110111000010110001000010111000101011000100110111011001101000000011010000100100011100
011001101000110101011011110111000100111011001110010011101011100111001001000011011101010010010111
110000100011000000101110101001101001001011110110001010011110110110011111000010111110111111010111
010011100100101000110101111110111100001111111100100101000110001010010000010011010000000101100011
001111100100000111110011000111111110110100101010111101101110001010011110010100100101001010101000
111101111011111010001001101111111101000110100011010001101100100111000101111111000010100011110110
101110010100011100111101100001111011111101011001110111101101110110101101100001110101110011101101
011001111000100111101001010100100100001111000001111011111010110000000010100100110111011011010110
100000000000101010101101011111010100100111011010100111010001111111011000010010010001101010011101
011111010110100011000001010011000111010101000011111010011111001101011110110110100000110010111000
000001010010110000010011000110101000000110011011001010101100111111011101011001111010100111111101
001101110111001110100100000011001111011001101011001000111101011000101100111010111100101000111000
010001011000011010100010100101000001011000011100010010001101100100001111001101001001111111010010
001111100001001100011110110010001110010000110100001110101110011101100000010111100001010000001110
110110110000011000111111110001000001010010111110010110011010011000001100001101001110111010011001
001011100111110011000001000100110011000101101101001100001000010010011101101101011111101111100011
000111101011010000001001001011001111101001000011111110010010100001100101001011011110000111110100
111101100101101010100011010000001111000000100111111010010110001000010111110110010111000001010110
101001111000010010000010011110100110100010110100101010000110001101010110111100000001111000111111
100111111011010101110001101010100111010001001110000001011001110010001100010110101001100101101101
101011111101101100001010110110010101001001011100101011110000000110110110000101000001100010100000
110011001001000110111001011101000110000100101110000110010110100110101010110111101110010011111001
100111010000111111101010111011011000110101101101100111100010110100101111101111010010001100110110
100100110001110010101010110100110001001001001010101101010011100111101001011100110010001101001001
110000110101010110100000101100011101100110000001001000010110110000100011000100101101100111011000
110011000110111011100110011110011000101000110010000111010001000110111101010100010011111100101010
001000110010110010010110001111110111110100001101000011011100001011111001110100110100000011110110
010011010001001100001001101110100001100100100001010010011101000011010011000110110001100010001000
011011101010110101001100110011000000001100010111111100011001111101111101111110000001111000001000
101000001110101001010111000100010101111110100000111111101011001100110010111011100011101000011000
101111001101101100100110110101000000100001010111100001011010111010010000001010101000101100111000
101010001110101011011110101101100101010110000001011111010111111111100011010110001111101111001101
101000110000101011110011111011011011001010100100101010001010100011010010101011101011111011101010
011110011111010000000010101011001001100111011000000111100101011000101010010011011000011100111100
000011000100010010010000011110111111110001001111110110110010111111110110011001011001110101000001
110010001011100101000100001010100000000010110011000101110111011100110101100011101001000000110101
001001101101110110111100011101100111110010101001011010010011010000100011011000110011111011101010
111010111101011010010010001101111111001111011000011111001100101100000111101000110100010111111000
000010011011100110111001001111100110011110000100100100000001101110111100001010001100110010101101
000101001101000000000000111110011101111000101010010010110100001111110101101010010011101011101000
110100101110101101000111011011110111101110001000101010001001100010011110010011110100101110010000
001110000100100100100000011011111100101110011011000010011111111010001101001000110011011111101100
011111100100001011011001101111001010110001100000001010010111101000010100100111111110010010010110
101011000101111001110100101000101111100100100010001111011100001010010101010001111010001101000111
010011100110100100110101111000111100011111011101110011111101111100111110111110010001111100010000
001110110000011000011000010001100011110100010110011001010010001011001101011110001101010001111110
001000100110110001101111111100111110101100001110011011000011001001101010001111101110110000111110
001100000111100100100100000000011110101100001000010010101001110011001110001000000000000000001001
010101111001101000010110000010110111100001111000110101011111001111101011110100101010010010000110
000110001000001010111101110011010010000100011010100101011100110010001001011100000110000011110011
110001001111111101000001100100101011111010110110111110111110110011010110101010110110000101110101
011101001011000110101011011110100001011111001101100001001000010010011101010111100101001111001010
011011011011100100111001000001001111101010010000110111101011110001001001011100010110110011000011
101100011001111101010101111100010011001000111111001001111010001101001001000110000110011100000101
011011011111000000101110001111111011000111010111110100111011001101000000100000101100001101001110
111011000101110000111001100000011101001101010001010010101011000000010110011010001010110001000101
111001110001011100010000011001110111011001101001000101010100100001101000000011010110100101001101
110010111000100011111010001010010101010010010001010010110110010011100111101111011101010110101000
100110100110010111111001001110110111111111011000000011000010111000101011110110000000101010110111
011010000110110100011101110101000111111000001110001011011001110011111010000010010100111000100100
101011011010101000111011110101011100001000110110000001011010110101111111010110001110111111011010
010011101010011000101010001111000111100111101010111100011010011001011010001011101001010101010100
101111100101100100101111110000101100001111101101111111110111010100100110000100001011010010001110
110001101010100010010110011000100011100111111110110101111010100000011001010011010010000101110100
001001010000011010010110000011001110010011000111011000001010001011001010111101010011110101101100
101111001110011101011010100010110111111010011100001011110001011101111111011000010110110001101000
010000100100010101101001011100000001100111100011101100101011100010001110110100100011101000000101
000011001001111000000110100111000010100000100100011111010010000101001110111110011001010011000100
100101001110001100001000001011100110011101110001001100001110111011111110011001011001110011110000
111100010010000110100110000110111010001011000111101011100001111011101110001100111010110000011100
100100100010100001001100000000000101010101001011100110011010011000000110001101000101100011111001
011101111100101100100010011000110111000000101010100100000011101100010000011110111111111000100101
000100100001110011000011110100101100111101100110011001100100011001010001101011111110111001110110
110111010011101000000000001101100110010111001100001101011101110100111101101010001011000011001111
010011000110110101001101110101000001000001110000111011000100111011001110111111110100001010111100
111010110111101000011111011110101111111001101001010111110101110111100010110000001011101010100111
110101111010011001011101101111110010011000101110011110011100000100110011011000011010010101111001
100011101110101110110001001111001111001000111111100100100101010001101001010100100111011101101010
001000100100110110100000100001001011000000111011011100010111001100110000111000000111000001011110
001110101010000001110101110111011010001110010100100111111101001110001010000100101101001001011000
110100111100011011101101010000010000010100100111011000100000000010011011100011110000101100100100
100000101011100110100000010111011100000001101010110010011100000110101100000000101010010100001000
110000111010101000011101101001110111000011001101010101111110001101101111110101011101000001010011
011110111000000101000011101010111110111110001010010100000111101110011011110100001000011111110101
010010110001110110001000101101011111101101000010000011000110001101110100100011100100100111001100
011100010111100101010110001101111110000110101110100000101010101100000111000001101010101111000011
100001100011110101101010111101011101111111010111011100110110111010111111001100101011110101101001
000011001100110100010001110011101011110110101010100110110001110101010100100001011100000100100101
010110101100000111001010001101100100010010000010110010110001011111000100011001010101000011111001
100100101100110101000101111011110100000001110111001111011110101010110111011011000110100100111000
011110000010010100111100100010010100001100000011111111101101010100000011101000010000111010010011
001010111110010110010000111110110010011000001011010011000011110010000110001000001110101001011101
100000111001001100110001010110110110110110110010101011101010010100000011010101010001111010110010
110110011111110000111000001000111001101011101011000100011101111111010111110101000111010010011010
110001101000001100100110100111000001011010000111011000100010011111010010101111011001001000001000
101011110011101010000001100100110101010101100011110101110000000101000110111100110001101101001100
100010100110101101100110111000101111011001001101011101001010100110100110110011100001011111010011
000011101110011101001110010111100100100111011110001110010110111101000000111000100100010011111101
001010000010011101111001101000101100000001101101101000010100111011111011001000111000001100001100
011111001101011010000001111010100010101111001010000100101010011101011100011110111110011010000000
111001000100010100010010100001110110000000110101011110111101110101100100110001010000011111010000
100000010110001100110000011110111110010010011001011000011101001100101100110000001011001100101110
111101011010000101101111100101100001010010001000111101110000101000100100111110001000111111011001
011111110110100001111100011000101010110000111000111000011000111101100101011111100101111001000000
100011111110100111000000111100010000100010001110011011110110010110100010100000000100011100110100
010110001000100101010100100001100000001010011110111100100000110101100011101111111000001000101010
010000010010110011101110010001010101100111110010111001100000001010010001101110100010110001101110
110100010010001100111011101011101111111010101101000111100010101000111011100000001111011011110010
010101100110110100001111010111010100100000001011011111111000000110101110110001100011010001000010
101000001101011010110100110100100111101111100110110110101011111000100001000000101101001100110100
000111000110101011101101000100011111000011001101000111101101001111001010001101101011000111001100
001011111001011111001011000111110011010010110001010001010110110010001100100000000010111010011100
001110110110101111101001101011100110011010000110001100111000001111101110011111111010101110010011
010111110111110001111011001100100001000101110110111101010000001101110101010001111001110111000000
011101110010001111110101101101000101000110110110000111101010110001011001110010100110000111010111
111111011110001110001100010011101001101101001110111011101010010111111110001111110010000101100110
011111110100101011111001011001101000011001101000101110011010000110000000111111110101011010010000
110000010010110100001110001001010010101100001111001011100011110000100011000111101011000001011011
010010011000001010010110000110110001110001110110011011111001010110101001000100011101110010101111
110111110001010111111101100000100010100101010110101011111001100011100101000000010100001010000000
101010100101010001100111011111010110001110001010010011010011000010000101001010101101001111100111
100011000110011010011111100110011011101101000000110001010011000000111111111000101111100010001101
100111101010001010100010010100100100111000000011111101001001001101110000011111000010101000000011
010011110110010110011101110101010101111001000111000011000000011000010101001110101010000000010111
100000111100010011111010100100011001011111011100110100111010011110011111101000010100111011000101
101011110010100001010111110111100001111101110011011011011010011101110111001100100001111110110110
110101000010001100101100010001001001001111110101101110011010111010001110011110010111011001101100
101011110101111110010100100100111111101100000110001100011100010100000101000110111011101001001101
100101011100110000110010101011100100100110110100100100000110001011000010110100000110110100011110
100001110010101000110001001110110111101110010001111101011110011101000011101100100100101101111110
111100100110010100101111010010110111010010111010100010110010111001100111101011001100111010101111
110001011110101010100111110001000001110001111110010001000110111100100100110000101000100110111000
111000001101100011110100010100000110011100111011001100100000101111101110110110011111110011011010
101010100100010000101111100011110011111011010011110110001111111110010010101110111101110010110110
001010001001000011000011001011111101111101001001001101110000100000001010100100010111100111000110
011111000101100011010101011100111001010010010000011110101010101001000111100111101110000110011010
100010001010001011001101000111011001000011010111010010100011011111110011110001110100110100101100
011011110010110010011000001001000011100011011110010111100110000110101000011100101111011001010111
110101111001110110011110111000010010000001000110000010100001100100000101101000010011111101010010
101000011100010101001100011100100111000111010011110001110101011001011100000011011101100110111101
111000001100000000110011001001110101110010000000100101000001110101110101111001101011010000000000
111100110111001101010100111000101101110111111111110100111111001001110110010001011011000011011011
111010110111110100001101011100111010001110010011011011001111111100010100110111000110110010000010
111101001111010011001101111010100011011010110101100000110110011011101000100110000111011011011101
100010100110011011001101011110000101001000001000011011110110011111001010000001001010101010100000
001011111010111001000100111101101101100100110100000100010001100000010000010010011101100010001000
100100101001101111010100101001001100011111011110001111110001101101101101000111110110111010111001
000000111000110100001010110011100101110101110100101011000110001100000000010011010101111001000001
011000010110001100100000100011011000011101100111110110010111000100001100001011111100011101101000
110110101001001010101100101111000010100100101001111011001101010000110011110010011010100001101110
101011101010101111000111110000010001001100111110111010011010000001000101011000000000110100111100
001101110010110011101111110000100100010111101111110001011001000110111001110000101011110100010011
110000101101001100010001110101110011011111101101000010100001100001010111110100100111100001010000
000011010010000111011011111100001111000111001010111111100100011000010101101111011101100001111100
100111100100111100000100000100111110111101100100100000011001101011001110010110010010010010011010
010001101110101000101100001000100010101111111110011001111000100110001111100011001000101111010000
001010111001011100000000000111101101010110000010100100001001111100111111010011000101110011011111
011111101111110010000001000111000000000101101101001001111111110110000100010101011011011110100000
110011000100111100011010001110101011001001011100010101111111100011100000101100010100010011011010
110001000000001010101101111010111100011101010010100010101010100100101101000100100110111100101110
100010111100011100001001001101000110110111101110111000001111111101111001111111111011000111101000
010111011000011011111110110101100101011111010110111101110001001011101010011010111110011010101001
110000111000111001001011011110110010001010010111111011110101010011001011000000011101100000001001
110110110110001001111011000011010101101000100010010100100110111101001001100001111001010101110111
010100100111011010001000011101000110010000111011110001111111110001001001010001010100010110111000
101111010111001101011110000111010001111011001110101101000010100101101110001110101001101111101001
110100111111010010110000000101111111101101010110101101100000001111110001110101000001011100001100
010110110001001111110000110111100111111111010001000011001011101101001011110011011101000000001101
001011011001010101010100100011010110000000001011110111110100110110101001000110100000100011010010
101001101010001101011001010011110000100100101101000011011000100010111101000110011110110100101101
000011100000011101100011000011010101111010001010100100011111101110100101100010011010100000000001
101001101010100000110101101111000110001001000101100000010101110000011001110000010110100101010010
101010010010010110000101011001101101000110000110111100010011111100011101011010000000010001011111
001010100100110010010010010111101101001101110010111101110111110011001101101100001101011110100010
111101011011111101111110110000000010100011100011001010110100110100111010100001100001001111001110
000011100100100011100001110101000000011101111000011111110110101100100101101110011111010111010000
001011101010100101100111101101010101011000100000011101101101000011111000000100100100101001000111
111100110000011110111001001111101100100010010110000101000001110011101100010010111100000000000011
011011011101111110101100010110111010110111100110100000111010101101110110101001000110111110101110
101110000110101101100100001001010101110111110000001100110111101101111111011111001010000010101001
001000011110100010000101011110101011011011100000100010111111110111101011011100100011000100000101
001111110010000100000111000110100101110110111111010011110110001001011000111001100101100000000111
110100110111100000011011111100010110110000100100000000010011011011001111011100101101110001000011
101000010010101100111010100010011101101100110100100101011010001100000100111000111101110010110001
010011010110101011111001101000000101000100101010111101010100101000110110110010010001011011111001
101000010110110100011110011010010011000101101001111010110011011101111110110010110000001101100010
101001010000100010100010110000001100001001111001010000110010000100111001100101000100111010110011
000010000001111010001100010000110011100001011110110010010101110001100110101110000011011001010111
010011011010100101100011101100100000100100101111101000010011110000001001011011101010101100000100
101010000111011101110111001010010000001100011011010001010100101111010110110010000010110001011110
111011100000000000010000110011010000111100100101110000001000111100110110011111010100111110000111
110010001010011101111111111100110110101011100010001110001011111110011110011011001000011110011011
110101001100111111011100101111111011011001000101110110110001110010110011100000010001111110001111
000110011001001011000101000100100001111010001011100100110001001111111000111001110100110110001000
101110110011011010010001000001100010100000101111010010101001000110010110111111000110011000111110
000001001010110111011000110110111110111111110010010110001100101111010011110111011111111011101010
001101001001111100001101100101010110001101000101001000001101110101010101100010101010101101010001
111011010010111000101110100000101111100111101011101001100010010001011101000100110100111100000000
111101001000100101011011100100010100011001101111011111101001100111111100001100010101010101010110
111010100110101001110111010101101111111011110010111010101000101100110101011010001010110000001110
011111110001110111011100111100010001110110001000110010010110001110111011100000001100111010101101
100100100001110001000010001011101010100000001010011111100111101110111110110011110000001110000111
000001111100100100110011010001100100011011001101011111101100111101000100010100111000111111001011
101100100111010000111111011000001001010011010100010001101100000100000111111101000101011100100110
110111011101110011000111110110000100110011111000110010010110101000110100101010000001110110001011
110011101000100111101010000100011110010011010010010101101000100111111011100000000011111001001101
111010000000000100010110101000111000101110101101001001011010011001010110011011010101110100001010
100100100111010111110100110100001010001010110011111100011111111011101000101101001101000100110100
001101010011001000001101001110111011011101000101000111101101110010001110011111010110000101001010
000000111011111011001111101011111100100100000110010010001100000111111101001001010001111001100001
100001111100111110110101100000100010001000100011111001100101111010001000011000100111100101100001
000011000000101110111000001011001010100100000011111001011000100001000001011001110011110000100110
000100100100110000100010100000100110011001111001001110001000101110110101001011000110111000111001
110010010010100001011001001010000100100101100110100101000110001000010100110001100011110100111101
010111110010000010000000011011110110000100101000111101110110101000000101110110100100010101001100
110101110001011100111101010101010110000000010010010111000011101001000100101101000100110010111101
101111100110100101001111010000100101001000001011110100110111101100000000101101001110010110000110
110100001010100010010001001000101100010111111010001001100110010110000010000110001100101100100110
001000010110000110010101010011101010101000100011001100011010101001101010010101101101001111110000
111010001011100011110010000101011011111001010001110010010111011000100011100111011110001011011010
010000000111010100000011100010010001000101010000100000001011111101100010100011010011100111001111
000110110111111011011011000001101011010111001011111011011011011001100101001001111010010011101100
101001101100010000001011001110110110101011100101000100011110001000010011010011110111101000110000
001111010111111000001111001011101011011111000000100100100111111111101110111001001110101110000101
000010110101100110011110000100111110101101101111010001011010011010001111110101111000000011011100
110011110101011010100110111101000101011011010000100010100000010011010001110101011001111011100111
110000011011001000110111111110000111010100111011010001100111110010111000101011001000001011011010
111011100111100001111001100101110111011011001111000001000001010000001000101000110001010101010111
010010011101100100001101100101001101011101110111011011110011000111001100110100111100111110100111
110110010000110001001000111110111111010001111010001110101101110110000111101110111010001111000000
101011011000101001111000100011111000111100000001010000100000101000100010001001000101110010111110
101101100101001110001011111000010101111010110111101110011011010000000001100111100000100111011001
111001100100101011011001100100001101100010101100001000101001000011010001100001011000000011010001
111010111001010110100111010101111010010101100100100001011000010010110101010111011011001101101111
001001101010110010100010001110101100100110001110000101100100011110110011001001111100011110110011
010010110010110101000100011111000111111101011110110000001110110011110111101001111000000010100111
101110010101001011111000001010001110110110101101000001001111101000001101111011100010010001001110
101100101101001011010000010000010000101110010001111110000011010111001101001110010111001110110100
011101000001101010011011101000010010001100010010100100010010011010001100010111100000101110101101
110111001001111000010011111001010011101110111000111010111011010110000011001110111100011101101011
011000101000010101000001001000101001000110011000001000000110100011100111110111101000010111010011
101010110101011110010101011011100000000010000001011010110110111001110000101111100011111010101010
000001000010000111011010000011111110100010100000000001100000000010111011111110011010000011011000
101000001111100000001101100101101010011100110011101101111001011110100001000101111101101010011100
101001101011001011011001011111011101011011001010000001110000111011000100000001100101010100000000
001110100000111101101011001000100000000111100010010001011011001100010111100011100001101100110110
101101100000100101100110101010110101011010011010111110000110001111011011010001011100000011100101
111001011001001011100010011011001101010100110001001011100010001110101010100000011100001001000111
101111011001001100111101000101001100110010110110110111111111011101011100011000101001010101110110
110111001100100010101110100111010000100111010110001001101101010010110110100111110101111001001110
100010111110010001001011000000110000010111011110001110110111111001110111000110000101011101000111
111011100101001101011000110010001000010110110111101101000100010011101110011001111101011100010100
011011010110010001101010011100111110001011011000110010100010001000001101000111100110010101101000
101111011111000101100101010111010111110000110000110011111100000000010101110010001000000000100000
001111110111011000111111110110100010001100100010100100000010100100101110011011100000100100110001
101001110001101111011100111110000110111011100110001001110000100011001010010001100110100110001001
110011001110000110011101011111011100010111011010010110111000000111110000111000101011110010010100
010001101110111111001111110010110001000111100100100011110100001100111001111010110011011000010011
000000100010011110010000100000100101100100001111001000101011110011000001001101100101011111110101
000010111101001001010110110100011010010011001000011011011101000100100011000111100001000101100101
111111110010110001001011111010111011110010100101000000011100101100101011111100100100101011101110
011001010011100101101001000100001100101011010010100111011010010011110100011001010011010100011010
011100000110001011101100110001000000101001111100111100001100010010101101110101001100110100010010
101101110000110010110010100111100111010100001101111100001110001010000111001110111101010100010000
011000011011001111110001101100111001110011111010010010111100011001011001000001111010011000100001
011100101110111001000011100000011000101110100000011101000001101111001010001010101100000000100011
001110000110010101010101100101110101001001001001110111001010111111011100000100100000000110000111
100100100001111110101101101000010100110111110000100011101010010011101100011011101101010110101111
111110001101100111000100011101000001000101000110111100101000001001010000010110111101101011111111
010110111111011011000110110000101000101011100111100010110111000101010011111101010011101001111001
101111011110111111010100001001110101001010111111000010101111001101011101001010101100010010000011
001011001100100101011111110100110000100110100111001100010001011010001011101101011111101111110010
110100001100011010111010111111001000001010011010111011101110101001010100001001101100001011101010
101011110101010110011100111001100011011100011001011000110000101011100001011111110110010000001101
101111011111101000010110011001011111001011000101001000110100000001000010010001001000101111011110
011110110010111011101100100010001001110011101001000000001001010111100111000001101111011111001101
000110110100001100001011100101000100011100111001110100101101000001010100101001010100011110001001
100011010111111000101010011100000101110101000100111100011111110010001000101101000011010010011110
010000101111111100011101001101111001111111001000000101001101100001110100001010001000011001111000
100010110111001001101111101110100101100110011000001001100101000101011110001011110101100001100010
111100100100111001001111110010000000011101110100101011101001001101010111010101111111101110110100
001100110010000010010100110111001100011110010001110110011000011000010110101011100001001111010011
000110010011001111010001011100100000011100010001011000010110110100001101111100100111000100010010
101010011010010110111100111101000010110001101001101000011100001111000110010100001000010010110101
110111101100100111001111100001101010001011101001010101010110010100111001010001010011000101110110
100110110000101001011001001100001000011010100101001000110101110011100111101101111101111101110111
100010001001111110001100001001000010000110001000011110010100111011101010001001101101011100111111
010010101010000000100100100011000001111010110000010000110001011100000001101110111001110111010110
110010000000011111011111111111000000010101111110000100000111110110011000110111100011001011001000
010110001010111110001000100000001001100001101011100001001110001001011111010000011110110100000011
111000110011000000110111101100000000000111000011101111011101110111000110101000101010010110010100
001110000110011000010110001101101101010100111000010101100010111101001110111101001101101100011000
010101100000100110010101100101001101100100111111001101100110111011000101111000110100000011011110
111011100111001000110011010010001001011110010001111110100100111000100101010101101000010001001001
000110001001000010110110100000011111101000110001110010010111011011111001001011101001001011000110
110100110000011101111011011011101100010110100101110001101110011100110110100011001111100111001100
010010101110100001000001011101111101001100110010000110010101000010110111110010111111110100100000
111110011111011100001110000101010001010000000111100100000101100100111001010111110011010001111111
011111010010100101001100010111000010110100001101011111000100000011100100100100000000100000010011
110000111111110011101111101001110001101010111010101111101101111010110110011110001011001010100111
010100010010011001100110100000100110001001111010011101111001000100010010110100001111000000101011
110000100100010110101101000000111100110111011001011000001111001010000001101000010011000101011010
100011011101111111110001000101100110100110101110101010111001011100011010000100101110000011011011
001111001000000101000101101011101111111101000110001011011011011011001000100101100001100010001101
101101100111010101101110001000011001100111000011011001100010111100011110110100101000010001000010
001110010000101101111101111101011000110001101010110001111100011010000101110011010000101101010010
101001101010000101110010010000001110010101110100111011000110001011110001100011000011110001101100
011011010100100101010011111111110000110010011011100011001001011101001101011100100100010101011110
010000101011101001010010100101000011000110111001000000000111010110011000110101011110000001101110
010110111100111010000001110001001100100010110111111000100010101000011010000000011011101000010111
010010110010111110001010110111011011100110101010101101000101100111110100001100100110010010011000
101111011111110100101110000110100010100010100100111110110100110111101101000010011000011110101100
000100010110101011100110010111101000000101110111101000001111101111100100100111000010010101011101
111010011110101100100000001001111101100010001111100110100001100011000011110111000111100110111001
001111111101101111100001111110101011001101001110101100101110111010000100111101100010101010110100
111111001011110001101010010001110011001110111100010100100101100011110100001011111111000000000001
001001000011011001011011001000001010001100111100101001110010001001001100111001000100010000010110
110100000000111001000100100101110100110111101111100110100100000010010110111111010101001101100100
111001101111110100100101110110000001000110011110100010001001001110010011110101100001101111011010
000110110100010001111011100111110111100111110100100110001110001000010101111101011101111000100010
101110001100011011110100101000010011110001010101000010011110011111000011100110100011010100111110
000110010100001111001010011110111000010000000011011011100010010011001011111100110111011011110000
110100010100101111100101110010001100110001011110111100011010101000011001111000001111110100000111
110100110000110110010001100001000110111101011101010000001000000000000110001010001101010110101011
101111001110001101110011001000110111010110101011101110110011111010101101010010001011011110111110
100111000011101100111110100110010101110111001000110101001001100000001100111111001001111100101100
001011100110010111100010110010001001010111100101010110101110000110001101000001110111110010010110
100101001010111111011100001001101010100010010111010001010111000011111100010111011101001011101111
000110001111111000011001011110111011011111000111010101101010000000111101110010111001010110110101
010111000100001001001101111000001000100110000000101110011011110011110111101111100010001001101110
010001001111110011010100010001000001001000110100110000010010111000110110001011110001010100010101
101010000011110001001001011001011100001000011011111111111111100100101110001110100111000111011100
101110101010001100101011100111101101101011010110011100110000011111000111101001001000110110000010
111000011011011010111010111011010110101000100100001000000100010010110000010100000111001100111110
010001000110000111100000100010000001101110010011001010100000000000001101110100100010011001010000
000011000011000000100000010001101110000100111100100101111011000100100011111100000000111100100011
001011100001001110010110111101001101101010111100111000010111000000000011001010010000001111010011
101000010001000001101111011101011000011001100110011011111010100011101110000111100001110010000000
100010110110001101001010101110111011101101011000111001101010100100001011011010011010100110111011
010011011011011001110001111010110111001111101111111111110110100011110111011011010001001111000000
100001101110111000000101000110100010001001101101110110110011000011001111010001010111110000110100
111101001001101101000100111010011011001000101101010100001001100100010011101111100100000011010001
101010000011011000001000111110000010100101100010110011110010001100011100100001101110000011101110
101110010100000100010011011101101011001001001001101001010001000011111110000011101001000010001110
101101101100000000110011011011110111110101001000010110100001001100011100011000110001100010011001
110000100000111101100010000000001000100000111101101111001010110001111110011111101101000100111000
110101101100100001010100110100110101000101011000010100110011001000110011000010100110010000001001
001000100000010111110111001001110110111010011000101001111001101111011001100000100011100101110100
011110010101101101100011001110101001100001000001001011010011110110101010010110001111010000101011
101011111100100100001000110101101010000111101100011101000011001011100110000011100110011011001001
011011001010110011110111010001101101010110011111011010001000010110011110000000100100111110110011
100001111111100000101110011101110001001010011011001110100111110001001100000011000100110011110111
010010100101010011001110000011100000100101001101111001110111010011010101011001101110111111101111
010000010111100101000000010001110000110011101110001111010000011011000100110001010011101011000110
010100000010101000101100010010010000101000101110100000111000110111100100010100000111101110100011
111010100101001010110110100011011111011011001011110111111111010001100000101000001111111011000100
010001000111000100001100101001011100010101001110001010010111110000011011001001010101000000010001
000001011000001001110001100001011011100010101010100011100101111010000000000000111110110101001100
110100011100001111101001110111000011011011100100010001101101101111111011100110011100100010001110
011100000001100101100100000011101001000110010000000110001111101100011011010000001010100010110011
001001100001001000111111010111010100001010000100010010010001010011000010101010100100011000011000
111000101100111110111101011011111000000011001100101110010010111011100100001001001010101110011100
110100011010011001101101101000100010011010001100011001100001001001110001111001100110010110001111
100001101110101100001111001111011000111000111000001110000010110011100010011011001011110111000001
100111110100010101110010100011110100010001010010100110100000101111010111011101111100100010000111
111100010110001100110101001010100000010110110101111111111101000110011001010011001010100100010110
111100001001111101111111111100100000000101011011011110110000000010110111111010010011000110010101
011110000110110010111100000010001100110001000111011111110000101110101001110011111110011011001011
111110100000011101101110011100001001000110110011101011101101010000010100011101010110100101001110
100111010101101100101110000110011000011011110000110011101000011010000001010010110000001011100101
011101100001101001001101101000011100011101011101011001100101010001110110100010110111101110101110
110001010110010101010001010101111101001000011011001111111101110111010100010011011101011111000111
010110111101101011110110000011001000110101010001111110010111101101011111110111100100010001010100
101111110100011100001110111101111100001110001011011011011110001100100010101000001100110010110010
000000111001110010111000101111110000001001110111011000001110101100000111110110100110000010011111
111000110111000010101010010100001011000001011011100100011001000000010101011010011001100110111100
100111001000110111001001100011100110000010011101010100111011011110000010011001000111011110011001
010000011100001111011110100111111100100011010110011001100101010000101010100001011110001100101110
010010101100000110100100100011000110100001010111000011110010011100001100011110100010010010111000
101100111110110100100100010000011011000000010010111101100000000111101011100111011010111100000010
111010011110010100110110111111111100101011001101000100111000100101010101001001111101010001001100
111111011101001110111100001111010001011010110110101001110011011100110110010000110000000100100111
001001001111101100110011011001000101010101100111000001100000111100110101101111100111100111110100
001111001110001111111101100000101110101101110111110001011110110100010110010100100110010100100000
011110101011010111101001110111001100010100010101100000101111000010001101101111110011000100001100
000010001001000010010110111000001111111011110000101110010000010110010001011100100001101001101011
111100001011000101001111100001101010010110100000110010100011101101000111010101100101111000101001
000011100000101101110111100101110000010001001001110110010010001011011101010110010100100000001010
111000011111101111110110111000000110011010010000110010000110111100011110000010101001100100100100
101111011000100010010001111101010111011001010001001101110000010011011101000011110101010100000000
100100000000010010001111010011111010100101001000010100100010111101111110100011001100011110101000
000010100100111111001110110110011001010100001100000011011100101000000100000110000110110010010000
101101101001101001001001011000011010010100001100000010100110110111110010110010100011001110101000
010011010010111001111111000111100001000101111111100001010001110011001010011000010010010111010111
011010101111100011111110110111001000110001111100111100111000110000001100001111001000000111101101
111101110100101010110010010101110011110101111101000001101010011111000011001000011101110110110110
000011010011100010001110101011010001101000110001001100000000111111111011100111100111011011110101
010011101111110101101101110001101011110110110100011111011011000010001001001111100010001101100010
111001001101000110000110101100101011110111101011000101101010101001000011110001111100100110111011
011110001001011100010111111011010101101100000100100000010101000111011100111101001111001010011111
111101110011110010100000100101010111100011010101110000000100101110111110110001011111110000001100
001100010001101101001011000111011110001000100110110100011001011011100010011111001001010111000011
010111100100100110101001100101011101011101100010111001101000000000011110011100101110001100000100
010000100001101111001111000011110001001000010000100111010001101001001100000000011001100010011110
100011011010110011111101010111101101111000100100100001101001010101000001010000100101010000001110
001101100110000001111110011000010110111001111001001111110001010000001010000100111000111011011110
101101010110010001010111100001001010010100101101011001111010001101111011110110000111101101101001
110000100011100110110000010011010111010000110000010011000011010101100010111110011110110111000010
000001111101101000011011010011010000010111111010110111111110101010101101101011100111110011010100
111001000001000011000000010010001010111101000110011010011001001101110010110100000011110001010110
001000111100000100100100000111101001111011110011100101010000101111011001101111010000000111001010
000110000100101101000111110111110101001001111111001100100100001000010010100101110101000110100010
011010010111011001011000101001101001100100000011011011110101000101101010101111100100010001101100
111100010110000111101101011101101110100100011100110010111100101110000100101111011001000011101101
001101000011011100101110100111001111101000010010110111101000001110010011111010000000100101111001
110011111001100011010111010001110010100001100111011000110000000110010001010111101000101101110000
011011100001110111001010101100010101011010101110101000111111000011001110001010111001000111100010
111001000000100111111100111100011110110101100111110100110100001010010000110100010000101100011111
001011101000000011110001101111110000000000000100011111100011111101100001110000001111111010100011
001100000100111110100100001011010011110110011110001110010101110111100101011001111011010010001001
111111101011111100000111000001001111101111001011101010111000011011100001110011010001000010110101
001011110010101001000111100000000111100000010111110101111001111000011101101111100001110001001100
010000001010111101000100001010101000000101000110001101001000100101100011000100110011110000001001
101001100101000101100001010101000110011011110010010001100110111010110001010010111011001101010100
010111010111110010000011001010001111110110111001100010100100110111011100100111001001101100010011
010110101011010001101110011101000001110001001110011000011010111101111110011111101011000100010101
010100101000110101110101010010010100101111010000100110010000111101101101010111011111101010010110
111110110001011001111101011100010011111100100111110010101000101000101101001010001010010000010110
111000101110111010010011001001100010100101010000100000110011101111111000111110111110111100111000
000001110001100111000101111100010010110000000000110111110110001101111000001000101101010000100011
101101000011011110111010011011111101100001110010100100110001110100001111000100100110111100101100
000110001101101100101111110000001100100010011100001000101101011001111111010100110110110101100110
101000101011010101010111111110100111101001010101111111010110101101111000110011111011010100001101
001110010101100101110100011000011111000101011000101010011010110001100011100100111011010111111100
010100011111110011010100111011111010000000100001000101010010001001100001111000011010011101110101
011001110001101001100001110001101001100111110001010111011001011011100001011100101100010000010000
001110111011011001101100010110110110100011001111111100000010010110000000001000101011100000101001
000000101000001011101000100100100111110110101000000000000101100100100000111010101100011010101000
