011000010000011010011001000010001111000010000101010101011011011110111011011011111010101100000100
010100100111111111101011001000100110000010000101010101011011011110111011011011111010101100000100
100011011001001111011110001110100100000010000101010101011011011110111011011011111010101100000100
111010100111111111111111001000110001000010000101010101011011011110111011011011111010101100000100
110100110000011111110011011001000100000010000101010101011011011110111011011011111010101100000100
101111111110001100010001010001001011000010000101010101011011011110111011011011111010101100000100
110011110100011100001101010010000000000010000101010101011011011110111011011011111010101100000100
000001011101101110000000110101111010000010000101010101011011011110111011011011111010101100000100
110100001100110101111111011111011010000010000101010101011011011110111011011011111010101100000100
100000110011100001000010000111101001000010000101010101011011011110111011011011111010101100000100
100001100101100100111100111111100111000010000101010101011011011110111011011011111010101100000100
110000101010011001110011000101001100000010000101010101011011011110111011011011111010101100000100
100010101010110000101000100000101110000010000101010101011011011110111011011011111010101100000100
101001011110011100111010011110100010000010000101010101011011011110111011011011111010101100000100
001110110110100101101011100001110010000010000101010101011011011110111011011011111010101100000100
010100100001001000100111101010111101000010000101010101011011011110111011011011111010101100000100
001000101110001001000001111011111101000010000101010101011011011110111011011011111010101100000100
000011001011010011110111111011010100000010000101010101011011011110111011011011111010101100000100
011001101001111111000111101111001000000010000101010101011011011110111011011011111010101100000100
001011001111100101111010010000111111000010000101010101011011011110111011011011111010101100000100
001000001110100010001100000110000100000010000101010101011011011110111011011011111010101100000100
110111111010111000111100011000011001000010000101010101011011011110111011011011111010101100000100
111000101000010001010011110010000000000010000101010101011011011110111011011011111010101100000100
101110101110100000110101111011110000000010000101010101011011011110111011011011111010101100000100
001010100010111011111011110011111111000010000101010101011011011110111011011011111010101100000100
110011110111000001000000001000001001000010000101010101011011011110111011011011111010101100000100
110011001110010011111011010000010101000010000101010101011011011110111011011011111010101100000100
101101100111011110011101010001111011000010000101010101011011011110111011011011111010101100000100
000001001100011100001111111010110001000010000101010101011011011110111011011011111010101100000100
001100000101001110100101010000111110000010000101010101011011011110111011011011111010101100000100
100100010111110000001110100000011001000010000101010101011011011110111011011011111010101100000100
100000000001011011011001010101111011000010000101010101011011011110111011011011111010101100000100
010010100010000011110010100110010101000010000101010101011011011110111011011011111010101100000100
010011010101001001101000000100101011000010000101010101011011011110111011011011111010101100000100
110011101100111100001100110000110011000010000101010101011011011110111011011011111010101100000100
001110001101001011111001010011100110000010000101010101011011011110111011011011111010101100000100
110011101100001000000011000011101011000010000101010101011011011110111011011011111010101100000100
110100010001000110101011001010111011000010000101010101011011011110111011011011111010101100000100
100010101010101000111011110101100000000010000101010101011011011110111011011011111010101100000100
100111000110010001000010111010100101000010000101010101011011011110111011011011111010101100000100
011011100011100111010010010000111010000010000101010101011011011110111011011011111010101100000100
100010110101100011111011100000111010000010000101010101011011011110111011011011111010101100000100
110001000010000001111110001011100100000010000101010101011011011110111011011011111010101100000100
110101101110100100110110010010111100000010000101010101011011011110111011011011111010101100000100
011100001011010011100101001011110100000010000101010101011011011110111011011011111010101100000100
100110011111010111111100110111101010000010000101010101011011011110111011011011111010101100000100
110011000000001111100111010111011100000010000101010101011011011110111011011011111010101100000100
011010111111111101110000001000100111000010000101010101011011011110111011011011111010101100000100
011011111011111011110100010011010101000010000101010101011011011110111011011011111010101100000100
010100110110010101011111100010001100000010000101010101011011011110111011011011111010101100000100
111011111111111010101111001101110110000010000101010101011011011110111011011011111010101100000100
000011111111110011101111101111011011000010000101010101011011011110111011011011111010101100000100
100010000010010010101101001010110110000010000101010101011011011110111011011011111010101100000100
101111001110101100101010010001100101000010000101010101011011011110111011011011111010101100000100
000111011100010101110011010101110111000010000101010101011011011110111011011011111010101100000100
001111010011011000110000110110101000000010000101010101011011011110111011011011111010101100000100
111100001011011000101010100011100001000010000101010101011011011110111011011011111010101100000100
100111011100011111111111011111000011000010000101010101011011011110111011011011111010101100000100
000101111111100111001010001010010110000010000101010101011011011110111011011011111010101100000100
110101000001001010111101111100100100000010000101010101011011011110111011011011111010101100000100
001111010000110110010001111010011000000010000101010101011011011110111011011011111010101100000100
101010001110011100010110100100000110000010000101010101011011011110111011011011111010101100000100
000110100110001000101100000011000110000010000101010101011011011110111011011011111010101100000100
010110010001011110110001010110000001000010000101010101011011011110111011011011111010101100000100
110111101101000011001101011111101010000010000101010101011011011110111011011011111010101100000100
000010001100110100111101110011101000000010000101010101011011011110111011011011111010101100000100
000100111110100100000110011101010010000010000101010101011011011110111011011011111010101100000100
001010001110010111111001100000101010000010000101010101011011011110111011011011111010101100000100
001111011101001000100000110111101100000010000101010101011011011110111011011011111010101100000100
111100111001100100000011111110101010000010000101010101011011011110111011011011111010101100000100
111100001000100001000111100111110101000010000101010101011011011110111011011011111010101100000100
000111000110010000110110011100010001000010000101010101011011011110111011011011111010101100000100
000010000110011100110000011000011011000010000101010101011011011110111011011011111010101100000100
011101100101001000010101101000001011000010000101010101011011011110111011011011111010101100000100
100010111100100010011110011100011101000010000101010101011011011110111011011011111010101100000100
111100010001010100010110010100011011000010000101010101011011011110111011011011111010101100000100
100100110101111000100111110001100001000010000101010101011011011110111011011011111010101100000100
111011111011001100010000100000010001000010000101010101011011011110111011011011111010101100000100
010010110111010101110000111000101011000010000101010101011011011110111011011011111010101100000100
011011000010010010101110010010001111000010000101010101011011011110111011011011111010101100000100
111111110111010101111011101101011010000010000101010101011011011110111011011011111010101100000100
010101110111110111010110100001111001000010000101010101011011011110111011011011111010101100000100
001000011001101111110000111010001000000010000101010101011011011110111011011011111010101100000100
101000001000001110101001011100111111000010000101010101011011011110111011011011111010101100000100
000101101111100000100011011110100101000010000101010101011011011110111011011011111010101100000100
000001110110000010100010000111110101000010000101010101011011011110111011011011111010101100000100
111011111000111101010111000000111110000010000101010101011011011110111011011011111010101100000100
100011101010001101011000001111111100000010000101010101011011011110111011011011111010101100000100
001010010111001101001111010011011100000010000101010101011011011110111011011011111010101100000100
110000010011110010100011101001010100000010000101010101011011011110111011011011111010101100000100
011000111010000000001001111111100111000010000101010101011011011110111011011011111010101100000100
000011110111101001000111000001001110000010000101010101011011011110111011011011111010101100000100
011110110111110101010010011100111011000010000101010101011011011110111011011011111010101100000100
011000110011110011000010000110001101000010000101010101011011011110111011011011111010101100000100
010111001100100010100101100000111011000010000101010101011011011110111011011011111010101100000100
000011110011111110100111011101001010000010000101010101011011011110111011011011111010101100000100
111001001110100100101111111000101000000010000101010101011011011110111011011011111010101100000100
100110011000001000000100111100010100000010000101010101011011011110111011011011111010101100000100
001010100000110000110101111100100001000010000101010101011011011110111011011011111010101100000100
010000001001010001010000000110111110000010000101010101011011011110111011011011111010101100000100
111010011001101110000001010110011110000010000101010101011011011110111011011011111010101100000100
111101010100000110100001000101000100000010000101010101011011011110111011011011111010101100000100
011010101101100001010100001101000110000010000101010101011011011110111011011011111010101100000100
111011001010011000111011110110101101000010000101010101011011011110111011011011111010101100000100
011001100000000100011001100001001010000010000101010101011011011110111011011011111010101100000100
010010100000010111000111110101110011000010000101010101011011011110111011011011111010101100000100
001000010011010010101001000110000010000010000101010101011011011110111011011011111010101100000100
101000001001010001001100011101101000000010000101010101011011011110111011011011111010101100000100
010110001011011010001010111100111101000010000101010101011011011110111011011011111010101100000100
001111011101110111011010110110001000000010000101010101011011011110111011011011111010101100000100
010110100010100001010100011101100100000010000101010101011011011110111011011011111010101100000100
100100101001111111000011101011111010000010000101010101011011011110111011011011111010101100000100
000111000101110111100101001010010101000010000101010101011011011110111011011011111010101100000100
100110010100001100110101100000110010000010000101010101011011011110111011011011111010101100000100
001000011010111010101111100001001100000010000101010101011011011110111011011011111010101100000100
011010111111000011110011000110111100000010000101010101011011011110111011011011111010101100000100
100110011111010111001001111111011101000010000101010101011011011110111011011011111010101100000100
111100010000010100010000001001000110000010000101010101011011011110111011011011111010101100000100
000000001111011101100011000010001110000010000101010101011011011110111011011011111010101100000100
110100100001111000100101111001001101000010000101010101011011011110111011011011111010101100000100
001000110110011100011010010111101010000010000101010101011011011110111011011011111010101100000100
100111100101011111010110000000110101000010000101010101011011011110111011011011111010101100000100
010111010111011100101110000000110010000010000101010101011011011110111011011011111010101100000100
011110010101011001110100110001001000000010000101010101011011011110111011011011111010101100000100
011001000011100010000010111010010110000010000101010101011011011110111011011011111010101100000100
101101100101110111001111010100010100000010000101010101011011011110111011011011111010101100000100
101110101110011010110100101000110100000010000101010101011011011110111011011011111010101100000100
111100000011111111110111000110001110000010000101010101011011011110111011011011111010101100000100
011100101000010110100101010101111010000010000101010101011011011110111011011011111010101100000100
100101111100001010110101011110111011000010000101010101011011011110111011011011111010101100000100
110101001010111011010010110000000001000010000101010101011011011110111011011011111010101100000100
000100010010000011010000000000010011000010000101010101011011011110111011011011111010101100000100
111000101100110111001000001101101010000010000101010101011011011110111011011011111010101100000100
110110100101000110010110011110001110000010000101010101011011011110111011011011111010101100000100
010110110111100100111100101011010010000010000101010101011011011110111011011011111010101100000100
010101100110000011111001010111101111000010000101010101011011011110111011011011111010101100000100
101011000101101010010000011000100011000010000101010101011011011110111011011011111010101100000100
110001101101111001100111100101100111000010000101010101011011011110111011011011111010101100000100
101101000010010001001100001010110011000010000101010101011011011110111011011011111010101100000100
101001001011010110111100111100010011000010000101010101011011011110111011011011111010101100000100
000101000010110001100010110001101000000010000101010101011011011110111011011011111010101100000100
100100111010101011111110110100110101000010000101010101011011011110111011011011111010101100000100
001100000001000000011010100100001000000010000101010101011011011110111011011011111010101100000100
010010010100001011111001110010011110000010000101010101011011011110111011011011111010101100000100
110000100001000011111100010011110111000010000101010101011011011110111011011011111010101100000100
101000110010100011110010111011000000000010000101010101011011011110111011011011111010101100000100
111001011010110010011011101100001010000010000101010101011011011110111011011011111010101100000100
110011110101001010011101000111000011000010000101010101011011011110111011011011111010101100000100
110111010100110011101000110000101101000010000101010101011011011110111011011011111010101100000100
110011110010101001101110101000110101000010000101010101011011011110111011011011111010101100000100
001011001001100100101101111011001101000010000101010101011011011110111011011011111010101100000100
111000111110011000101011010011110011000010000101010101011011011110111011011011111010101100000100
100000000110101101011110110101101010000010000101010101011011011110111011011011111010101100000100
011001000101001100010010111110100011000010000101010101011011011110111011011011111010101100000100
001101111000010011110010011100101001000010000101010101011011011110111011011011111010101100000100
100011011100011101111100011100100010000010000101010101011011011110111011011011111010101100000100
000101100011110011000011010000101000000010000101010101011011011110111011011011111010101100000100
100100001100011101110110111111011101000010000101010101011011011110111011011011111010101100000100
111101100011110110010111001110110101000010000101010101011011011110111011011011111010101100000100
110111100110000011011011110111111101000010000101010101011011011110111011011011111010101100000100
110001110000010110010110000010110000000010000101010101011011011110111011011011111010101100000100
001000100001011100111000101110100011000010000101010101011011011110111011011011111010101100000100
110010100101110001011000011111010011000010000101010101011011011110111011011011111010101100000100
000111101001000101101111111010110110000010000101010101011011011110111011011011111010101100000100
101000000101111000010011101100111000000010000101010101011011011110111011011011111010101100000100
001010111010011111011110100111100110000010000101010101011011011110111011011011111010101100000100
110110011011001011001101010000100111000010000101010101011011011110111011011011111010101100000100
000101101110000001000100110011000100000010000101010101011011011110111011011011111010101100000100
111111010010101111111110011111101111000010000101010101011011011110111011011011111010101100000100
011111101011110000111000010110111001000010000101010101011011011110111011011011111010101100000100
111100111111100010101100010010001111000010000101010101011011011110111011011011111010101100000100
000101110010101100011010010101110001000010000101010101011011011110111011011011111010101100000100
001100100011001001000100011011100000000010000101010101011011011110111011011011111010101100000100
000001100011000110101010010100110000000010000101010101011011011110111011011011111010101100000100
110100110101101001011011011101011001000010000101010101011011011110111011011011111010101100000100
100100000110001111111101001010100100000010000101010101011011011110111011011011111010101100000100
011100011101011111100001110000100010000010000101010101011011011110111011011011111010101100000100
110110010100111100011110100110110110000010000101010101011011011110111011011011111010101100000100
000111010100001111100001101111101011000010000101010101011011011110111011011011111010101100000100
010010111000000110111010111101000001000010000101010101011011011110111011011011111010101100000100
110000110101101010010010000110001110000010000101010101011011011110111011011011111010101100000100
011101010010100011011100111001000010000010000101010101011011011110111011011011111010101100000100
000100100101101110011000010110100101000010000101010101011011011110111011011011111010101100000100
010011011101011110010001111100101001000010000101010101011011011110111011011011111010101100000100
111000101001110011111000100101110101000010000101010101011011011110111011011011111010101100000100
110010001011001011110011100001010110000010000101010101011011011110111011011011111010101100000100
000101101111011111111010110001011010000010000101010101011011011110111011011011111010101100000100
110100111100101111000011100110111101000010000101010101011011011110111011011011111010101100000100
111011001000000100000001110000010111000010000101010101011011011110111011011011111010101100000100
100101001100100011110010001000101001000010000101010101011011011110111011011011111010101100000100
100000101100010010111101100111000110000010000101010101011011011110111011011011111010101100000100
100000010110110101100110110001001011000010000101010101011011011110111011011011111010101100000100
011001101000101001001011001100010011000010000101010101011011011110111011011011111010101100000100
011101110010101010010010101111001001000010000101010101011011011110111011011011111010101100000100
100100101101000001100111000111011110000010000101010101011011011110111011011011111010101100000100
010110011010101011001101011111101110000010000101010101011011011110111011011011111010101100000100
001100011110110101011001011101000111000010000101010101011011011110111011011011111010101100000100
111010000000110000000011101011100010000010000101010101011011011110111011011011111010101100000100
000001011010100111000101100011010110000010000101010101011011011110111011011011111010101100000100
011010101101010111100010101001011100000010000101010101011011011110111011011011111010101100000100
110001000001100100000001101110111111000010000101010101011011011110111011011011111010101100000100
100001110000011011011001001001101010000010000101010101011011011110111011011011111010101100000100
100000110001011111111011010000111111000010000101010101011011011110111011011011111010101100000100
110001011111001010110110000000000100000010000101010101011011011110111011011011111010101100000100
001000101101001010111110101011110111000010000101010101011011011110111011011011111010101100000100
001010000110000011101001010001101111000010000101010101011011011110111011011011111010101100000100
001110110111011111100101011011001101000010000101010101011011011110111011011011111010101100000100
110100100100011011011101110000011111000010000101010101011011011110111011011011111010101100000100
111011100001010000011111001111111011000010000101010101011011011110111011011011111010101100000100
100001001010110011111001001101000001000010000101010101011011011110111011011011111010101100000100
010011101011010111001100000011110100000010000101010101011011011110111011011011111010101100000100
010000101010100100110011110000110010000010000101010101011011011110111011011011111010101100000100
111011100101101001011001100110000011000010000101010101011011011110111011011011111010101100000100
001100010000100000110011010110001101000010000101010101011011011110111011011011111010101100000100
010011010011101101001100001111101101000010000101010101011011011110111011011011111010101100000100
001110100010010111101000010011001111000010000101010101011011011110111011011011111010101100000100
110010101101101001110010011111010110000010000101010101011011011110111011011011111010101100000100
101001011111001001011010000000011001000010000101010101011011011110111011011011111010101100000100
101111011011001101111010000110101111000010000101010101011011011110111011011011111010101100000100
110111011001001010111010000101001111000010000101010101011011011110111011011011111010101100000100
101100110110011101100101001100101010000010000101010101011011011110111011011011111010101100000100
111010000110000001110111000111100011000010000101010101011011011110111011011011111010101100000100
100001000001010101011010101011011001000010000101010101011011011110111011011011111010101100000100
001110001110101100101101100000000010000010000101010101011011011110111011011011111010101100000100
101000000010011101110100111011100100000010000101010101011011011110111011011011111010101100000100
101010100101100001101011100100011000000010000101010101011011011110111011011011111010101100000100
001001110000001001011010110100000101000010000101010101011011011110111011011011111010101100000100
100111000110011011101001001100000001000010000101010101011011011110111011011011111010101100000100
000110101110001110000001100110011010000010000101010101011011011110111011011011111010101100000100
111001101111100000111011000110001001000010000101010101011011011110111011011011111010101100000100
001101001011011110100100011000011101000010000101010101011011011110111011011011111010101100000100
001111101010110000100110111100111100000010000101010101011011011110111011011011111010101100000100
100010011000000100000100100000001010000010000101010101011011011110111011011011111010101100000100
100000100001101100011000100001010011000010000101010101011011011110111011011011111010101100000100
001101100100001101111011000110001101000010000101010101011011011110111011011011111010101100000100
001110100110000100111001101000100110000010000101010101011011011110111011011011111010101100000100
111001000001111001111100110101100001000010000101010101011011011110111011011011111010101100000100
101010101101101111000010100000000011000010000101010101011011011110111011011011111010101100000100
000110100110001101011001011000100001000010000101010101011011011110111011011011111010101100000100
100000001101100101110111001000011101000010000101010101011011011110111011011011111010101100000100
110101000111011001001011110111010100000010000101010101011011011110111011011011111010101100000100
000010000011101110011110101001100111000010000101010101011011011110111011011011111010101100000100
001001011010001010101101011010010011000010000101010101011011011110111011011011111010101100000100
111111111111000111001100100000010010000010000101010101011011011110111011011011111010101100000100
111010000111001001101100001000110001000010000101010101011011011110111011011011111010101100000100
000011011110101000000101001001001000000010000101010101011011011110111011011011111010101100000100
010101101100101111101101101111111101000010000101010101011011011110111011011011111010101100000100
111010110100001010001010001101110110000010000101010101011011011110111011011011111010101100000100
001011001010110100100101101101001001000010000101010101011011011110111011011011111010101100000100
100001011010010100010011000111011000000010000101010101011011011110111011011011111010101100000100
001011001111001001001000101011001100000010000101010101011011011110111011011011111010101100000100
011000100110001101110011011001000111000010000101010101011011011110111011011011111010101100000100
011000011011100110011111110011110100000010000101010101011011011110111011011011111010101100000100
010001001111000111000001011111100101000010000101010101011011011110111011011011111010101100000100
001110111110011000110100010010001000000010000101010101011011011110111011011011111010101100000100
001001111001000010111001111101111100000010000101010101011011011110111011011011111010101100000100
110011001101000100110011000010000010000010000101010101011011011110111011011011111010101100000100
100010001110110100010011011010010001000010000101010101011011011110111011011011111010101100000100
100001011111100110111110001011001110000010000101010101011011011110111011011011111010101100000100
000011100100100110010011000011111001000010000101010101011011011110111011011011111010101100000100
011001100100100101110100011111001001000010000101010101011011011110111011011011111010101100000100
000111111101010100010110101111011011000010000101010101011011011110111011011011111010101100000100
001010110100101000101101000100000100000010000101010101011011011110111011011011111010101100000100
001000000001101000100101001010101011000010000101010101011011011110111011011011111010101100000100
111000101110010100111101111100101101000010000101010101011011011110111011011011111010101100000100
010100000100011110110010101110111001000010000101010101011011011110111011011011111010101100000100
110000100000000110000011101100000010000010000101010101011011011110111011011011111010101100000100
111110011001110111101111101101000011000010000101010101011011011110111011011011111010101100000100
101110001010110000001100001011001101000010000101010101011011011110111011011011111010101100000100
111100010100011110100001100000000010000010000101010101011011011110111011011011111010101100000100
100110101101101001100110000001011001000010000101010101011011011110111011011011111010101100000100
001111101110010010110110000101110010000010000101010101011011011110111011011011111010101100000100
000011011011100101001100100100010100000010000101010101011011011110111011011011111010101100000100
011100110000001010100001111001100001000010000101010101011011011110111011011011111010101100000100
011101011110000010100011011010010110000010000101010101011011011110111011011011111010101100000100
001001001000100100000100111110110000000010000101010101011011011110111011011011111010101100000100
000111001011111001110010111010100101000010000101010101011011011110111011011011111010101100000100
010101100110011111010010110011111111000010000101010101011011011110111011011011111010101100000100
000110100111110100100011000101001100000010000101010101011011011110111011011011111010101100000100
100101110101100001101111111101011100000010000101010101011011011110111011011011111010101100000100
010101001000100110011010110100001110000010000101010101011011011110111011011011111010101100000100
011101110011001000011001111010100100000010000101010101011011011110111011011011111010101100000100
000001101010000101010010011010100101000010000101010101011011011110111011011011111010101100000100
101011011101100001001101001011100000000010000101010101011011011110111011011011111010101100000100
010101000010010100001110000111110101000010000101010101011011011110111011011011111010101100000100
001110101110101011110110010001110101000010000101010101011011011110111011011011111010101100000100
000010011111101110011001011000011000000010000101010101011011011110111011011011111010101100000100
000000011100111010100111100110010011000010000101010101011011011110111011011011111010101100000100
110011111000111111110101101010011101000010000101010101011011011110111011011011111010101100000100
101010001101010101111011110000100111000010000101010101011011011110111011011011111010101100000100
110111011100010000110010111111111010000010000101010101011011011110111011011011111010101100000100
000100110011001111001001100100000010000010000101010101011011011110111011011011111010101100000100
100110001101011101010001111000100011000010000101010101011011011110111011011011111010101100000100
000010101100010011101001010101101000000010000101010101011011011110111011011011111010101100000100
101010011110100011010000110110101011000010000101010101011011011110111011011011111010101100000100
001011011001001011001101111100110101000010000101010101011011011110111011011011111010101100000100
000001101101000111111011001000101001000010000101010101011011011110111011011011111010101100000100
100111111011000000011101111101100000000010000101010101011011011110111011011011111010101100000100
100011000001011001000110101110001000000010000101010101011011011110111011011011111010101100000100
101000010011010100011110100000000010000010000101010101011011011110111011011011111010101100000100
001100100000101011010101110111010100000010000101010101011011011110111011011011111010101100000100
101011000010110110101011111101000111000010000101010101011011011110111011011011111010101100000100
101101011000000101011001001110110010000010000101010101011011011110111011011011111010101100000100
101011101101010001100100010001111110000010000101010101011011011110111011011011111010101100000100
100000000010001100000100011110010010000010000101010101011011011110111011011011111010101100000100
101100111101010101110011000011010111000010000101010101011011011110111011011011111010101100000100
011110101000100101110100110111000100000010000101010101011011011110111011011011111010101100000100
100001100001010000110101110011011000000010000101010101011011011110111011011011111010101100000100
010110110110111110011000001011001011000010000101010101011011011110111011011011111010101100000100
011001110010111111011100000100001010000010000101010101011011011110111011011011111010101100000100
111000010111100101000010011001010100000010000101010101011011011110111011011011111010101100000100
001110100001001111101011110100001111000010000101010101011011011110111011011011111010101100000100
010110101110011010100110001110101111000010000101010101011011011110111011011011111010101100000100
110000100010001101110111111100010010000010000101010101011011011110111011011011111010101100000100
000011110110101011001111000000101011000010000101010101011011011110111011011011111010101100000100
100011010001111100001000110010000101000010000101010101011011011110111011011011111010101100000100
111101011101000100111101000100100110000010000101010101011011011110111011011011111010101100000100
111000110000011111000010101011011101000010000101010101011011011110111011011011111010101100000100
001011010010010011111011010010111011000010000101010101011011011110111011011011111010101100000100
100010001100000110110001010111111101000010000101010101011011011110111011011011111010101100000100
110001011011010000001110111101100001000010000101010101011011011110111011011011111010101100000100
111101101100101011110111001010000111000010000101010101011011011110111011011011111010101100000100
011110100001101000111101011000000000000010000101010101011011011110111011011011111010101100000100
110111001000000101000111110110101000000010000101010101011011011110111011011011111010101100000100
100110110100111010110110100101001101000010000101010101011011011110111011011011111010101100000100
100010101110111011000011110010111001000010000101010101011011011110111011011011111010101100000100
100001111001101111101000010101110110000010000101010101011011011110111011011011111010101100000100
100011110110000111001010001000011100000010000101010101011011011110111011011011111010101100000100
011001000000001111111111000000010010000010000101010101011011011110111011011011111010101100000100
111111001100100111101111100111000111000010000101010101011011011110111011011011111010101100000100
111111000001010000110111011110000101000010000101010101011011011110111011011011111010101100000100
100111000110011100000100011000111001000010000101010101011011011110111011011011111010101100000100
001110011110010100001101111111000011000010000101010101011011011110111011011011111010101100000100
100011100100110100010101110110000101000010000101010101011011011110111011011011111010101100000100
110000100011011010001001101011011001000010000101010101011011011110111011011011111010101100000100
001110001110011101110101010010100001000010000101010101011011011110111011011011111010101100000100
011010010100111010000000101011100010000010000101010101011011011110111011011011111010101100000100
001000110101010001010110000001100111000010000101010101011011011110111011011011111010101100000100
011100111001111110110011110011111101000010000101010101011011011110111011011011111010101100000100
001111101101110110000011100110110001000010000101010101011011011110111011011011111010101100000100
010010011100001011011111010000001011000010000101010101011011011110111011011011111010101100000100
101101110111101100111100010010110101000010000101010101011011011110111011011011111010101100000100
010010100000010101000101000100101010000010000101010101011011011110111011011011111010101100000100
000010010000011100000001000110000010000010000101010101011011011110111011011011111010101100000100
010100001010000100100111101000101110000010000101010101011011011110111011011011111010101100000100
111001111101011001011111111111001000000010000101010101011011011110111011011011111010101100000100
111110111011100101111010000101111100000010000101010101011011011110111011011011111010101100000100
101111101100010010000100000110111000000010000101010101011011011110111011011011111010101100000100
111010101011001000001000001111110011000010000101010101011011011110111011011011111010101100000100
110101010010001101000000101000011111000010000101010101011011011110111011011011111010101100000100
101000010000101001101100101111000110000010000101010101011011011110111011011011111010101100000100
110100010111100100000110110100010101000010000101010101011011011110111011011011111010101100000100
100110001111100110111001101100101101000010000101010101011011011110111011011011111010101100000100
010100110110010010111110010000101001000010000101010101011011011110111011011011111010101100000100
100011001010111011111000001010010100000010000101010101011011011110111011011011111010101100000100
100110001100100100001001101101100000000010000101010101011011011110111011011011111010101100000100
111111111110110111101010101110111110000010000101010101011011011110111011011011111010101100000100
110111100100010101101110001100010100000010000101010101011011011110111011011011111010101100000100
011111110011110100111110100010010000000010000101010101011011011110111011011011111010101100000100
000100010100011010110100011010111000000010000101010101011011011110111011011011111010101100000100
101001101100010011000100011100011011000010000101010101011011011110111011011011111010101100000100
110110111101100100011110101001100011000010000101010101011011011110111011011011111010101100000100
010111111001000011001010000101011111000010000101010101011011011110111011011011111010101100000100
100011100101001000010000010111100001000010000101010101011011011110111011011011111010101100000100
110101110110000010100000111000001000000010000101010101011011011110111011011011111010101100000100
101111100011011001011111111100010001000010000101010101011011011110111011011011111010101100000100
111000011000101100000000100101000110000010000101010101011011011110111011011011111010101100000100
100001111001010110010100010000001110000010000101010101011011011110111011011011111010101100000100
010101101001010111111110100000111000000010000101010101011011011110111011011011111010101100000100
010101111000110010111001111100001111000010000101010101011011011110111011011011111010101100000100
010011111111100010010010011110101110000010000101010101011011011110111011011011111010101100000100
100100010111011001111101001011111011000010000101010101011011011110111011011011111010101100000100
101010111100110001101001110111111101000010000101010101011011011110111011011011111010101100000100
010011011000011100101111101001101101000010000101010101011011011110111011011011111010101100000100
100011110110100100101101001111011100000010000101010101011011011110111011011011111010101100000100
000000101101100101010101100000001101000010000101010101011011011110111011011011111010101100000100
100010110100010011011101011001000011000010000101010101011011011110111011011011111010101100000100
011011111100010100111001101001101100000010000101010101011011011110111011011011111010101100000100
000011110110110001001100100000000100000010000101010101011011011110111011011011111010101100000100
011010010100111011110101001111111001000010000101010101011011011110111011011011111010101100000100
010100110011001011100011100100000001000010000101010101011011011110111011011011111010101100000100
000101010101101110000101111000001000000010000101010101011011011110111011011011111010101100000100
000111011100011101110000101110100100000010000101010101011011011110111011011011111010101100000100
011010110111001000100010011001101101000010000101010101011011011110111011011011111010101100000100
010101010100011000001000110010001111000010000101010101011011011110111011011011111010101100000100
100111110000000100100100000000110101000010000101010101011011011110111011011011111010101100000100
000010001100011111111111100110001100000010000101010101011011011110111011011011111010101100000100
010011100101010101010011011110010111000010000101010101011011011110111011011011111010101100000100
001110110111000101100011010010100100000010000101010101011011011110111011011011111010101100000100
011111000000001001101001000111001011000010000101010101011011011110111011011011111010101100000100
011110011100111000011000001001000000000010000101010101011011011110111011011011111010101100000100
100010111111100001110001011100001110000010000101010101011011011110111011011011111010101100000100
011101000001001100110100011100010101000010000101010101011011011110111011011011111010101100000100
110110100111101100111110011111011001000010000101010101011011011110111011011011111010101100000100
000010111001010100000100101101011001000010000101010101011011011110111011011011111010101100000100
011001101010100100010100111001011101000010000101010101011011011110111011011011111010101100000100
100111011011101111111111100000111010000010000101010101011011011110111011011011111010101100000100
110101110010110001001001011001100111000010000101010101011011011110111011011011111010101100000100
011000010010110110000001101000011100000010000101010101011011011110111011011011111010101100000100
001011000100111001111000010011111000000010000101010101011011011110111011011011111010101100000100
101101010010000110100110011000011001000010000101010101011011011110111011011011111010101100000100
100101101000111101000111001111111100000010000101010101011011011110111011011011111010101100000100
000011100100100110110110001000100000000010000101010101011011011110111011011011111010101100000100
011110101000101111101110101011101101000010000101010101011011011110111011011011111010101100000100
101010100101100111110000011001001011000010000101010101011011011110111011011011111010101100000100
011101101001101100001111010100011101000010000101010101011011011110111011011011111010101100000100
001010100111010110010111011100011101000010000101010101011011011110111011011011111010101100000100
110001100111001111010100000001111010000010000101010101011011011110111011011011111010101100000100
010010001110101010001110101010011000000010000101010101011011011110111011011011111010101100000100
101110111010101001101110010101000110000010000101010101011011011110111011011011111010101100000100
111110011001100000000110110110101011000010000101010101011011011110111011011011111010101100000100
110011111000011100001111101010011101000010000101010101011011011110111011011011111010101100000100
100011110011100110011110110001111101000010000101010101011011011110111011011011111010101100000100
101010001011100001100010000011011000000010000101010101011011011110111011011011111010101100000100
010000010000000000011011110110001110000010000101010101011011011110111011011011111010101100000100
011100011010111100000100001011011001000010000101010101011011011110111011011011111010101100000100
111100000110001011111100101100101001000010000101010101011011011110111011011011111010101100000100
010011011001000110010011010010010100000010000101010101011011011110111011011011111010101100000100
010101110111010000110100000101100011000010000101010101011011011110111011011011111010101100000100
001110110011000100110001110001110001000010000101010101011011011110111011011011111010101100000100
011100100101010011110101100000100100000010000101010101011011011110111011011011111010101100000100
110010101011000010100011001111101111000010000101010101011011011110111011011011111010101100000100
101011000110100010111100111001100010000010000101010101011011011110111011011011111010101100000100
000100100010001111110010100101110110000010000101010101011011011110111011011011111010101100000100
100000101010110011010001100111111110000010000101010101011011011110111011011011111010101100000100
001111001001000100001110000001011001000010000101010101011011011110111011011011111010101100000100
011100001111011001101110010001011011000010000101010101011011011110111011011011111010101100000100
101000111001110101100010110010101001000010000101010101011011011110111011011011111010101100000100
101000010110000111010100110010001110000010000101010101011011011110111011011011111010101100000100
100100000011001011000000011011000100000010000101010101011011011110111011011011111010101100000100
001011111110100111100100010000101010000010000101010101011011011110111011011011111010101100000100
110100010001111000000010010111001100000010000101010101011011011110111011011011111010101100000100
110100101000111100110110001001101100000010000101010101011011011110111011011011111010101100000100
011101110110010101111000010111111111000010000101010101011011011110111011011011111010101100000100
010000110111000111011001010011011101000010000101010101011011011110111011011011111010101100000100
111000110110111011011100100000100010000010000101010101011011011110111011011011111010101100000100
001000111111100011111010001101011111000010000101010101011011011110111011011011111010101100000100
011010101100000011101101100000101010000010000101010101011011011110111011011011111010101100000100
100101100000110101101010111000111011000010000101010101011011011110111011011011111010101100000100
011010010011010111100101100000101001000010000101010101011011011110111011011011111010101100000100
111100000100010010001010011000101001000010000101010101011011011110111011011011111010101100000100
010101110100111011001011011111001101000010000101010101011011011110111011011011111010101100000100
010001000111011101100110000011110000000010000101010101011011011110111011011011111010101100000100
010111010000111110101011001000111000000010000101010101011011011110111011011011111010101100000100
010001010100000100010101110001011111000010000101010101011011011110111011011011111010101100000100
000101101001110011100111111000101011000010000101010101011011011110111011011011111010101100000100
111111010100001000001001101110101011000010000101010101011011011110111011011011111010101100000100
111010010111010011111101000000001011000010000101010101011011011110111011011011111010101100000100
011010001000100100111010110111101100000010000101010101011011011110111011011011111010101100000100
111110111100000101011111110010001101000010000101010101011011011110111011011011111010101100000100
101110101101111111100101010000010001000010000101010101011011011110111011011011111010101100000100
101011100110001111101010100001001110000010000101010101011011011110111011011011111010101100000100
011110101101000110010111111000100011000010000101010101011011011110111011011011111010101100000100
000000110100111001100100011010100111000010000101010101011011011110111011011011111010101100000100
010110101011000111100001011110001110000010000101010101011011011110111011011011111010101100000100
000100011011000101111000111111110101000010000101010101011011011110111011011011111010101100000100
111110011001011111000011101000111101000010000101010101011011011110111011011011111010101100000100
100000101110101101010010111101000000000010000101010101011011011110111011011011111010101100000100
000111111111011010000101000110111110000010000101010101011011011110111011011011111010101100000100
000010001110010011100011100011000111000010000101010101011011011110111011011011111010101100000100
010111110001110100110101110011111100000010000101010101011011011110111011011011111010101100000100
100100100000110011000101100011100101000010000101010101011011011110111011011011111010101100000100
010110011010111101100000101101101101000010000101010101011011011110111011011011111010101100000100
101100000101010100001010111001010001000010000101010101011011011110111011011011111010101100000100
011101000010100111101101101000011011000010000101010101011011011110111011011011111010101100000100
111100010110110111110100110110001010000010000101010101011011011110111011011011111010101100000100
111100111010111010110001000111111011000010000101010101011011011110111011011011111010101100000100
111001100110111110011000111001000101000010000101010101011011011110111011011011111010101100000100
000001110100010001000101110011001110000010000101010101011011011110111011011011111010101100000100
000001010001111111001110111000001011000010000101010101011011011110111011011011111010101100000100
010001011000100001111110101001101100000010000101010101011011011110111011011011111010101100000100
111100110110110111001010100101000110000010000101010101011011011110111011011011111010101100000100
001011100110000101110100001110111101000010000101010101011011011110111011011011111010101100000100
010011010000011011001001110111101010000010000101010101011011011110111011011011111010101100000100
110001111100111010110010110000000001000010000101010101011011011110111011011011111010101100000100
100110010001111100111110010001111110000010000101010101011011011110111011011011111010101100000100
001110110100100101011001000100101101000010000101010101011011011110111011011011111010101100000100
110010101000111111011000010000111011000010000101010101011011011110111011011011111010101100000100
011010110010000000111111010001011000000010000101010101011011011110111011011011111010101100000100
010100010010111001111001001110000010000010000101010101011011011110111011011011111010101100000100
011101111011101110110111000101010110000010000101010101011011011110111011011011111010101100000100
000111111011110100011100001001011010000010000101010101011011011110111011011011111010101100000100
110100000010010001010011000110111101000010000101010101011011011110111011011011111010101100000100
011100100010011100011111000100110100000010000101010101011011011110111011011011111010101100000100
101111110001100101101000100111111001000010000101010101011011011110111011011011111010101100000100
011101110111011110011101101011111010000010000101010101011011011110111011011011111010101100000100
110101010100001010101010111100100011000010000101010101011011011110111011011011111010101100000100
101001100011100001100100011000001001000010000101010101011011011110111011011011111010101100000100
010100100100110011001101000111010011000010000101010101011011011110111011011011111010101100000100
010001000100000111100000000110101100000010000101010101011011011110111011011011111010101100000100
101011110001000100001001100000110010000010000101010101011011011110111011011011111010101100000100
011111000011011101011110101111000110000010000101010101011011011110111011011011111010101100000100
001100111011001010101011010110101111000010000101010101011011011110111011011011111010101100000100
010010110011110101000101001101011001000010000101010101011011011110111011011011111010101100000100
111000110101101100100011111110111011000010000101010101011011011110111011011011111010101100000100
011000011000110011000101000100010101000010000101010101011011011110111011011011111010101100000100
000110000010011110101001100110010111000010000101010101011011011110111011011011111010101100000100
000011100110101111011100101111100011000010000101010101011011011110111011011011111010101100000100
010010100000101101100011101100011101000010000101010101011011011110111011011011111010101100000100
001110110000000100111001011101110101000010000101010101011011011110111011011011111010101100000100
