000111001001110101100111000101000010000010000101010101011011011110111011011011111010101100000100
011111000000001101101010100111110011000010000101010101011011011110111011011011111010101100000100
101001100110011111100000001010110100000010000101010101011011011110111011011011111010101100000100
001010011100111000111100011101100001000010000101010101011011011110111011011011111010101100000100
110110101000111101000000000000000100000010000101010101011011011110111011011011111010101100000100
011110101100100111011110110010111001000010000101010101011011011110111011011011111010101100000100
000000010110110011010001101111100001000010000101010101011011011110111011011011111010101100000100
010001110111010101010111111011001010000010000101010101011011011110111011011011111010101100000100
011100001101100111000001111100110111000010000101010101011011011110111011011011111010101100000100
101111001100111110101010100011100111000010000101010101011011011110111011011011111010101100000100
111100011111111000110000100110001101000010000101010101011011011110111011011011111010101100000100
001100010110001011011010000101100011000010000101010101011011011110111011011011111010101100000100
001010001101110111011000101010011010000010000101010101011011011110111011011011111010101100000100
110101011011011111101101000011100010000010000101010101011011011110111011011011111010101100000100
001101011101001101110100110100000111000010000101010101011011011110111011011011111010101100000100
011000010001101010011111001010010111000010000101010101011011011110111011011011111010101100000100
110101101000100100101011111010000100000010000101010101011011011110111011011011111010101100000100
111010110101111110010101011010010110000010000101010101011011011110111011011011111010101100000100
011000000010001100111111011010111010000010000101010101011011011110111011011011111010101100000100
011001100110101011100010111110010100000010000101010101011011011110111011011011111010101100000100
101000110100010110110100111010110001000010000101010101011011011110111011011011111010101100000100
111101100011000100001111001110110100000010000101010101011011011110111011011011111010101100000100
001000111101000000010100101000101100000010000101010101011011011110111011011011111010101100000100
011011010100111000111000000011110011000010000101010101011011011110111011011011111010101100000100
111000110100011101011010101010110110000010000101010101011011011110111011011011111010101100000100
110001111101001011010111101001000110000010000101010101011011011110111011011011111010101100000100
010100101010110011001001100101111010000010000101010101011011011110111011011011111010101100000100
101101100110111011101001110101001100000010000101010101011011011110111011011011111010101100000100
110001101101000000101110110000111101000010000101010101011011011110111011011011111010101100000100
011010001101111101111111110000111010000010000101010101011011011110111011011011111010101100000100
001010100011001110101110000101101011000010000101010101011011011110111011011011111010101100000100
110110111000110111010110010100100000000010000101010101011011011110111011011011111010101100000100
011010001101001111101111101110101100000010000101010101011011011110111011011011111010101100000100
100111000010011010001100111101000010000010000101010101011011011110111011011011111010101100000100
000001001101001110000011101100001010000010000101010101011011011110111011011011111010101100000100
010011101111101011101011001100000011000010000101010101011011011110111011011011111010101100000100
101101101001010011111011111111001000000010000101010101011011011110111011011011111010101100000100
101011110110011001100111011010110011000010000101010101011011011110111011011011111010101100000100
011100011001101111100000111000010011000010000101010101011011011110111011011011111010101100000100
111111001111111011001111110101100101000010000101010101011011011110111011011011111010101100000100
101111100110101100010111100011110110000010000101010101011011011110111011011011111010101100000100
010000010011100101100011010110110001000010000101010101011011011110111011011011111010101100000100
100111001001110011011100110100010100000010000101010101011011011110111011011011111010101100000100
101100111001000001001111000010100011000010000101010101011011011110111011011011111010101100000100
100100011100010101011111101011101100000010000101010101011011011110111011011011111010101100000100
111100101101111100100111110000110101000010000101010101011011011110111011011011111010101100000100
111011100101101011011001100001110010000010000101010101011011011110111011011011111010101100000100
100010100000011100000010101001001010000010000101010101011011011110111011011011111010101100000100
001100100001101110010111111000010001000010000101010101011011011110111011011011111010101100000100
011100011000011001110000100101010011000010000101010101011011011110111011011011111010101100000100
100000100111000111111100010010001100000010000101010101011011011110111011011011111010101100000100
100110011011010011111100010110111101000010000101010101011011011110111011011011111010101100000100
011011010110011110010111100001001000000010000101010101011011011110111011011011111010101100000100
011110111110110011110110011101001011000010000101010101011011011110111011011011111010101100000100
101010010001010010001011011100001110000010000101010101011011011110111011011011111010101100000100
110010000100010010101000111011011110000010000101010101011011011110111011011011111010101100000100
010011011001011100101111001110010011000010000101010101011011011110111011011011111010101100000100
011110110100011001101100110101101111000010000101010101011011011110111011011011111010101100000100
000111011010001110100010100100100000000010000101010101011011011110111011011011111010101100000100
100110010100110111101011001101101011000010000101010101011011011110111011011011111010101100000100
011100000111010001001110011011101011000010000101010101011011011110111011011011111010101100000100
010000010111001100001111111110010001000010000101010101011011011110111011011011111010101100000100
110110011110100101100010001001001000000010000101010101011011011110111011011011111010101100000100
100110001001001010111111101111110000000010000101010101011011011110111011011011111010101100000100
001110101011101011101000011101111111000010000101010101011011011110111011011011111010101100000100
110110000011111010011101101010111100000010000101010101011011011110111011011011111010101100000100
101111101101011000001100101110001010000010000101010101011011011110111011011011111010101100000100
111010001010011011001101110010010000000010000101010101011011011110111011011011111010101100000100
100101001110001100001001011000100011000010000101010101011011011110111011011011111010101100000100
010111001110001010010000111001001101000010000101010101011011011110111011011011111010101100000100
011000000011101000001100110110001000000010000101010101011011011110111011011011111010101100000100
101010001100111100010000011000111000000010000101010101011011011110111011011011111010101100000100
001101000000111011000010101001010101000010000101010101011011011110111011011011111010101100000100
111100000001001000110110000100000100000010000101010101011011011110111011011011111010101100000100
110110101000010111010110101101110101000010000101010101011011011110111011011011111010101100000100
010001000001011001000010100010110101000010000101010101011011011110111011011011111010101100000100
110101111010010001100100110001011010000010000101010101011011011110111011011011111010101100000100
011101011100111111111011001110100010000010000101010101011011011110111011011011111010101100000100
010010100100101110010100010101000010000010000101010101011011011110111011011011111010101100000100
100101111110101101101000011110111010000010000101010101011011011110111011011011111010101100000100
101010001000100110100000001001101100000010000101010101011011011110111011011011111010101100000100
110010000110001110001101101110111000000010000101010101011011011110111011011011111010101100000100
100100010100110100010001001111000100000010000101010101011011011110111011011011111010101100000100
000001111111011111000000011011110001000010000101010101011011011110111011011011111010101100000100
011110011101110100110101100010101100000010000101010101011011011110111011011011111010101100000100
001100000011010110000110001011000000000010000101010101011011011110111011011011111010101100000100
110011110000011010101111011010011010000010000101010101011011011110111011011011111010101100000100
010101100111010010010000111001100110000010000101010101011011011110111011011011111010101100000100
010010001010011110011000101101011110000010000101010101011011011110111011011011111010101100000100
101010110010010110111001000111010110000010000101010101011011011110111011011011111010101100000100
000100000111101111100111111110000111000010000101010101011011011110111011011011111010101100000100
111011100000111010001111001001000010000010000101010101011011011110111011011011111010101100000100
000101010101110011100110110000100011000010000101010101011011011110111011011011111010101100000100
001101000100101001111100001001000001000010000101010101011011011110111011011011111010101100000100
000000011100000111101110010110011110000010000101010101011011011110111011011011111010101100000100
001101101111100110111010001001101000000010000101010101011011011110111011011011111010101100000100
001110101011010011000000010110100101000010000101010101011011011110111011011011111010101100000100
000101010000110001111110001101110011000010000101010101011011011110111011011011111010101100000100
010011111011000101011100001110011110000010000101010101011011011110111011011011111010101100000100
100010000101101111001000100010100001000010000101010101011011011110111011011011111010101100000100
110111011101111001110010110110110010000010000101010101011011011110111011011011111010101100000100
100100110000001100001000110010110100000010000101010101011011011110111011011011111010101100000100
111010111000101101100010010101111110000010000101010101011011011110111011011011111010101100000100
000000011010000001001111011011101011000010000101010101011011011110111011011011111010101100000100
000101011010100111000110010111000011000010000101010101011011011110111011011011111010101100000100
100111110001010001100111010101000010000010000101010101011011011110111011011011111010101100000100
110111110100111111011000110110001110000010000101010101011011011110111011011011111010101100000100
110111000010001000011000111101111100000010000101010101011011011110111011011011111010101100000100
010010110110111100011010010011000100000010000101010101011011011110111011011011111010101100000100
101011100110101111110101101001100111000010000101010101011011011110111011011011111010101100000100
100011000001101001110010000110110101000010000101010101011011011110111011011011111010101100000100
000011111101110111111110000101110010000010000101010101011011011110111011011011111010101100000100
110101010000010101101010101110010111000010000101010101011011011110111011011011111010101100000100
011101001000101111111101100110101010000010000101010101011011011110111011011011111010101100000100
111111010101100101101000110000011011000010000101010101011011011110111011011011111010101100000100
011101100101011101011111101010100101000010000101010101011011011110111011011011111010101100000100
101111111101110010100010110111001001000010000101010101011011011110111011011011111010101100000100
011111010011100101010000101111011000000010000101010101011011011110111011011011111010101100000100
111010010010010001100001001101100001000010000101010101011011011110111011011011111010101100000100
001000101001011000011111111001010100000010000101010101011011011110111011011011111010101100000100
101100110110001101011100101000110111000010000101010101011011011110111011011011111010101100000100
010011110101000110011000111100110110000010000101010101011011011110111011011011111010101100000100
110110101011111110100000111101101110000010000101010101011011011110111011011011111010101100000100
100011101100001001000100001001110001000010000101010101011011011110111011011011111010101100000100
101110000011011000110001001010110111000010000101010101011011011110111011011011111010101100000100
011011011110000101110101011110011110000010000101010101011011011110111011011011111010101100000100
100100101011111101100000111000101100000010000101010101011011011110111011011011111010101100000100
001001111001101001101100011000011110000010000101010101011011011110111011011011111010101100000100
111000011110101001000111110001110100000010000101010101011011011110111011011011111010101100000100
001000110101001011100100111100010011000010000101010101011011011110111011011011111010101100000100
001111000000110010011011011111011011000010000101010101011011011110111011011011111010101100000100
010011011000111110111110101000010001000010000101010101011011011110111011011011111010101100000100
111001010001001010011010110000110001000010000101010101011011011110111011011011111010101100000100
101110111111110010110101111100001101000010000101010101011011011110111011011011111010101100000100
111011110011010111100011100101111001000010000101010101011011011110111011011011111010101100000100
101001001111111111100100101111100101000010000101010101011011011110111011011011111010101100000100
000101111110001011100000111010000011000010000101010101011011011110111011011011111010101100000100
101001011101001010001110010111111111000010000101010101011011011110111011011011111010101100000100
100111000100001101101100111001000111000010000101010101011011011110111011011011111010101100000100
011101110010010010000000101101110011000010000101010101011011011110111011011011111010101100000100
011001010110110010001110100110111010000010000101010101011011011110111011011011111010101100000100
001100010000011001111101001101101101000010000101010101011011011110111011011011111010101100000100
110001101010000111110010000101111110000010000101010101011011011110111011011011111010101100000100
010011001001000011101110001111110010000010000101010101011011011110111011011011111010101100000100
001101010011000011100011011000000000000010000101010101011011011110111011011011111010101100000100
101101000110101110001001000101110010000010000101010101011011011110111011011011111010101100000100
010100101101001010100011000011110010000010000101010101011011011110111011011011111010101100000100
010001111111010110100000100011100101000010000101010101011011011110111011011011111010101100000100
000111100011101100000100101001110111000010000101010101011011011110111011011011111010101100000100
010000011000011110001011001010010010000010000101010101011011011110111011011011111010101100000100
010101011110000101110100111001011111000010000101010101011011011110111011011011111010101100000100
000111111011000011100010111000110011000010000101010101011011011110111011011011111010101100000100
011111001101011110010001010010010110000010000101010101011011011110111011011011111010101100000100
010110110101011000001010001010011111000010000101010101011011011110111011011011111010101100000100
010010111111111100010111001110110000000010000101010101011011011110111011011011111010101100000100
111000000100111010010000110011010111000010000101010101011011011110111011011011111010101100000100
011001110001001111110101001001101000000010000101010101011011011110111011011011111010101100000100
100110001000001110010111110000101011000010000101010101011011011110111011011011111010101100000100
001010001011001110100101000111000100000010000101010101011011011110111011011011111010101100000100
011101011010010110111011011010001110000010000101010101011011011110111011011011111010101100000100
011100101111000000100101110111010001000010000101010101011011011110111011011011111010101100000100
101001100111110110101110000110010000000010000101010101011011011110111011011011111010101100000100
000011111011000101100100111100010001000010000101010101011011011110111011011011111010101100000100
101100011001001011100100010001111100000010000101010101011011011110111011011011111010101100000100
101011101001011000001010101000000011000010000101010101011011011110111011011011111010101100000100
011101111001000100100011000000110101000010000101010101011011011110111011011011111010101100000100
111110100001110111101100010111001001000010000101010101011011011110111011011011111010101100000100
110011110011010100011101010001110001000010000101010101011011011110111011011011111010101100000100
000111110000001011001110100011110100000010000101010101011011011110111011011011111010101100000100
110000100111100111001000101001001111000010000101010101011011011110111011011011111010101100000100
101101001100001100101111110011001001000010000101010101011011011110111011011011111010101100000100
001110100001100001111011111100011010000010000101010101011011011110111011011011111010101100000100
100110010000011001111111011000101111000010000101010101011011011110111011011011111010101100000100
101110111111100100001110100101001001000010000101010101011011011110111011011011111010101100000100
101000100101101001000110000011000010000010000101010101011011011110111011011011111010101100000100
110011101011100011101001011001000011000010000101010101011011011110111011011011111010101100000100
110011011000101000001111011101110101000010000101010101011011011110111011011011111010101100000100
111001100100001111000111010010011111000010000101010101011011011110111011011011111010101100000100
001110001100010101111000110000110110000010000101010101011011011110111011011011111010101100000100
100101000101111100110111001011010011000010000101010101011011011110111011011011111010101100000100
000111100100110001100111110111100001000010000101010101011011011110111011011011111010101100000100
110100010101110111010111101000000100000010000101010101011011011110111011011011111010101100000100
110101101011001011010101110110110110000010000101010101011011011110111011011011111010101100000100
100011001110101010110110100110001110000010000101010101011011011110111011011011111010101100000100
000101011001100001101001110010100010000010000101010101011011011110111011011011111010101100000100
000011110001111000110001101011001000000010000101010101011011011110111011011011111010101100000100
101100100100000110111001101010011111000010000101010101011011011110111011011011111010101100000100
100010100010011010110100001101001011000010000101010101011011011110111011011011111010101100000100
101110111111100000010010010001000111000010000101010101011011011110111011011011111010101100000100
110110000001010101100010101101101000000010000101010101011011011110111011011011111010101100000100
111001100101000100100000101000001000000010000101010101011011011110111011011011111010101100000100
011001101000000110111100001010000000000010000101010101011011011110111011011011111010101100000100
001101001101000001110101000001101101000010000101010101011011011110111011011011111010101100000100
010101101001011001011110101000110100000010000101010101011011011110111011011011111010101100000100
010001111001100101010100111100010011000010000101010101011011011110111011011011111010101100000100
100100110110011001011010000001010110000010000101010101011011011110111011011011111010101100000100
001000101000011101110110010011011001000010000101010101011011011110111011011011111010101100000100
000011101001001101001010000011100110000010000101010101011011011110111011011011111010101100000100
010101100000111111111100011001110100000010000101010101011011011110111011011011111010101100000100
101100110100001000011100011110110110000010000101010101011011011110111011011011111010101100000100
110110010110101101000010001000000011000010000101010101011011011110111011011011111010101100000100
100110111011001101000000101000001011000010000101010101011011011110111011011011111010101100000100
101100101100101001101100011000101011000010000101010101011011011110111011011011111010101100000100
011000111011110110101011000110000010000010000101010101011011011110111011011011111010101100000100
011001111101111101111001010111001100000010000101010101011011011110111011011011111010101100000100
111011110101010111111111010011010001000010000101010101011011011110111011011011111010101100000100
011111000111011110000001100000110010000010000101010101011011011110111011011011111010101100000100
010000000110101010011011010110101100000010000101010101011011011110111011011011111010101100000100
101110011001111101101111111001100010000010000101010101011011011110111011011011111010101100000100
100000010101001111100111101000000111000010000101010101011011011110111011011011111010101100000100
111110011111110010110011100100111101000010000101010101011011011110111011011011111010101100000100
110101101010100010111001010011000001000010000101010101011011011110111011011011111010101100000100
001100101100110101001010010111011001000010000101010101011011011110111011011011111010101100000100
100110001100010001000001111000101111000010000101010101011011011110111011011011111010101100000100
111111011010011001000100000011010001000010000101010101011011011110111011011011111010101100000100
101100111100100011010100011110101010000010000101010101011011011110111011011011111010101100000100
110111110000000101001100100100111100000010000101010101011011011110111011011011111010101100000100
101011011100101101011001000111001110000010000101010101011011011110111011011011111010101100000100
101010101001111000011001000110010110000010000101010101011011011110111011011011111010101100000100
101011011111111110111001101010011111000010000101010101011011011110111011011011111010101100000100
100111010100100100001100000110010001000010000101010101011011011110111011011011111010101100000100
111011010100101111111110001000010111000010000101010101011011011110111011011011111010101100000100
011110001100110011111100110111010000000010000101010101011011011110111011011011111010101100000100
010011100100101001000010110111010010000010000101010101011011011110111011011011111010101100000100
100001011111111101101001000101010110000010000101010101011011011110111011011011111010101100000100
110001000001000011110101110100000110000010000101010101011011011110111011011011111010101100000100
110010000111001000001100111011001000000010000101010101011011011110111011011011111010101100000100
111111011100101100010110001000011011000010000101010101011011011110111011011011111010101100000100
001111100011101100110110110010111111000010000101010101011011011110111011011011111010101100000100
001011101110101000000010011001000101000010000101010101011011011110111011011011111010101100000100
000001100000101111010110011011110111000010000101010101011011011110111011011011111010101100000100
000001000000001110010000000010011110000010000101010101011011011110111011011011111010101100000100
011010011111010000010001110011010000000010000101010101011011011110111011011011111010101100000100
010010111011101111000111110111001011000010000101010101011011011110111011011011111010101100000100
010001101000110101000000111101100000000010000101010101011011011110111011011011111010101100000100
110101011111101001110001001110001101000010000101010101011011011110111011011011111010101100000100
101111100011011110000001011101100000000010000101010101011011011110111011011011111010101100000100
110000100011100110010011001010000110000010000101010101011011011110111011011011111010101100000100
100111010100011000101001000011010010000010000101010101011011011110111011011011111010101100000100
111101000101010001110001000110000000000010000101010101011011011110111011011011111010101100000100
001100110001011000001011010000110110000010000101010101011011011110111011011011111010101100000100
110001101110111000101110001011010101000010000101010101011011011110111011011011111010101100000100
101010000100101001001110100111110010000010000101010101011011011110111011011011111010101100000100
000011001100100110001011100010100101000010000101010101011011011110111011011011111010101100000100
110111110101101010101111011111100111000010000101010101011011011110111011011011111010101100000100
010111011010001111000001101011010111000010000101010101011011011110111011011011111010101100000100
011011110001011011010110001110001011000010000101010101011011011110111011011011111010101100000100
011111110101101000101110100000100100000010000101010101011011011110111011011011111010101100000100
101111111010101000011111111110110110000010000101010101011011011110111011011011111010101100000100
101100111101101111011010100010101010000010000101010101011011011110111011011011111010101100000100
011101000101000001000011000111101000000010000101010101011011011110111011011011111010101100000100
001101000011000000001111001110010011000010000101010101011011011110111011011011111010101100000100
001101000011100110000111010101011110000010000101010101011011011110111011011011111010101100000100
110101000010010110010000011010000101000010000101010101011011011110111011011011111010101100000100
110001111101011110000010000111100111000010000101010101011011011110111011011011111010101100000100
110101100001100010101010011110011011000010000101010101011011011110111011011011111010101100000100
010100000100101111100011000111000111000010000101010101011011011110111011011011111010101100000100
101010111100001000001001101101101110000010000101010101011011011110111011011011111010101100000100
000000011100101111110010100010010101000010000101010101011011011110111011011011111010101100000100
110000011101011010001111001110100001000010000101010101011011011110111011011011111010101100000100
110001110001000010001011100000101010000010000101010101011011011110111011011011111010101100000100
100101011111100101000010000101101110000010000101010101011011011110111011011011111010101100000100
100110000001001011010101100010110000000010000101010101011011011110111011011011111010101100000100
111000010010010011111011001101001010000010000101010101011011011110111011011011111010101100000100
110111010110100001010101010000101110000010000101010101011011011110111011011011111010101100000100
011011110110011100000000111011111100000010000101010101011011011110111011011011111010101100000100
111100110110101000110001110100101100000010000101010101011011011110111011011011111010101100000100
010110010000000101010001011011101000000010000101010101011011011110111011011011111010101100000100
101010011100000011001101011010010001000010000101010101011011011110111011011011111010101100000100
001100000010001110111000110100111101000010000101010101011011011110111011011011111010101100000100
010101110010010010110000100000010000000010000101010101011011011110111011011011111010101100000100
101101001000001001010101110000000000000010000101010101011011011110111011011011111010101100000100
001001100100101110100010101001001001000010000101010101011011011110111011011011111010101100000100
101010110000001010011111111001010000000010000101010101011011011110111011011011111010101100000100
101111111010010101100100100011100000000010000101010101011011011110111011011011111010101100000100
101100101100110100101110010000111011000010000101010101011011011110111011011011111010101100000100
001101101101010111010111001101110110000010000101010101011011011110111011011011111010101100000100
000111011110010001011001011001011011000010000101010101011011011110111011011011111010101100000100
011001101001111100000001100111000011000010000101010101011011011110111011011011111010101100000100
000111110010000010101010010001100111000010000101010101011011011110111011011011111010101100000100
111100011010100111000111000010100110000010000101010101011011011110111011011011111010101100000100
100101100000001011111111101000010000000010000101010101011011011110111011011011111010101100000100
010000101101010001111100000100101101000010000101010101011011011110111011011011111010101100000100
011011111001100111000010011110011111000010000101010101011011011110111011011011111010101100000100
101111010001110110001110010100010111000010000101010101011011011110111011011011111010101100000100
000010001111011111111100000101001010000010000101010101011011011110111011011011111010101100000100
011100111101001101011111010100100111000010000101010101011011011110111011011011111010101100000100
110011001010110110000110011011111110000010000101010101011011011110111011011011111010101100000100
100010101111100110101011001010111111000010000101010101011011011110111011011011111010101100000100
010000001100101000010110011010011010000010000101010101011011011110111011011011111010101100000100
111011000000101010111010011000011010000010000101010101011011011110111011011011111010101100000100
001111110111010101111101000010101000000010000101010101011011011110111011011011111010101100000100
000010110111010001111010111111010110000010000101010101011011011110111011011011111010101100000100
110101010111110011110010011011010001000010000101010101011011011110111011011011111010101100000100
111001010010001111101001001010000001000010000101010101011011011110111011011011111010101100000100
101110111101111100100010101111011010000010000101010101011011011110111011011011111010101100000100
111100011001010000101110000011001010000010000101010101011011011110111011011011111010101100000100
010110010100010010111001000111101100000010000101010101011011011110111011011011111010101100000100
000001110100100110011010010101110111000010000101010101011011011110111011011011111010101100000100
001111111011111001011010011011000010000010000101010101011011011110111011011011111010101100000100
101011111011001110010101100111011110000010000101010101011011011110111011011011111010101100000100
111011000001101000010001101111101001000010000101010101011011011110111011011011111010101100000100
110011010001011000000110101101011101000010000101010101011011011110111011011011111010101100000100
010011010100011100100110001111100011000010000101010101011011011110111011011011111010101100000100
011000000011001110111001010001111010000010000101010101011011011110111011011011111010101100000100
111000010011100100011110111011011101000010000101010101011011011110111011011011111010101100000100
010011100001100011111101100101110100000010000101010101011011011110111011011011111010101100000100
011110101110101010011010000000110000000010000101010101011011011110111011011011111010101100000100
001001000011110001110001011100101110000010000101010101011011011110111011011011111010101100000100
000101111101000100000110010000000001000010000101010101011011011110111011011011111010101100000100
011011001011011001100111010101100011000010000101010101011011011110111011011011111010101100000100
101110001111010101011011111111011110000010000101010101011011011110111011011011111010101100000100
011111010101100000100101111101000110000010000101010101011011011110111011011011111010101100000100
011111101000101101011011110000110001000010000101010101011011011110111011011011111010101100000100
101100010001010000111010010001000100000010000101010101011011011110111011011011111010101100000100
110101011111010011111011001000110000000010000101010101011011011110111011011011111010101100000100
101000011110111001011100010101100010000010000101010101011011011110111011011011111010101100000100
110101100010101111000010101101111001000010000101010101011011011110111011011011111010101100000100
010000011001000111000110101010101111000010000101010101011011011110111011011011111010101100000100
101100000010000011000100111000101101000010000101010101011011011110111011011011111010101100000100
000001001010001110101010010100111001000010000101010101011011011110111011011011111010101100000100
110111011011000100111101010000001001000010000101010101011011011110111011011011111010101100000100
011010000011101000001110011010111110000010000101010101011011011110111011011011111010101100000100
010001111000110011011110111001000001000010000101010101011011011110111011011011111010101100000100
001111100010001011011000010101000001000010000101010101011011011110111011011011111010101100000100
100011001100101101011111010110100111000010000101010101011011011110111011011011111010101100000100
110010101100000011111110010101100011000010000101010101011011011110111011011011111010101100000100
001001001111111100010110110100100011000010000101010101011011011110111011011011111010101100000100
101010011011000110100110011001111001000010000101010101011011011110111011011011111010101100000100
000010011100010011011100000111011011000010000101010101011011011110111011011011111010101100000100
011101001110010010011101010011000010000010000101010101011011011110111011011011111010101100000100
100110001010001001110001000101011010000010000101010101011011011110111011011011111010101100000100
100011100001110111001111011101110000000010000101010101011011011110111011011011111010101100000100
000100100110000001111101101101011010000010000101010101011011011110111011011011111010101100000100
110111001001010011100101011110101111000010000101010101011011011110111011011011111010101100000100
001010000111101010001001101111001110000010000101010101011011011110111011011011111010101100000100
100000000001000101111101111101010110000010000101010101011011011110111011011011111010101100000100
111110000010011111100001100111001111000010000101010101011011011110111011011011111010101100000100
001000110000000001001010011111001101000010000101010101011011011110111011011011111010101100000100
111000000010110010011110101010001110000010000101010101011011011110111011011011111010101100000100
010000001001010000111100000111010000000010000101010101011011011110111011011011111010101100000100
110001001101111100100000100011101010000010000101010101011011011110111011011011111010101100000100
101100000101111001011101110101110000000010000101010101011011011110111011011011111010101100000100
100001011110101000110100011111000000000010000101010101011011011110111011011011111010101100000100
110101010011100011100010010010101001000010000101010101011011011110111011011011111010101100000100
001010001001001001101010011101101110000010000101010101011011011110111011011011111010101100000100
010101010101100000110001000011111100000010000101010101011011011110111011011011111010101100000100
000001101100000110101010100111001011000010000101010101011011011110111011011011111010101100000100
001000101111010001111110111110000011000010000101010101011011011110111011011011111010101100000100
101110110010011100100101001101000000000010000101010101011011011110111011011011111010101100000100
010100100101000100010100010011111111000010000101010101011011011110111011011011111010101100000100
100011100011101101011110101110011000000010000101010101011011011110111011011011111010101100000100
001110010110101000101010100001111111000010000101010101011011011110111011011011111010101100000100
111100001011100000101001101110110011000010000101010101011011011110111011011011111010101100000100
110100000000000101001010010110000010000010000101010101011011011110111011011011111010101100000100
010000010100010000001000001110010100000010000101010101011011011110111011011011111010101100000100
010111101100111100101110001011101100000010000101010101011011011110111011011011111010101100000100
100110100111010110111010110000010100000010000101010101011011011110111011011011111010101100000100
010101000001100111001010100001010101000010000101010101011011011110111011011011111010101100000100
010000011111000000110101001110100010000010000101010101011011011110111011011011111010101100000100
011101000110010000100011000001001101000010000101010101011011011110111011011011111010101100000100
000100000111010001011001011101000101000010000101010101011011011110111011011011111010101100000100
111110011100010001100100110101100001000010000101010101011011011110111011011011111010101100000100
010001001000111101011001010001110011000010000101010101011011011110111011011011111010101100000100
100001010100101010111000010010010110000010000101010101011011011110111011011011111010101100000100
011011111010111001010110011010110100000010000101010101011011011110111011011011111010101100000100
100111101111001101100110011011110001000010000101010101011011011110111011011011111010101100000100
010100000001011100101001001110111101000010000101010101011011011110111011011011111010101100000100
001110110010100110100110000001000100000010000101010101011011011110111011011011111010101100000100
000010111101111010101010001111001110000010000101010101011011011110111011011011111010101100000100
101011101011100001100000110100011001000010000101010101011011011110111011011011111010101100000100
010100010100000111010001011000000000000010000101010101011011011110111011011011111010101100000100
111001011001000011111001111000101110000010000101010101011011011110111011011011111010101100000100
100111100001011101010011111000000101000010000101010101011011011110111011011011111010101100000100
100101111110100110001111000010100011000010000101010101011011011110111011011011111010101100000100
101010000101100000000010111101110010000010000101010101011011011110111011011011111010101100000100
010011001011010010000010000011111001000010000101010101011011011110111011011011111010101100000100
010001110010111000100010110110011010000010000101010101011011011110111011011011111010101100000100
100010011011010001110111101000101110000010000101010101011011011110111011011011111010101100000100
001100100100000110000101100101011001000010000101010101011011011110111011011011111010101100000100
111010110001100001011110010001110110000010000101010101011011011110111011011011111010101100000100
001101100011000010010110000001011000000010000101010101011011011110111011011011111010101100000100
100110110010000111001000010010101111000010000101010101011011011110111011011011111010101100000100
010010010011110100010110111101111100000010000101010101011011011110111011011011111010101100000100
011010101100000101100110000111010011000010000101010101011011011110111011011011111010101100000100
001001110001000001101000100110000000000010000101010101011011011110111011011011111010101100000100
001010111010101111001000010001000111000010000101010101011011011110111011011011111010101100000100
000010000101000101000001101011111101000010000101010101011011011110111011011011111010101100000100
000110001110101111001110100101110100000010000101010101011011011110111011011011111010101100000100
000101111000000001010100010010010100000010000101010101011011011110111011011011111010101100000100
000001010110010101101110011011101100000010000101010101011011011110111011011011111010101100000100
110000111000001110101100110011101010000010000101010101011011011110111011011011111010101100000100
011111010001000000101010010011000100000010000101010101011011011110111011011011111010101100000100
000000001101101110100000111011100000000010000101010101011011011110111011011011111010101100000100
111110100010111110000100110101100011000010000101010101011011011110111011011011111010101100000100
100000101101011100001101110110001101000010000101010101011011011110111011011011111010101100000100
010011101001101101111101101010011000000010000101010101011011011110111011011011111010101100000100
000001100110010101001101010111111101000010000101010101011011011110111011011011111010101100000100
110010010001101010010110101100100111000010000101010101011011011110111011011011111010101100000100
000000000100001100000001001111001000000010000101010101011011011110111011011011111010101100000100
001010101000101000101100011001111000000010000101010101011011011110111011011011111010101100000100
111100100000001010110100000101110011000010000101010101011011011110111011011011111010101100000100
001001011000011101011101001111110011000010000101010101011011011110111011011011111010101100000100
111101010111000110001000011011101010000010000101010101011011011110111011011011111010101100000100
100011001110101100010011010101000011000010000101010101011011011110111011011011111010101100000100
101000011101100001011100100001010100000010000101010101011011011110111011011011111010101100000100
110010010011000010000001110010100001000010000101010101011011011110111011011011111010101100000100
010101010100101011011011011111100001000010000101010101011011011110111011011011111010101100000100
000010001101111111101110001001010110000010000101010101011011011110111011011011111010101100000100
100110010111101000000110100100010001000010000101010101011011011110111011011011111010101100000100
011100000010000010011001000101100100000010000101010101011011011110111011011011111010101100000100
001101011100010100111011010010000101000010000101010101011011011110111011011011111010101100000100
011011011100011000111110001101001000000010000101010101011011011110111011011011111010101100000100
001000110110010101111000011010010111000010000101010101011011011110111011011011111010101100000100
000011000111011000010111000001111010000010000101010101011011011110111011011011111010101100000100
011000011101100000101010001010001010000010000101010101011011011110111011011011111010101100000100
110100010001001101001010010011001000000010000101010101011011011110111011011011111010101100000100
100000111011001000010001001000001100000010000101010101011011011110111011011011111010101100000100
000101001011000101101111100010111101000010000101010101011011011110111011011011111010101100000100
001110110101000100110101001100111111000010000101010101011011011110111011011011111010101100000100
010011111010111100110000110110011000000010000101010101011011011110111011011011111010101100000100
011110111011101011000110111010001000000010000101010101011011011110111011011011111010101100000100
100001110100010100110000101011000010000010000101010101011011011110111011011011111010101100000100
101100010100111001101111101110100010000010000101010101011011011110111011011011111010101100000100
110110110001011111110111101010000001000010000101010101011011011110111011011011111010101100000100
000010110110010110101110110101101100000010000101010101011011011110111011011011111010101100000100
000101111101111010101001001011110110000010000101010101011011011110111011011011111010101100000100
101100001111101010111010111010101010000010000101010101011011011110111011011011111010101100000100
011000010110101000011011011101100101000010000101010101011011011110111011011011111010101100000100
001010101001101010110101001111111111000010000101010101011011011110111011011011111010101100000100
101101110010111011100100101101100111000010000101010101011011011110111011011011111010101100000100
001010110111000101010100001100000000000010000101010101011011011110111011011011111010101100000100
111011000001100110010000001101100111000010000101010101011011011110111011011011111010101100000100
000011011010101111101110101101100001000010000101010101011011011110111011011011111010101100000100
011001101111100100010111000110100101000010000101010101011011011110111011011011111010101100000100
110101010001010101100100111101000001000010000101010101011011011110111011011011111010101100000100
010111010101110111110010000101011000000010000101010101011011011110111011011011111010101100000100
010100011001011110010100010000000110000010000101010101011011011110111011011011111010101100000100
000111001101000010000000101111011101000010000101010101011011011110111011011011111010101100000100
101001110000001100001110100011110111000010000101010101011011011110111011011011111010101100000100
010000100111000110100000011000000010000010000101010101011011011110111011011011111010101100000100
010011110100110010000010101010001110000010000101010101011011011110111011011011111010101100000100
111110100100000110101001100101100010000010000101010101011011011110111011011011111010101100000100
001101010001110100111010011010101001000010000101010101011011011110111011011011111010101100000100
100000111100010101000011110011010011000010000101010101011011011110111011011011111010101100000100
010111111111100000110101000101010101000010000101010101011011011110111011011011111010101100000100
110011011010100000001111101100010110000010000101010101011011011110111011011011111010101100000100
110001011101011101010001111100011111000010000101010101011011011110111011011011111010101100000100
111110101001100110010110000001100101000010000101010101011011011110111011011011111010101100000100
000011000010001101101101110001100010000010000101010101011011011110111011011011111010101100000100
111010101100010010111101111011100001000010000101010101011011011110111011011011111010101100000100
111111101111110111100100000111100000000010000101010101011011011110111011011011111010101100000100
111110000001001101000010001000110111000010000101010101011011011110111011011011111010101100000100
001110100010110100011010011000101111000010000101010101011011011110111011011011111010101100000100
000011110000100001010111101010101011000010000101010101011011011110111011011011111010101100000100
001101110001101000101011010001100110000010000101010101011011011110111011011011111010101100000100
111011100101010101001011001011101001000010000101010101011011011110111011011011111010101100000100
111010000100101100111000011101001111000010000101010101011011011110111011011011111010101100000100
111000001110101111001000101111000100000010000101010101011011011110111011011011111010101100000100
111010101110100011110101011110011110000010000101010101011011011110111011011011111010101100000100
000000101000010000110110100001000000000010000101010101011011011110111011011011111010101100000100
110111011001111110010110101101111010000010000101010101011011011110111011011011111010101100000100
010000010010010111110010001101000110000010000101010101011011011110111011011011111010101100000100
011100001011100010000010110101110101000010000101010101011011011110111011011011111010101100000100
111000010010110110001001010110101101000010000101010101011011011110111011011011111010101100000100
001110101111001001011010111010010001000010000101010101011011011110111011011011111010101100000100
101011100100100010000010100110110101000010000101010101011011011110111011011011111010101100000100
001001001011010010110010000000001001000010000101010101011011011110111011011011111010101100000100
011010110111100000011011100101001101000010000101010101011011011110111011011011111010101100000100
100011000111111110011100101010001101000010000101010101011011011110111011011011111010101100000100
110011110100100011010100100001000011000010000101010101011011011110111011011011111010101100000100
101010110000110001100000111000110000000010000101010101011011011110111011011011111010101100000100
110010000000011010011011010010111111000010000101010101011011011110111011011011111010101100000100
000000011011101100111010101011000010000010000101010101011011011110111011011011111010101100000100
011011010111000011010101011010110101000010000101010101011011011110111011011011111010101100000100
100010010111011000011011011000001000000010000101010101011011011110111011011011111010101100000100
101111110111101110110100110000000101000010000101010101011011011110111011011011111010101100000100
010000000010001111001100110011100110000010000101010101011011011110111011011011111010101100000100
011111001110101110001101000000100111000010000101010101011011011110111011011011111010101100000100
011100011110110110101000111000100110000010000101010101011011011110111011011011111010101100000100
110101011101100100110001000010101000000010000101010101011011011110111011011011111010101100000100
000110110011110000011010111110111100000010000101010101011011011110111011011011111010101100000100
101101000010100000111111100111100010000010000101010101011011011110111011011011111010101100000100
101010100100000101010011111111010111000010000101010101011011011110111011011011111010101100000100
010110001111001101110101000001111111000010000101010101011011011110111011011011111010101100000100
011111111011000101111001010100100000000010000101010101011011011110111011011011111010101100000100
111110001111001100100001000010100011000010000101010101011011011110111011011011111010101100000100
010000001001010101101001010000101010000010000101010101011011011110111011011011111010101100000100
111010000100000010010111000001010000000010000101010101011011011110111011011011111010101100000100
110111101010001101110011010011100001000010000101010101011011011110111011011011111010101100000100
101111010100101001011100110000001001000010000101010101011011011110111011011011111010101100000100
101001111000011001001001100001001110000010000101010101011011011110111011011011111010101100000100
110110010110100111100001000110001100000010000101010101011011011110111011011011111010101100000100
111100111111000000001000001000010001000010000101010101011011011110111011011011111010101100000100
001100100001001100111001100001011110000010000101010101011011011110111011011011111010101100000100
011110100010000011001011101111110110000010000101010101011011011110111011011011111010101100000100
001001001111000111100110011000110011000010000101010101011011011110111011011011111010101100000100
101101111000011101000110011110000000000010000101010101011011011110111011011011111010101100000100
000111010111010011111101011001000001000010000101010101011011011110111011011011111010101100000100
101001000101010000001100011000001100000010000101010101011011011110111011011011111010101100000100
