100111101010001011010100110101100000000000000000000000000000000000000000000000110000011100010101
100111101010001011010100110101100000000000000000000000000000000000000000000000011000100001101110
100111101010001011010100110101100000000000000000000000000000000000000000000000100101011101011111
100111101010001011010100110101100000000000000000000000000000000000000000000000111111111101101111
100111101010001011010100110101100000000000000000000000000000000000000000000000101011001000101011
100111101010001011010100110101100000000000000000000000000000000000000000000000101101000100001011
100111101010001011010100110101100000000000000000000000000000000000000000000000011011101001001111
100111101010001011010100110101100000000000000000000000000000000000000000000000001110011101010010
100111101010001011010100110101100000000000000000000000000000000000000000000000001101100101101100
100111101010001011010100110101100000000000000000000000000000000000000000000000010000111110101000
100111101010001011010100110101100000000000000000000000000000000000000000000000001110010001010000
100111101010001011010100110101100000000000000000000000000000000000000000000000100011011111101100
100111101010001011010100110101100000000000000000000000000000000000000000000001000011011011100111
100111101010001011010100110101100000000000000000000000000000000000000000000000100011011110110011
100111101010001011010100110101100000000000000000000000000000000000000000000000000011111110101101
100111101010001011010100110101100000000000000000000000000000000000000000000000100011101101010001
100111101010001011010100110101100000000000000000000000000000000000000000000000011010001101100010
100111101010001011010100110101100000000000000000000000000000000000000000000000100110001001010110
100111101010001011010100110101100000000000000000000000000000000000000000000000110000101111011101
100111101010001011010100110101100000000000000000000000000000000000000000000000111110000110111010
100111101010001011010100110101100000000000000000000000000000000000000000000001000101110111000101
100111101010001011010100110101100000000000000000000000000000000000000000000000010010100011111100
100111101010001011010100110101100000000000000000000000000000000000000000000000100110101110101001
100111101010001011010100110101100000000000000000000000000000000000000000000000011111010000011111
100111101010001011010100110101100000000000000000000000000000000000000000000000101101011100100010
100111101010001011010100110101100000000000000000000000000000000000000000000001000011011101100111
100111101010001011010100110101100000000000000000000000000000000000000000000000101111011100010000
100111101010001011010100110101100000000000000000000000000000000000000000000000110110101001111111
100111101010001011010100110101100000000000000000000000000000000000000000000000111001011100101011
100111101010001011010100110101100000000000000000000000000000000000000000000000001011001001100011
100111101010001011010100110101100000000000000000000000000000000000000000000000111100011101111110
100111101010001011010100110101100000000000000000000000000000000000000000000000110000111110010011
100111101010001011010100110101100000000000000000000000000000000000000000000000100111001001111001
100111101010001011010100110101100000000000000000000000000000000000000000000000010000001110111011
100111101010001011010100110101100000000000000000000000000000000000000000000000101011111101000111
100111101010001011010100110101100000000000000000000000000000000000000000000000000100000011001111
100111101010001011010100110101100000000000000000000000000000000000000000000000010000010011010101
100111101010001011010100110101100000000000000000000000000000000000000000000000011001110101101111
100111101010001011010100110101100000000000000000000000000000000000000000000000100010100110101000
100111101010001011010100110101100000000000000000000000000000000000000000000000110001010111100111
100111101010001011010100110101100000000000000000000000000000000000000000000000110110110100001010
100111101010001011010100110101100000000000000000000000000000000000000000000000010100001011111001
100111101010001011010100110101100000000000000000000000000000000000000000000000100001110011000110
100111101010001011010100110101100000000000000000000000000000000000000000000000001111011000111111
100111101010001011010100110101100000000000000000000000000000000000000000000000100111111001011111
100111101010001011010100110101100000000000000000000000000000000000000000000000101001001100001000
100111101010001011010100110101100000000000000000000000000000000000000000000000101100001110000011
100111101010001011010100110101100000000000000000000000000000000000000000000000110000010110001110
100111101010001011010100110101100000000000000000000000000000000000000000000000000111100101110100
100111101010001011010100110101100000000000000000000000000000000000000000000000101110010100101010
100111101010001011010100110101100000000000000000000000000000000000000000000000011001000101101100
100111101010001011010100110101100000000000000000000000000000000000000000000000010111100110100010
100111101010001011010100110101100000000000000000000000000000000000000000000000000001001000101000
100111101010001011010100110101100000000000000000000000000000000000000000000000101000101101011101
100111101010001011010100110101100000000000000000000000000000000000000000000000010010110101110110
100111101010001011010100110101100000000000000000000000000000000000000000000000100011110100010000
100111101010001011010100110101100000000000000000000000000000000000000000000000001001101011010110
100111101010001011010100110101100000000000000000000000000000000000000000000000111101111010011101
100111101010001011010100110101100000000000000000000000000000000000000000000000011011001011110001
100111101010001011010100110101100000000000000000000000000000000000000000000000010011111100010001
100111101010001011010100110101100000000000000000000000000000000000000000000000111101011011011011
100111101010001011010100110101100000000000000000000000000000000000000000000000111110000011111001
100111101010001011010100110101100000000000000000000000000000000000000000000000010111111100101001
100111101010001011010100110101100000000000000000000000000000000000000000000000010000101111000001
100111101010001011010100110101100000000000000000000000000000000000000000000000101010100001011101
100111101010001011010100110101100000000000000000000000000000000000000000000000101011000001011011
100111101010001011010100110101100000000000000000000000000000000000000000000000110000110110010011
100111101010001011010100110101100000000000000000000000000000000000000000000000100111001010000011
100111101010001011010100110101100000000000000000000000000000000000000000000000010010111100011111
100111101010001011010100110101100000000000000000000000000000000000000000000000011100111011110100
100111101010001011010100110101100000000000000000000000000000000000000000000000011110100100111011
100111101010001011010100110101100000000000000000000000000000000000000000000000000100001001110010
100111101010001011010100110101100000000000000000000000000000000000000000000000100111000001100110
100111101010001011010100110101100000000000000000000000000000000000000000000000011000110010100100
100111101010001011010100110101100000000000000000000000000000000000000000000000000111011111100001
100111101010001011010100110101100000000000000000000000000000000000000000000001000110111111000111
100111101010001011010100110101100000000000000000000000000000000000000000000000101100001000000000
100111101010001011010100110101100000000000000000000000000000000000000000000000101101110001100101
100111101010001011010100110101100000000000000000000000000000000000000000000000111010111100110001
100111101010001011010100110101100000000000000000000000000000000000000000000000000001011110011000
100111101010001011010100110101100000000000000000000000000000000000000000000000010110110111100010
100111101010001011010100110101100000000000000000000000000000000000000000000000111001011000011011
100111101010001011010100110101100000000000000000000000000000000000000000000000100010011010010101
100111101010001011010100110101100000000000000000000000000000000000000000000000101110100001100100
100111101010001011010100110101100000000000000000000000000000000000000000000000110001111100000111
100111101010001011010100110101100000000000000000000000000000000000000000000000110110000111110101
100111101010001011010100110101100000000000000000000000000000000000000000000001000100010110001100
100111101010001011010100110101100000000000000000000000000000000000000000000000001101010110001101
100111101010001011010100110101100000000000000000000000000000000000000000000000100101101110100011
100111101010001011010100110101100000000000000000000000000000000000000000000000111110111110111000
100111101010001011010100110101100000000000000000000000000000000000000000000000111001000011010111
100111101010001011010100110101100000000000000000000000000000000000000000000000010110000011011111
100111101010001011010100110101100000000000000000000000000000000000000000000001000111011101000011
100111101010001011010100110101100000000000000000000000000000000000000000000000011001010110100001
100111101010001011010100110101100000000000000000000000000000000000000000000000101101100001100011
100111101010001011010100110101100000000000000000000000000000000000000000000000001000001111010010
100111101010001011010100110101100000000000000000000000000000000000000000000000111001000100000001
100111101010001011010100110101100000000000000000000000000000000000000000000000001101111001000010
100111101010001011010100110101100000000000000000000000000000000000000000000000010101000101101001
100111101010001011010100110101100000000000000000000000000000000000000000000000000010000111111000
100111101010001011010100110101100000000000000000000000000000000000000000000000011111001011010111
100111101010001011010100110101100000000000000000000000000000000000000000000001000100100011100011
100111101010001011010100110101100000000000000000000000000000000000000000000000110010010111010101
100111101010001011010100110101100000000000000000000000000000000000000000000000100110011100111110
100111101010001011010100110101100000000000000000000000000000000000000000000001000110110000001100
100111101010001011010100110101100000000000000000000000000000000000000000000001000101110000000000
100111101010001011010100110101100000000000000000000000000000000000000000000000111010110100110101
100111101010001011010100110101100000000000000000000000000000000000000000000000010111000101000110
100111101010001011010100110101100000000000000000000000000000000000000000000000111111111111110000
100111101010001011010100110101100000000000000000000000000000000000000000000001000001111100001000
100111101010001011010100110101100000000000000000000000000000000000000000000000100010100101011110
100111101010001011010100110101100000000000000000000000000000000000000000000000110010011010010000
100111101010001011010100110101100000000000000000000000000000000000000000000001000110011001011011
100111101010001011010100110101100000000000000000000000000000000000000000000000000000011101101111
100111101010001011010100110101100000000000000000000000000000000000000000000000101101011110010110
100111101010001011010100110101100000000000000000000000000000000000000000000000011110010000011100
100111101010001011010100110101100000000000000000000000000000000000000000000000110000101011010100
100111101010001011010100110101100000000000000000000000000000000000000000000000110110000101001000
100111101010001011010100110101100000000000000000000000000000000000000000000000000000001110000001
100111101010001011010100110101100000000000000000000000000000000000000000000000111110110110010000
100111101010001011010100110101100000000000000000000000000000000000000000000000011010001111101000
100111101010001011010100110101100000000000000000000000000000000000000000000000111101101001010100
100111101010001011010100110101100000000000000000000000000000000000000000000000101001100100110100
100111101010001011010100110101100000000000000000000000000000000000000000000000010000011100110100
100111101010001011010100110101100000000000000000000000000000000000000000000000101100111100100000
100111101010001011010100110101100000000000000000000000000000000000000000000000110101010000101100
100111101010001011010100110101100000000000000000000000000000000000000000000000111000101111001101
100111101010001011010100110101100000000000000000000000000000000000000000000001000001001010010101
100111101010001011010100110101100000000000000000000000000000000000000000000000011001001010010101
100111101010001011010100110101100000000000000000000000000000000000000000000000001110111110000001
100111101010001011010100110101100000000000000000000000000000000000000000000000100001101000110110
100111101010001011010100110101100000000000000000000000000000000000000000000000110011111101011010
100111101010001011010100110101100000000000000000000000000000000000000000000000100101100110010011
100111101010001011010100110101100000000000000000000000000000000000000000000000100110001101110110
100111101010001011010100110101100000000000000000000000000000000000000000000000011111110001110100
100111101010001011010100110101100000000000000000000000000000000000000000000000101111110101110000
100111101010001011010100110101100000000000000000000000000000000000000000000000101000011101111110
100111101010001011010100110101100000000000000000000000000000000000000000000000110100001001100000
100111101010001011010100110101100000000000000000000000000000000000000000000000000010000110100101
100111101010001011010100110101100000000000000000000000000000000000000000000000111101000101001001
100111101010001011010100110101100000000000000000000000000000000000000000000000010100110110110111
100111101010001011010100110101100000000000000000000000000000000000000000000000000110000110101100
100111101010001011010100110101100000000000000000000000000000000000000000000001000111101010110100
100111101010001011010100110101100000000000000000000000000000000000000000000000101010100110010111
100111101010001011010100110101100000000000000000000000000000000000000000000000100111010011010111
100111101010001011010100110101100000000000000000000000000000000000000000000000110100000000110011
100111101010001011010100110101100000000000000000000000000000000000000000000000110010011010010110
100111101010001011010100110101100000000000000000000000000000000000000000000000011001010000100001
100111101010001011010100110101100000000000000000000000000000000000000000000000111001000110001010
100111101010001011010100110101100000000000000000000000000000000000000000000000101110010001110100
100111101010001011010100110101100000000000000000000000000000000000000000000000000101110110000001
100111101010001011010100110101100000000000000000000000000000000000000000000000110010011000100100
100111101010001011010100110101100000000000000000000000000000000000000000000000010101011111101110
100111101010001011010100110101100000000000000000000000000000000000000000000000100111100011010111
100111101010001011010100110101100000000000000000000000000000000000000000000000000101110000000001
100111101010001011010100110101100000000000000000000000000000000000000000000001000100110110100110
100111101010001011010100110101100000000000000000000000000000000000000000000000001010101001011010
100111101010001011010100110101100000000000000000000000000000000000000000000000000011100110110001
100111101010001011010100110101100000000000000000000000000000000000000000000001001000101111100010
100111101010001011010100110101100000000000000000000000000000000000000000000000001111010100001011
100111101010001011010100110101100000000000000000000000000000000000000000000000010110000110101100
100111101010001011010100110101100000000000000000000000000000000000000000000000000011110111000000
100111101010001011010100110101100000000000000000000000000000000000000000000001000100111111010101
100111101010001011010100110101100000000000000000000000000000000000000000000000011100110010001011
100111101010001011010100110101100000000000000000000000000000000000000000000000011011110100011101
100111101010001011010100110101100000000000000000000000000000000000000000000000001111011110010101
100111101010001011010100110101100000000000000000000000000000000000000000000000010101101110011101
100111101010001011010100110101100000000000000000000000000000000000000000000000000100100101101011
100111101010001011010100110101100000000000000000000000000000000000000000000000100111101100100011
100111101010001011010100110101100000000000000000000000000000000000000000000000111011000110011001
100111101010001011010100110101100000000000000000000000000000000000000000000000110101110001110111
100111101010001011010100110101100000000000000000000000000000000000000000000000100111111010011010
100111101010001011010100110101100000000000000000000000000000000000000000000000111000111000101010
100111101010001011010100110101100000000000000000000000000000000000000000000001000110000111101000
100111101010001011010100110101100000000000000000000000000000000000000000000001000101010011000110
100111101010001011010100110101100000000000000000000000000000000000000000000000011101011111101000
100111101010001011010100110101100000000000000000000000000000000000000000000000011010110100000111
100111101010001011010100110101100000000000000000000000000000000000000000000000010101010111100011
100111101010001011010100110101100000000000000000000000000000000000000000000000100110110011110111
100111101010001011010100110101100000000000000000000000000000000000000000000000111110111100110111
100111101010001011010100110101100000000000000000000000000000000000000000000000100001011000011001
100111101010001011010100110101100000000000000000000000000000000000000000000000011000010110000010
100111101010001011010100110101100000000000000000000000000000000000000000000000100010100011001110
100111101010001011010100110101100000000000000000000000000000000000000000000000110001010001010001
100111101010001011010100110101100000000000000000000000000000000000000000000000011100011101100100
100111101010001011010100110101100000000000000000000000000000000000000000000000001111100101010110
100111101010001011010100110101100000000000000000000000000000000000000000000001000111000101111000
100111101010001011010100110101100000000000000000000000000000000000000000000001000101111010000110
100111101010001011010100110101100000000000000000000000000000000000000000000000101010011010101110
100111101010001011010100110101100000000000000000000000000000000000000000000000011101010110111000
100111101010001011010100110101100000000000000000000000000000000000000000000000101000000010000001
100111101010001011010100110101100000000000000000000000000000000000000000000000000111000101101101
100111101010001011010100110101100000000000000000000000000000000000000000000000101010010001001111
100111101010001011010100110101100000000000000000000000000000000000000000000000001100110001001100
100111101010001011010100110101100000000000000000000000000000000000000000000000100000100111100100
100111101010001011010100110101100000000000000000000000000000000000000000000000001000100110101000
100111101010001011010100110101100000000000000000000000000000000000000000000000001110111001001101
100111101010001011010100110101100000000000000000000000000000000000000000000001000100000110011011
100111101010001011010100110101100000000000000000000000000000000000000000000000101000100101101100
100111101010001011010100110101100000000000000000000000000000000000000000000001001000100110111011
100111101010001011010100110101100000000000000000000000000000000000000000000000111101010011111100
100111101010001011010100110101100000000000000000000000000000000000000000000000001111000011100101
100111101010001011010100110101100000000000000000000000000000000000000000000000100101111010110101
100111101010001011010100110101100000000000000000000000000000000000000000000000100111101001000101
100111101010001011010100110101100000000000000000000000000000000000000000000000001110101111011001
100111101010001011010100110101100000000000000000000000000000000000000000000000111011101001011111
100111101010001011010100110101100000000000000000000000000000000000000000000000101011001011001011
100111101010001011010100110101100000000000000000000000000000000000000000000000100111110101100001
100111101010001011010100110101100000000000000000000000000000000000000000000000101011100000101101
100111101010001011010100110101100000000000000000000000000000000000000000000000111111000010110001
100111101010001011010100110101100000000000000000000000000000000000000000000000101111000110001000
100111101010001011010100110101100000000000000000000000000000000000000000000001000110010010011011
100111101010001011010100110101100000000000000000000000000000000000000000000000000111110010001000
100111101010001011010100110101100000000000000000000000000000000000000000000000001011100100010100
100111101010001011010100110101100000000000000000000000000000000000000000000000000110010011111000
100111101010001011010100110101100000000000000000000000000000000000000000000000001100110010011110
100111101010001011010100110101100000000000000000000000000000000000000000000000111100011100011000
100111101010001011010100110101100000000000000000000000000000000000000000000001000001111111101100
100111101010001011010100110101100000000000000000000000000000000000000000000000000011101100001000
100111101010001011010100110101100000000000000000000000000000000000000000000001000100001000001011
100111101010001011010100110101100000000000000000000000000000000000000000000000000000010110010110
100111101010001011010100110101100000000000000000000000000000000000000000000000100001000111101100
100111101010001011010100110101100000000000000000000000000000000000000000000000111111111101100111
100111101010001011010100110101100000000000000000000000000000000000000000000000101111101010100101
100111101010001011010100110101100000000000000000000000000000000000000000000000101100111100001000
100111101010001011010100110101100000000000000000000000000000000000000000000000101000011110001011
100111101010001011010100110101100000000000000000000000000000000000000000000000001100101111000001
100111101010001011010100110101100000000000000000000000000000000000000000000000010111110100010100
100111101010001011010100110101100000000000000000000000000000000000000000000000111010000100001010
100111101010001011010100110101100000000000000000000000000000000000000000000000101000111001011011
100111101010001011010100110101100000000000000000000000000000000000000000000000001000010111100001
100111101010001011010100110101100000000000000000000000000000000000000000000001000101110001111001
100111101010001011010100110101100000000000000000000000000000000000000000000000001101110000000100
100111101010001011010100110101100000000000000000000000000000000000000000000001001001000001010100
100111101010001011010100110101100000000000000000000000000000000000000000000000110110100001111101
100111101010001011010100110101100000000000000000000000000000000000000000000000010110111100110011
100111101010001011010100110101100000000000000000000000000000000000000000000000101101100001100010
100111101010001011010100110101100000000000000000000000000000000000000000000000110101100001000100
100111101010001011010100110101100000000000000000000000000000000000000000000000011000010101000111
100111101010001011010100110101100000000000000000000000000000000000000000000000111111101110000010
100111101010001011010100110101100000000000000000000000000000000000000000000000000011011110100010
100111101010001011010100110101100000000000000000000000000000000000000000000000000001001000001110
100111101010001011010100110101100000000000000000000000000000000000000000000001000111111101001001
100111101010001011010100110101100000000000000000000000000000000000000000000000100011100110100000
100111101010001011010100110101100000000000000000000000000000000000000000000000001111011100101001
100111101010001011010100110101100000000000000000000000000000000000000000000000001000101010110111
100111101010001011010100110101100000000000000000000000000000000000000000000000001110110100001000
100111101010001011010100110101100000000000000000000000000000000000000000000000110100111101000001
100111101010001011010100110101100000000000000000000000000000000000000000000000110011000110001111
100111101010001011010100110101100000000000000000000000000000000000000000000000100110111111000100
100111101010001011010100110101100000000000000000000000000000000000000000000000100011101100010100
100111101010001011010100110101100000000000000000000000000000000000000000000001000010100110011110
100111101010001011010100110101100000000000000000000000000000000000000000000000111000001000011100
100111101010001011010100110101100000000000000000000000000000000000000000000000111000010000010001
100111101010001011010100110101100000000000000000000000000000000000000000000000100010010111010101
100111101010001011010100110101100000000000000000000000000000000000000000000000000100001100011001
100111101010001011010100110101100000000000000000000000000000000000000000000000000010111111110111
100111101010001011010100110101100000000000000000000000000000000000000000000000100110111000111100
100111101010001011010100110101100000000000000000000000000000000000000000000000010110011011010111
100111101010001011010100110101100000000000000000000000000000000000000000000000110001000000001100
100111101010001011010100110101100000000000000000000000000000000000000000000000100000010111100000
100111101010001011010100110101100000000000000000000000000000000000000000000001000110001101110111
100111101010001011010100110101100000000000000000000000000000000000000000000001000100000101011011
100111101010001011010100110101100000000000000000000000000000000000000000000000000111110111101011
100111101010001011010100110101100000000000000000000000000000000000000000000001000111000010110000
100111101010001011010100110101100000000000000000000000000000000000000000000000000010011110110010
100111101010001011010100110101100000000000000000000000000000000000000000000000100001110100010110
100111101010001011010100110101100000000000000000000000000000000000000000000000010100011101000101
100111101010001011010100110101100000000000000000000000000000000000000000000000010011110111010010
100111101010001011010100110101100000000000000000000000000000000000000000000000010111110011101110
100111101010001011010100110101100000000000000000000000000000000000000000000000010101010011001100
100111101010001011010100110101100000000000000000000000000000000000000000000000110000010000111110
100111101010001011010100110101100000000000000000000000000000000000000000000000011000000000100111
100111101010001011010100110101100000000000000000000000000000000000000000000000100010111011101000
100111101010001011010100110101100000000000000000000000000000000000000000000000000100010000100000
100111101010001011010100110101100000000000000000000000000000000000000000000000111011001110010110
100111101010001011010100110101100000000000000000000000000000000000000000000000101000011111001111
100111101010001011010100110101100000000000000000000000000000000000000000000000000001111011001111
100111101010001011010100110101100000000000000000000000000000000000000000000000010010011100100000
100111101010001011010100110101100000000000000000000000000000000000000000000000010101011011101101
100111101010001011010100110101100000000000000000000000000000000000000000000000111110000101111100
100111101010001011010100110101100000000000000000000000000000000000000000000000111101000000010111
100111101010001011010100110101100000000000000000000000000000000000000000000000010100111110110001
100111101010001011010100110101100000000000000000000000000000000000000000000000110111001111001010
100111101010001011010100110101100000000000000000000000000000000000000000000000110011010011001100
100111101010001011010100110101100000000000000000000000000000000000000000000000101010000100011001
100111101010001011010100110101100000000000000000000000000000000000000000000000011010010100110100
100111101010001011010100110101100000000000000000000000000000000000000000000000000100010101111000
100111101010001011010100110101100000000000000000000000000000000000000000000000110111101110100011
100111101010001011010100110101100000000000000000000000000000000000000000000000111001100010001001
100111101010001011010100110101100000000000000000000000000000000000000000000000111011110010001000
100111101010001011010100110101100000000000000000000000000000000000000000000000000011011011100111
100111101010001011010100110101100000000000000000000000000000000000000000000000111111111011000011
100111101010001011010100110101100000000000000000000000000000000000000000000000001111111000000111
100111101010001011010100110101100000000000000000000000000000000000000000000000101100111110000100
100111101010001011010100110101100000000000000000000000000000000000000000000000100011000001111011
100111101010001011010100110101100000000000000000000000000000000000000000000000011001000010100000
100111101010001011010100110101100000000000000000000000000000000000000000000000010110000011101011
100111101010001011010100110101100000000000000000000000000000000000000000000000100000001110000000
100111101010001011010100110101100000000000000000000000000000000000000000000000001001011110100001
100111101010001011010100110101100000000000000000000000000000000000000000000000010111100000100001
100111101010001011010100110101100000000000000000000000000000000000000000000000010101111111011001
100111101010001011010100110101100000000000000000000000000000000000000000000000101111100111101010
100111101010001011010100110101100000000000000000000000000000000000000000000000111111111111110001
100111101010001011010100110101100000000000000000000000000000000000000000000000100011110100001011
100111101010001011010100110101100000000000000000000000000000000000000000000000100010101111001010
100111101010001011010100110101100000000000000000000000000000000000000000000000101011001100001010
100111101010001011010100110101100000000000000000000000000000000000000000000001000100111111011100
100111101010001011010100110101100000000000000000000000000000000000000000000000011101101001001110
100111101010001011010100110101100000000000000000000000000000000000000000000000000101101110111111
100111101010001011010100110101100000000000000000000000000000000000000000000000011110110110101100
100111101010001011010100110101100000000000000000000000000000000000000000000000011011011110100010
100111101010001011010100110101100000000000000000000000000000000000000000000000000101110001010100
100111101010001011010100110101100000000000000000000000000000000000000000000001000110011011010000
100111101010001011010100110101100000000000000000000000000000000000000000000000000101001011101100
100111101010001011010100110101100000000000000000000000000000000000000000000000001111010110101010
100111101010001011010100110101100000000000000000000000000000000000000000000000001111000110011110
100111101010001011010100110101100000000000000000000000000000000000000000000000011110110101100100
100111101010001011010100110101100000000000000000000000000000000000000000000000010001001110010101
100111101010001011010100110101100000000000000000000000000000000000000000000000110110011110100010
100111101010001011010100110101100000000000000000000000000000000000000000000000000010011111011111
100111101010001011010100110101100000000000000000000000000000000000000000000000001000111000000011
100111101010001011010100110101100000000000000000000000000000000000000000000000011000100001001001
100111101010001011010100110101100000000000000000000000000000000000000000000000000111010011101110
100111101010001011010100110101100000000000000000000000000000000000000000000000000001010111100100
100111101010001011010100110101100000000000000000000000000000000000000000000000010011001100011010
100111101010001011010100110101100000000000000000000000000000000000000000000000011101101000101001
100111101010001011010100110101100000000000000000000000000000000000000000000000100000101111101101
100111101010001011010100110101100000000000000000000000000000000000000000000000010000110110100010
100111101010001011010100110101100000000000000000000000000000000000000000000000001101011001000100
100111101010001011010100110101100000000000000000000000000000000000000000000000100011011001001010
100111101010001011010100110101100000000000000000000000000000000000000000000000001001000110000010
100111101010001011010100110101100000000000000000000000000000000000000000000000010110000000111000
100111101010001011010100110101100000000000000000000000000000000000000000000000101110010000001101
100111101010001011010100110101100000000000000000000000000000000000000000000000011110001101101101
100111101010001011010100110101100000000000000000000000000000000000000000000000100001000010001001
100111101010001011010100110101100000000000000000000000000000000000000000000000011110010101010101
100111101010001011010100110101100000000000000000000000000000000000000000000000111101001000000101
100111101010001011010100110101100000000000000000000000000000000000000000000001001000011100100010
100111101010001011010100110101100000000000000000000000000000000000000000000000000100101010001101
100111101010001011010100110101100000000000000000000000000000000000000000000000111011101001001110
100111101010001011010100110101100000000000000000000000000000000000000000000000100010110100111110
100111101010001011010100110101100000000000000000000000000000000000000000000000111100101010100111
100111101010001011010100110101100000000000000000000000000000000000000000000000000111110110011111
100111101010001011010100110101100000000000000000000000000000000000000000000000101000101000011011
100111101010001011010100110101100000000000000000000000000000000000000000000001000011010001000001
100111101010001011010100110101100000000000000000000000000000000000000000000000011001100000110101
100111101010001011010100110101100000000000000000000000000000000000000000000000100101111111110000
100111101010001011010100110101100000000000000000000000000000000000000000000000101100010110010110
100111101010001011010100110101100000000000000000000000000000000000000000000000110110000100100010
100111101010001011010100110101100000000000000000000000000000000000000000000000100100010000101011
100111101010001011010100110101100000000000000000000000000000000000000000000000111001011101000111
100111101010001011010100110101100000000000000000000000000000000000000000000000110010110011110100
100111101010001011010100110101100000000000000000000000000000000000000000000000010101100111010001
100111101010001011010100110101100000000000000000000000000000000000000000000000000000000100110110
100111101010001011010100110101100000000000000000000000000000000000000000000000111101111111010000
100111101010001011010100110101100000000000000000000000000000000000000000000000110110010010010100
100111101010001011010100110101100000000000000000000000000000000000000000000000011000010000011011
100111101010001011010100110101100000000000000000000000000000000000000000000000110011101101111011
100111101010001011010100110101100000000000000000000000000000000000000000000000011001011001011000
100111101010001011010100110101100000000000000000000000000000000000000000000000011011011111110011
100111101010001011010100110101100000000000000000000000000000000000000000000000010010111101110001
100111101010001011010100110101100000000000000000000000000000000000000000000000010000001001011110
100111101010001011010100110101100000000000000000000000000000000000000000000000101101001010101101
100111101010001011010100110101100000000000000000000000000000000000000000000000111000111100000000
100111101010001011010100110101100000000000000000000000000000000000000000000000111100110011101110
100111101010001011010100110101100000000000000000000000000000000000000000000000000110111000000111
100111101010001011010100110101100000000000000000000000000000000000000000000000000110101100000000
100111101010001011010100110101100000000000000000000000000000000000000000000000000101111011001111
100111101010001011010100110101100000000000000000000000000000000000000000000001000101111010000111
100111101010001011010100110101100000000000000000000000000000000000000000000000000100001100001011
100111101010001011010100110101100000000000000000000000000000000000000000000000100001110111011010
100111101010001011010100110101100000000000000000000000000000000000000000000001000001010010111001
100111101010001011010100110101100000000000000000000000000000000000000000000000100010110000010101
100111101010001011010100110101100000000000000000000000000000000000000000000000001001101100010001
100111101010001011010100110101100000000000000000000000000000000000000000000000001010000010011101
100111101010001011010100110101100000000000000000000000000000000000000000000000011101011001101101
100111101010001011010100110101100000000000000000000000000000000000000000000000111101001100100011
100111101010001011010100110101100000000000000000000000000000000000000000000000101100000110001001
100111101010001011010100110101100000000000000000000000000000000000000000000000101111111010110000
100111101010001011010100110101100000000000000000000000000000000000000000000001000110010001000100
100111101010001011010100110101100000000000000000000000000000000000000000000000110110010011011001
100111101010001011010100110101100000000000000000000000000000000000000000000000001010111111101100
100111101010001011010100110101100000000000000000000000000000000000000000000000111101110110010001
100111101010001011010100110101100000000000000000000000000000000000000000000000001101101111110110
100111101010001011010100110101100000000000000000000000000000000000000000000000010111101101010010
100111101010001011010100110101100000000000000000000000000000000000000000000000111101100110011011
100111101010001011010100110101100000000000000000000000000000000000000000000000101010111001010100
100111101010001011010100110101100000000000000000000000000000000000000000000000010000110011100000
100111101010001011010100110101100000000000000000000000000000000000000000000000111111001110101110
100111101010001011010100110101100000000000000000000000000000000000000000000000001111011100000010
100111101010001011010100110101100000000000000000000000000000000000000000000001000101111110010001
100111101010001011010100110101100000000000000000000000000000000000000000000000001101010110110110
100111101010001011010100110101100000000000000000000000000000000000000000000000111010000000001110
100111101010001011010100110101100000000000000000000000000000000000000000000000111100011101100001
100111101010001011010100110101100000000000000000000000000000000000000000000000100000110111011000
100111101010001011010100110101100000000000000000000000000000000000000000000001000101110000011111
100111101010001011010100110101100000000000000000000000000000000000000000000001000100111001110101
100111101010001011010100110101100000000000000000000000000000000000000000000000001011000110101010
100111101010001011010100110101100000000000000000000000000000000000000000000000001000011110011000
100111101010001011010100110101100000000000000000000000000000000000000000000000110111101010110011
100111101010001011010100110101100000000000000000000000000000000000000000000000010111000010111000
100111101010001011010100110101100000000000000000000000000000000000000000000001000011011111110111
100111101010001011010100110101100000000000000000000000000000000000000000000000011100011000011010
100111101010001011010100110101100000000000000000000000000000000000000000000000100011000101111011
100111101010001011010100110101100000000000000000000000000000000000000000000000000011000110011010
100111101010001011010100110101100000000000000000000000000000000000000000000000011011110010111000
100111101010001011010100110101100000000000000000000000000000000000000000000000010110011010010101
100111101010001011010100110101100000000000000000000000000000000000000000000000010010010111111110
100111101010001011010100110101100000000000000000000000000000000000000000000000111011101001011011
100111101010001011010100110101100000000000000000000000000000000000000000000000101110111000001110
100111101010001011010100110101100000000000000000000000000000000000000000000000111110001110111101
100111101010001011010100110101100000000000000000000000000000000000000000000000110010100101000000
100111101010001011010100110101100000000000000000000000000000000000000000000000010101000000001100
100111101010001011010100110101100000000000000000000000000000000000000000000000110000011111000110
100111101010001011010100110101100000000000000000000000000000000000000000000000010111000111101110
100111101010001011010100110101100000000000000000000000000000000000000000000000001100011100101011
100111101010001011010100110101100000000000000000000000000000000000000000000001000111011011100101
100111101010001011010100110101100000000000000000000000000000000000000000000000000001111010111110
100111101010001011010100110101100000000000000000000000000000000000000000000000110010111110010001
100111101010001011010100110101100000000000000000000000000000000000000000000000101101111101010011
100111101010001011010100110101100000000000000000000000000000000000000000000000010010110100111101
100111101010001011010100110101100000000000000000000000000000000000000000000000011001010100111110
100111101010001011010100110101100000000000000000000000000000000000000000000001000110101010111000
100111101010001011010100110101100000000000000000000000000000000000000000000000111011010001100101
100111101010001011010100110101100000000000000000000000000000000000000000000000010110111011000011
100111101010001011010100110101100000000000000000000000000000000000000000000000001101011111001010
100111101010001011010100110101100000000000000000000000000000000000000000000000111001010100010100
100111101010001011010100110101100000000000000000000000000000000000000000000000001011001110010011
100111101010001011010100110101100000000000000000000000000000000000000000000001000110010110100100
100111101010001011010100110101100000000000000000000000000000000000000000000000110101110010100000
100111101010001011010100110101100000000000000000000000000000000000000000000000110111000110111110
100111101010001011010100110101100000000000000000000000000000000000000000000001001001001110000011
100111101010001011010100110101100000000000000000000000000000000000000000000000000110000001100000
100111101010001011010100110101100000000000000000000000000000000000000000000000001011000100110011
100111101010001011010100110101100000000000000000000000000000000000000000000000100111100110100001
100111101010001011010100110101100000000000000000000000000000000000000000000000010011011000000001
100111101010001011010100110101100000000000000000000000000000000000000000000000010110011000000110
100111101010001011010100110101100000000000000000000000000000000000000000000000000010000100101101
100111101010001011010100110101100000000000000000000000000000000000000000000000000100100011110001
100111101010001011010100110101100000000000000000000000000000000000000000000000010010101011001101
100111101010001011010100110101100000000000000000000000000000000000000000000001000110100000110010
100111101010001011010100110101100000000000000000000000000000000000000000000000110110100000010000
100111101010001011010100110101100000000000000000000000000000000000000000000000001001000110111100
100111101010001011010100110101100000000000000000000000000000000000000000000000010111000101000111
100111101010001011010100110101100000000000000000000000000000000000000000000000010100000010010000
100111101010001011010100110101100000000000000000000000000000000000000000000001000100011111000000
100111101010001011010100110101100000000000000000000000000000000000000000000000001000011011010101
100111101010001011010100110101100000000000000000000000000000000000000000000000001000111011001000
100111101010001011010100110101100000000000000000000000000000000000000000000000100011000110100001
100111101010001011010100110101100000000000000000000000000000000000000000000000100100011100000001
100111101010001011010100110101100000000000000000000000000000000000000000000000011110001100000011
100111101010001011010100110101100000000000000000000000000000000000000000000000111110000011100101
100111101010001011010100110101100000000000000000000000000000000000000000000000110001111010110000
100111101010001011010100110101100000000000000000000000000000000000000000000000100110111110011110
100111101010001011010100110101100000000000000000000000000000000000000000000000011110101101101100
100111101010001011010100110101100000000000000000000000000000000000000000000000000111010010110111
100111101010001011010100110101100000000000000000000000000000000000000000000000101101101011000111
100111101010001011010100110101100000000000000000000000000000000000000000000000110101010110100101
100111101010001011010100110101100000000000000000000000000000000000000000000000101111000101011111
100111101010001011010100110101100000000000000000000000000000000000000000000000101010010000001110
100111101010001011010100110101100000000000000000000000000000000000000000000000010100100000011101
100111101010001011010100110101100000000000000000000000000000000000000000000000111100011111110001
100111101010001011010100110101100000000000000000000000000000000000000000000000111111110010010110
100111101010001011010100110101100000000000000000000000000000000000000000000000111001110011111100
100111101010001011010100110101100000000000000000000000000000000000000000000000010101111011010001
100111101010001011010100110101100000000000000000000000000000000000000000000000010101100111110000
100111101010001011010100110101100000000000000000000000000000000000000000000000010000101111010010
100111101010001011010100110101100000000000000000000000000000000000000000000000011100111010111011
100111101010001011010100110101100000000000000000000000000000000000000000000000011100101100101011
100111101010001011010100110101100000000000000000000000000000000000000000000000011101100010111010
100111101010001011010100110101100000000000000000000000000000000000000000000000000011110010001111
100111101010001011010100110101100000000000000000000000000000000000000000000000001000011101111101
100111101010001011010100110101100000000000000000000000000000000000000000000001000101000011101000
100111101010001011010100110101100000000000000000000000000000000000000000000000000000111100000110
100111101010001011010100110101100000000000000000000000000000000000000000000000110111010110001010
100111101010001011010100110101100000000000000000000000000000000000000000000000001100111100100011
100111101010001011010100110101100000000000000000000000000000000000000000000000011100111101011010
100111101010001011010100110101100000000000000000000000000000000000000000000001000011111000110001
100111101010001011010100110101100000000000000000000000000000000000000000000000101111101000000110
100111101010001011010100110101100000000000000000000000000000000000000000000000100000000001100100
100111101010001011010100110101100000000000000000000000000000000000000000000000100001110110100110
100111101010001011010100110101100000000000000000000000000000000000000000000000011001101110100110
100111101010001011010100110101100000000000000000000000000000000000000000000000000001000101101001
100111101010001011010100110101100000000000000000000000000000000000000000000000111101000010000101
100111101010001011010100110101100000000000000000000000000000000000000000000000111111111111011111
100111101010001011010100110101100000000000000000000000000000000000000000000000001001001101100010
100111101010001011010100110101100000000000000000000000000000000000000000000000101001100111000010
100111101010001011010100110101100000000000000000000000000000000000000000000000011011000000101110
100111101010001011010100110101100000000000000000000000000000000000000000000001001000101110111101
100111101010001011010100110101100000000000000000000000000000000000000000000000100000101111111000
100111101010001011010100110101100000000000000000000000000000000000000000000000001011001110001011
100111101010001011010100110101100000000000000000000000000000000000000000000001000011100100011101
100111101010001011010100110101100000000000000000000000000000000000000000000001001000101011000111
100111101010001011010100110101100000000000000000000000000000000000000000000000001000010001100000
100111101010001011010100110101100000000000000000000000000000000000000000000000100101111101101111
100111101010001011010100110101100000000000000000000000000000000000000000000000111001011001010000
100111101010001011010100110101100000000000000000000000000000000000000000000000000011000010100110
100111101010001011010100110101100000000000000000000000000000000000000000000000111101111001110010
100111101010001011010100110101100000000000000000000000000000000000000000000000001100011001011111
