111110000010000101011000010000000011011011111010010100000100001110011100001000001011100001100111
111110000010000101011000010000000011011011111010010100000100000110110110100010110111101101101001
111110000010000101011000010000000011011011111010010100000100010011000000111111101111011011100011
111110000010000101011000010000000011011011111010010100000100001010011010001001110111111011100000
111110000010000101011000010000000011011011111010010100000100011101000100001101000011000000101001
111110000010000101011000010000000011011011111010010100000100100100111110001000111011001110011010
111110000010000101011000010000000011011011111010010100000100110110010010101001100111011100010100
111110000010000101011000010000000011011011111010010100000100011011001111011110111111101100100011
111110000010000101011000010000000011011011111010010100000100011010110101011101010001000111111110
111110000010000101011000010000000011011011111010010100000100010100111011000010000101001110100001
111110000010000101011000010000000011011011111010010100000100000011110011111011010000011101101111
111110000010000101011000010000000011011011111010010100000100101011000111101101000100010011110001
111110000010000101011000010000000011011011111010010100000100111000100111000011010000011000101000
111110000010000101011000010000000011011011111010010100000100001001000100101101101101001110100101
111110000010000101011000010000000011011011111010010100000100101110111110001111000010110110010001
111110000010000101011000010000000011011011111010010100000100110110110111111000011010110100010100
111110000010000101011000010000000011011011111010010100000100001101101001100010110010110000100001
111110000010000101011000010000000011011011111010010100000100000101001100101001111110110010110110
111110000010000101011000010000000011011011111010010100000100100100000101110001100101000000000001
111110000010000101011000010000000011011011111010010100000100110111000100011000010111101111001110
111110000010000101011000010000000011011011111010010100000100111010111011111101010010110101001101
111110000010000101011000010000000011011011111010010100000100011000000001100011011011001110110001
111110000010000101011000010000000011011011111010010100000100110001110001110110011010010111111011
111110000010000101011000010000000011011011111010010100000100111110101100100111100111001110010101
111110000010000101011000010000000011011011111010010100000100011000110100110110011010011110111000
111110000010000101011000010000000011011011111010010100000100011001100101110001010010010000111100
111110000010000101011000010000000011011011111010010100000100000011111110011111011000101010000111
111110000010000101011000010000000011011011111010010100000100011000111011101010100110111111101010
111110000010000101011000010000000011011011111010010100000100110100011100010000111111000011011000
111110000010000101011000010000000011011011111010010100000100111010001101111000100101111000101001
111110000010000101011000010000000011011011111010010100000100101001000001110111011001001110110111
111110000010000101011000010000000011011011111010010100000100000001010110011000010011101010011000
111110000010000101011000010000000011011011111010010100000100000111100001110110100001100001100110
111110000010000101011000010000000011011011111010010100000100111011101110110001011111000111001111
111110000010000101011000010000000011011011111010010100000100001110011100001001001010111110000100
111110000010000101011000010000000011011011111010010100000100000010000110010110010001100110111011
111110000010000101011000010000000011011011111010010100000100011111010101110000100110001100010111
111110000010000101011000010000000011011011111010010100000100011101100100001000011100101011110000
111110000010000101011000010000000011011011111010010100000100101111110000001010010000101110001100
111110000010000101011000010000000011011011111010010100000100101010011101001010100110010011100101
111110000010000101011000010000000011011011111010010100000100101010100010101001001110011000100011
111110000010000101011000010000000011011011111010010100000100000101100111011100110000000110100110
111110000010000101011000010000000011011011111010010100000100101011101100111001100011001000001111
111110000010000101011000010000000011011011111010010100000100101001000101001011001101010110001010
111110000010000101011000010000000011011011111010010100000100011010101101101011100001000000100100
111110000010000101011000010000000011011011111010010100000100110010011011111111000010000110011111
111110000010000101011000010000000011011011111010010100000100101111100100101101100100100111100010
111110000010000101011000010000000011011011111010010100000100011100101011010001010100011010011110
111110000010000101011000010000000011011011111010010100000100011000101101111010110101011101011001
111110000010000101011000010000000011011011111010010100000100011101111000101101010100101100110111
111110000010000101011000010000000011011011111010010100000100010011000010111011010010011000000010
111110000010000101011000010000000011011011111010010100000100011001011100111010000101000101101010
111110000010000101011000010000000011011011111010010100000100001011000101011001011101011001001111
111110000010000101011000010000000011011011111010010100000100001011110110000010011101111100011110
111110000010000101011000010000000011011011111010010100000100111111010101000011011000111111001101
111110000010000101011000010000000011011011111010010100000100100001111001101011101110110011100010
111110000010000101011000010000000011011011111010010100000100010010111001011011110011000100111010
111110000010000101011000010000000011011011111010010100000100101111111111101011001101111111111010
111110000010000101011000010000000011011011111010010100000100101011100010001100010010110110100101
111110000010000101011000010000000011011011111010010100000100100001101111110011010101101011001101
111110000010000101011000010000000011011011111010010100000100101100111100000001111011001100011111
111110000010000101011000010000000011011011111010010100000100010011011010001010100010111011000110
111110000010000101011000010000000011011011111010010100000100101111100100010100101111110000100011
111110000010000101011000010000000011011011111010010100000100111010101110001110001110100110011010
111110000010000101011000010000000011011011111010010100000100111001101110101100111100100010011101
111110000010000101011000010000000011011011111010010100000100111111000110001110110000110010011100
111110000010000101011000010000000011011011111010010100000100000101100110111000111100110000100010
111110000010000101011000010000000011011011111010010100000100010010101010110111110010111001011110
111110000010000101011000010000000011011011111010010100000100101111001011000001100110010010011101
111110000010000101011000010000000011011011111010010100000100111110111101000110111011010100001101
111110000010000101011000010000000011011011111010010100000100100110010010110000011111000110111111
111110000010000101011000010000000011011011111010010100000100110000001000001001011001100011111101
111110000010000101011000010000000011011011111010010100000100101011011000101010110010101111001000
111110000010000101011000010000000011011011111010010100000100111111110110110111010100001010001110
111110000010000101011000010000000011011011111010010100000100010010111101101110011001101000110110
111110000010000101011000010000000011011011111010010100000100110011100010011111111011111111000011
111110000010000101011000010000000011011011111010010100000100101001001000101100111110101111110000
111110000010000101011000010000000011011011111010010100000100101001000100001000110111011011011110
111110000010000101011000010000000011011011111010010100000100000000010101100111111110001110101011
111110000010000101011000010000000011011011111010010100000100100111101000111110110110111000100111
111110000010000101011000010000000011011011111010010100000100000101110001010011111101111110101100
111110000010000101011000010000000011011011111010010100000100111101000010110110100101001001100010
111110000010000101011000010000000011011011111010010100000100110110000011100111000010110111100111
111110000010000101011000010000000011011011111010010100000100000110001100101100110101010101101101
111110000010000101011000010000000011011011111010010100000100111010001100000100111000010000011101
111110000010000101011000010000000011011011111010010100000100110110010000101010110001101100001100
111110000010000101011000010000000011011011111010010100000100001000000110011111000101010101000011
111110000010000101011000010000000011011011111010010100000100011101100110010010100100001100010010
111110000010000101011000010000000011011011111010010100000100110100100000110101100000000101001110
111110000010000101011000010000000011011011111010010100000100111001101001011101111010110010111100
111110000010000101011000010000000011011011111010010100000100100110111011010111011100000100001101
111110000010000101011000010000000011011011111010010100000100100010100110000110000111000011000010
111110000010000101011000010000000011011011111010010100000100010110011110000111111000100111101010
111110000010000101011000010000000011011011111010010100000100010111001010010100010001100011101101
111110000010000101011000010000000011011011111010010100000100100111110001110001010011101000100111
111110000010000101011000010000000011011011111010010100000100100101011001110101101110001101010010
111110000010000101011000010000000011011011111010010100000100101010000101111110011110110101110011
111110000010000101011000010000000011011011111010010100000100010111111110110111101111000101101100
111110000010000101011000010000000011011011111010010100000100001101100011011000011011111010111000
111110000010000101011000010000000011011011111010010100000100010111011110101010100010101111000111
111110000010000101011000010000000011011011111010010100000100000000000011111010110111001101110101
111110000010000101011000010000000011011011111010010100000100011000010000110000111111100100111111
111110000010000101011000010000000011011011111010010100000100010010100011000011100110011110101111
111110000010000101011000010000000011011011111010010100000100010101010011100101011101111111111111
111110000010000101011000010000000011011011111010010100000100101000000110101000000111001000100111
111110000010000101011000010000000011011011111010010100000100010111111000101011011000111100011000
111110000010000101011000010000000011011011111010010100000100011111110001101010101001101101111010
111110000010000101011000010000000011011011111010010100000100010111111101110001100100100101001001
111110000010000101011000010000000011011011111010010100000100000001001111000100010001100000000101
111110000010000101011000010000000011011011111010010100000100000001010010110010000111001100111001
111110000010000101011000010000000011011011111010010100000100101100011001101101000001010001011101
111110000010000101011000010000000011011011111010010100000100100111111010010000110100010110111100
111110000010000101011000010000000011011011111010010100000100101011000110110110100110000111110101
111110000010000101011000010000000011011011111010010100000100000001011011111001111000111100000111
111110000010000101011000010000000011011011111010010100000100011010101110110110011011111011110001
111110000010000101011000010000000011011011111010010100000100110001000001010011101111001001000100
111110000010000101011000010000000011011011111010010100000100001111101100101010000100000000111000
111110000010000101011000010000000011011011111010010100000100100001001010001111011010000000110001
111110000010000101011000010000000011011011111010010100000100011010110101110110010010101110100100
111110000010000101011000010000000011011011111010010100000100110111000000010011010100000000010110
111110000010000101011000010000000011011011111010010100000100011000000101101111101010001110000001
111110000010000101011000010000000011011011111010010100000100001000000100010001011110010000001001
111110000010000101011000010000000011011011111010010100000100001101001100100011010011000100101100
111110000010000101011000010000000011011011111010010100000100001010110010111000100100111010111010
111110000010000101011000010000000011011011111010010100000100111100111110101111110101000000010100
111110000010000101011000010000000011011011111010010100000100010111011000011000001110100111111111
111110000010000101011000010000000011011011111010010100000100011001000001101000111010011110101011
111110000010000101011000010000000011011011111010010100000100110010110010000100100100001000101110
111110000010000101011000010000000011011011111010010100000100111101100111101100101010011000110111
111110000010000101011000010000000011011011111010010100000100001101111110110000110011011100100010
111110000010000101011000010000000011011011111010010100000100101000110100010011110100110010001010
111110000010000101011000010000000011011011111010010100000100101010101011000111101010010110101111
111110000010000101011000010000000011011011111010010100000100000001101111001000111111111000110110
111110000010000101011000010000000011011011111010010100000100000000001101011001011101101011011001
111110000010000101011000010000000011011011111010010100000100110100011111100010111000011010111000
111110000010000101011000010000000011011011111010010100000100111000000000110111010011101010010000
111110000010000101011000010000000011011011111010010100000100101010110111001111101100100101110111
111110000010000101011000010000000011011011111010010100000100100000010011110110011110011000111011
111110000010000101011000010000000011011011111010010100000100001001001101000010000010000111111110
111110000010000101011000010000000011011011111010010100000100001111100001100010110000010101110110
111110000010000101011000010000000011011011111010010100000100111000101101101100101011101011101100
111110000010000101011000010000000011011011111010010100000100111000111000110010101110001011110111
111110000010000101011000010000000011011011111010010100000100010000011111011111101011011001111101
111110000010000101011000010000000011011011111010010100000100001110001000011001001110001010110000
111110000010000101011000010000000011011011111010010100000100101100001011011100011101101111111110
111110000010000101011000010000000011011011111010010100000100101110100001111110110011111110100100
111110000010000101011000010000000011011011111010010100000100011110110111101111101010100000101001
111110000010000101011000010000000011011011111010010100000100100110101011110011010111111001000000
111110000010000101011000010000000011011011111010010100000100101101110010110000001110101100000000
111110000010000101011000010000000011011011111010010100000100100011101011000101111111010010011100
111110000010000101011000010000000011011011111010010100000100000000000100010011111110011100100000
111110000010000101011000010000000011011011111010010100000100110010100111010000010110011101110100
111110000010000101011000010000000011011011111010010100000100110011011110111010111101101000011101
111110000010000101011000010000000011011011111010010100000100000000000010010001000111101110001000
111110000010000101011000010000000011011011111010010100000100001010111101100111100011010001101101
111110000010000101011000010000000011011011111010010100000100011011100000001000101011111011110011
111110000010000101011000010000000011011011111010010100000100000100010010111000111010100011101111
111110000010000101011000010000000011011011111010010100000100110010011010001101001000101100010110
111110000010000101011000010000000011011011111010010100000100111100111000100001011110001001001111
111110000010000101011000010000000011011011111010010100000100111100110100100110111000100000001101
111110000010000101011000010000000011011011111010010100000100010000011100010111001101101111110111
111110000010000101011000010000000011011011111010010100000100110000110010100010101001001100110011
111110000010000101011000010000000011011011111010010100000100010110101110110001001011110101001000
111110000010000101011000010000000011011011111010010100000100000111010101101101000010111101000000
111110000010000101011000010000000011011011111010010100000100001110101010010101111001001001011110
111110000010000101011000010000000011011011111010010100000100111101010111000101100011001010001101
111110000010000101011000010000000011011011111010010100000100010110111100101101110001000001010011
111110000010000101011000010000000011011011111010010100000100111010000111001001100001011000110000
111110000010000101011000010000000011011011111010010100000100000000101000110110011101010010110011
111110000010000101011000010000000011011011111010010100000100100100110110010100100010010100101011
111110000010000101011000010000000011011011111010010100000100100110011101111101100010010010100001
111110000010000101011000010000000011011011111010010100000100010111001010101011100001101101111010
111110000010000101011000010000000011011011111010010100000100100110000100000000101010111011010000
111110000010000101011000010000000011011011111010010100000100101101110001001010110000101110101100
111110000010000101011000010000000011011011111010010100000100001000010100001100010001011000000011
111110000010000101011000010000000011011011111010010100000100100000001100101111101000001010110010
111110000010000101011000010000000011011011111010010100000100000000000100010100001001100010100110
111110000010000101011000010000000011011011111010010100000100111101111011001101100111111001111010
111110000010000101011000010000000011011011111010010100000100001000100001100100110000000110100110
111110000010000101011000010000000011011011111010010100000100001001011010000110100000111000110001
111110000010000101011000010000000011011011111010010100000100001101100111000011111011001001000101
111110000010000101011000010000000011011011111010010100000100100010001100111101111001000100000010
111110000010000101011000010000000011011011111010010100000100010101110101000110010101010011010011
111110000010000101011000010000000011011011111010010100000100100010111111110110000111010010101110
111110000010000101011000010000000011011011111010010100000100101001000000111100010011000110101011
111110000010000101011000010000000011011011111010010100000100010001000101101001100111101110100001
111110000010000101011000010000000011011011111010010100000100101111110010001001000111011100001111
111110000010000101011000010000000011011011111010010100000100101101101001101110001100011111011001
111110000010000101011000010000000011011011111010010100000100000010101111101110000101010010111000
111110000010000101011000010000000011011011111010010100000100001101100101101111100100110000001011
111110000010000101011000010000000011011011111010010100000100010000010001101100110011101001010010
111110000010000101011000010000000011011011111010010100000100110110010111101100000000110010001011
111110000010000101011000010000000011011011111010010100000100110111001001000111010001010111100010
111110000010000101011000010000000011011011111010010100000100011111110000000010110011111110110001
111110000010000101011000010000000011011011111010010100000100011001010001001010101000001011001110
111110000010000101011000010000000011011011111010010100000100010110110100010011100111010000110000
111110000010000101011000010000000011011011111010010100000100100111010101111101001000111101111100
111110000010000101011000010000000011011011111010010100000100111010010111101111111010111100011010
111110000010000101011000010000000011011011111010010100000100110101000111101000111110111000011100
111110000010000101011000010000000011011011111010010100000100000001101010110011100011011101101100
111110000010000101011000010000000011011011111010010100000100001101010110100010101100000001000110
111110000010000101011000010000000011011011111010010100000100110000100000110001111010110101110000
111110000010000101011000010000000011011011111010010100000100011010100000001100111110001100000011
111110000010000101011000010000000011011011111010010100000100001100011001101010101010010000000011
111110000010000101011000010000000011011011111010010100000100100111111011011101010010100001111010
111110000010000101011000010000000011011011111010010100000100001100111111001101010111100101011010
111110000010000101011000010000000011011011111010010100000100010100011111011100011110001001010010
111110000010000101011000010000000011011011111010010100000100111110011010101101101111111101101110
111110000010000101011000010000000011011011111010010100000100110111000011001110000101110100110000
111110000010000101011000010000000011011011111010010100000100001000001000010001000011111011001000
111110000010000101011000010000000011011011111010010100000100100011010000010110011011000001101011
111110000010000101011000010000000011011011111010010100000100101001110010110110000000010110111010
111110000010000101011000010000000011011011111010010100000100110111101000000111011011001101110111
111110000010000101011000010000000011011011111010010100000100011000101110011101111111111011000100
111110000010000101011000010000000011011011111010010100000100000011111000110000101011101010000001
111110000010000101011000010000000011011011111010010100000100111101011000111011000100000111110101
111110000010000101011000010000000011011011111010010100000100100010111111110101000101011110101000
111110000010000101011000010000000011011011111010010100000100010001111001011101001011001000000111
111110000010000101011000010000000011011011111010010100000100001111001010010101111100110010100100
111110000010000101011000010000000011011011111010010100000100001101001000000110101010110010000010
111110000010000101011000010000000011011011111010010100000100011110010000001111001101001110011100
111110000010000101011000010000000011011011111010010100000100001010110111101111101001100100110010
111110000010000101011000010000000011011011111010010100000100101100101011001001111001010100100100
111110000010000101011000010000000011011011111010010100000100100101001011000000111110000100101011
111110000010000101011000010000000011011011111010010100000100110000110100011110011010111110011100
111110000010000101011000010000000011011011111010010100000100011010001001000110011100101111100010
111110000010000101011000010000000011011011111010010100000100111111001001111010100001110101110000
111110000010000101011000010000000011011011111010010100000100000010001001101001001101110010101111
111110000010000101011000010000000011011011111010010100000100001100101001000001110011011111010111
111110000010000101011000010000000011011011111010010100000100110001010110110000111100011110011011
111110000010000101011000010000000011011011111010010100000100100010010110011110001010100011111110
111110000010000101011000010000000011011011111010010100000100100011010110101000011001111100011111
111110000010000101011000010000000011011011111010010100000100100101011101000100010100001111000100
111110000010000101011000010000000011011011111010010100000100010001011100000101110011001010010101
111110000010000101011000010000000011011011111010010100000100001000101011110111101000111101100001
111110000010000101011000010000000011011011111010010100000100000110000101000000111011001011100111
111110000010000101011000010000000011011011111010010100000100100111000001111110000010001010101100
111110000010000101011000010000000011011011111010010100000100001100011011001101001001010111000101
111110000010000101011000010000000011011011111010010100000100000000001001000011011100100011011011
111110000010000101011000010000000011011011111010010100000100100101001111010111111001101011110011
111110000010000101011000010000000011011011111010010100000100101001100001101000100100110000010010
111110000010000101011000010000000011011011111010010100000100110101111111000100001010100111110101
111110000010000101011000010000000011011011111010010100000100010110111001011001000011110001011101
111110000010000101011000010000000011011011111010010100000100001101100111000001001100011101111100
111110000010000101011000010000000011011011111010010100000100001000010110111100011010111101101010
111110000010000101011000010000000011011011111010010100000100111100110000100001100001011101010000
111110000010000101011000010000000011011011111010010100000100001111001110111011000111110000010110
111110000010000101011000010000000011011011111010010100000100000110000111001001001010101111110110
111110000010000101011000010000000011011011111010010100000100000001000011010001010111111110100000
111110000010000101011000010000000011011011111010010100000100110110101011101110011101110110010001
111110000010000101011000010000000011011011111010010100000100011100011100101011010110000001100000
111110000010000101011000010000000011011011111010010100000100101101010011100110100010010011011110
111110000010000101011000010000000011011011111010010100000100111110110001010110000001110111011111
111110000010000101011000010000000011011011111010010100000100110001100000010100010011001111010001
111110000010000101011000010000000011011011111010010100000100001000011001100100000100001100011100
111110000010000101011000010000000011011011111010010100000100110001111110110100101011010101110100
111110000010000101011000010000000011011011111010010100000100000111000011111000000011100101000111
111110000010000101011000010000000011011011111010010100000100001101111001100001101010000111110100
111110000010000101011000010000000011011011111010010100000100110100100101111000000110000001100011
111110000010000101011000010000000011011011111010010100000100000111011100000001000100010100110010
111110000010000101011000010000000011011011111010010100000100100010101001001011000010110110110110
111110000010000101011000010000000011011011111010010100000100001100111010110011000110001010001000
111110000010000101011000010000000011011011111010010100000100100111001110000101001110110101111011
111110000010000101011000010000000011011011111010010100000100100100001101101011001001011000101000
111110000010000101011000010000000011011011111010010100000100000101000111100001000110110101001001
111110000010000101011000010000000011011011111010010100000100001000011100010101001111110111001001
111110000010000101011000010000000011011011111010010100000100000100111001011010010010101001111000
111110000010000101011000010000000011011011111010010100000100001000111010110001111110010011110011
111110000010000101011000010000000011011011111010010100000100111010100011100101111101010001010000
111110000010000101011000010000000011011011111010010100000100110100010001111010011010100000000101
111110000010000101011000010000000011011011111010010100000100100111001110110101001000011000000001
111110000010000101011000010000000011011011111010010100000100001001100101101101101111110010111011
111110000010000101011000010000000011011011111010010100000100001100101000111001001101111011100101
111110000010000101011000010000000011011011111010010100000100001100000000010110011100010001101010
111110000010000101011000010000000011011011111010010100000100010111101100001110100001100000010110
111110000010000101011000010000000011011011111010010100000100001101011001101001101000011000111011
111110000010000101011000010000000011011011111010010100000100111111011101011010000010100011000111
111110000010000101011000010000000011011011111010010100000100110101010000000101101100001010001011
111110000010000101011000010000000011011011111010010100000100000011001110111100110010000100011010
111110000010000101011000010000000011011011111010010100000100001101011011010001101011111110101100
111110000010000101011000010000000011011011111010010100000100010010110111110110100010010110010001
111110000010000101011000010000000011011011111010010100000100101100100011001110011010000001111110
111110000010000101011000010000000011011011111010010100000100011000110101000000000010111001010011
111110000010000101011000010000000011011011111010010100000100010100111101010000010010010101101100
111110000010000101011000010000000011011011111010010100000100101001001101001101011111000111101110
111110000010000101011000010000000011011011111010010100000100000010010110000011001100110101011000
111110000010000101011000010000000011011011111010010100000100110000100111000111011100101111000011
111110000010000101011000010000000011011011111010010100000100101011001111110101110110000111110111
111110000010000101011000010000000011011011111010010100000100011000111111101101111001101110111001
111110000010000101011000010000000011011011111010010100000100100100111101011000011111101000001111
111110000010000101011000010000000011011011111010010100000100000100000011101110010000110100110000
111110000010000101011000010000000011011011111010010100000100101100000101000110001100000010101001
111110000010000101011000010000000011011011111010010100000100011100111010111001100100100001010000
111110000010000101011000010000000011011011111010010100000100001000000110011010111101101001011000
111110000010000101011000010000000011011011111010010100000100010000001101110000100110010110111100
111110000010000101011000010000000011011011111010010100000100011010100100100000011111001100100101
111110000010000101011000010000000011011011111010010100000100100010011000101100111110011100101101
111110000010000101011000010000000011011011111010010100000100100110001000100011111010010101111011
111110000010000101011000010000000011011011111010010100000100000111101100101000001001100011110011
111110000010000101011000010000000011011011111010010100000100000000110011011111011101110001110111
111110000010000101011000010000000011011011111010010100000100011011001110111111100011000100011111
111110000010000101011000010000000011011011111010010100000100010110000100011010110000100011101011
111110000010000101011000010000000011011011111010010100000100110110111100011010100011000100100001
111110000010000101011000010000000011011011111010010100000100101110011111101011110001011010110100
111110000010000101011000010000000011011011111010010100000100111101011001110111010110011110001000
111110000010000101011000010000000011011011111010010100000100100111000101001010000110111000011111
111110000010000101011000010000000011011011111010010100000100101001100110010110101001000011010010
111110000010000101011000010000000011011011111010010100000100100110101111001111111001111000001011
111110000010000101011000010000000011011011111010010100000100110100100010110000110001000000100101
111110000010000101011000010000000011011011111010010100000100001000110010111100101101100101110010
111110000010000101011000010000000011011011111010010100000100110110011110100110010110001100111101
111110000010000101011000010000000011011011111010010100000100010101111010010000101000010101101010
111110000010000101011000010000000011011011111010010100000100101001010011111000001110011010110110
111110000010000101011000010000000011011011111010010100000100110110110100011010001000100101001010
111110000010000101011000010000000011011011111010010100000100111100111010101010010001000001001101
111110000010000101011000010000000011011011111010010100000100010100101010110010001011001011101100
111110000010000101011000010000000011011011111010010100000100100000111101010010010110101111001100
111110000010000101011000010000000011011011111010010100000100110100011011111111111010001011001011
111110000010000101011000010000000011011011111010010100000100101100110000010000001100111110111011
111110000010000101011000010000000011011011111010010100000100110011010101011000100110110110010101
111110000010000101011000010000000011011011111010010100000100001011010000000100000110000110101110
111110000010000101011000010000000011011011111010010100000100011010000101000000100110100111001101
111110000010000101011000010000000011011011111010010100000100000001110111100100100110010110111101
111110000010000101011000010000000011011011111010010100000100010001110011101111110001011001111011
111110000010000101011000010000000011011011111010010100000100101011111010000011111010000011110001
111110000010000101011000010000000011011011111010010100000100101101100100011101001100101001000011
111110000010000101011000010000000011011011111010010100000100111010001010100000111100000000000100
111110000010000101011000010000000011011011111010010100000100000001100010000110011010100100010000
111110000010000101011000010000000011011011111010010100000100101000010010110000001101011001101011
111110000010000101011000010000000011011011111010010100000100000110101101010011001110001011111111
111110000010000101011000010000000011011011111010010100000100000100001100101101001110011010010010
111110000010000101011000010000000011011011111010010100000100011010100010101110100101111110111100
111110000010000101011000010000000011011011111010010100000100001001100110100110101101110010011110
111110000010000101011000010000000011011011111010010100000100000010101001010111010101111101011101
111110000010000101011000010000000011011011111010010100000100111101010000001100010000110010111110
111110000010000101011000010000000011011011111010010100000100111011111000000010001010001111001000
111110000010000101011000010000000011011011111010010100000100100000111011100010100000011100101000
111110000010000101011000010000000011011011111010010100000100001111011000110000101111101101000100
111110000010000101011000010000000011011011111010010100000100010000111101100001001001001010110101
111110000010000101011000010000000011011011111010010100000100100100101101100001011001011010011101
111110000010000101011000010000000011011011111010010100000100110111001101000000110100101100101101
111110000010000101011000010000000011011011111010010100000100111000001101111100010101010010101010
111110000010000101011000010000000011011011111010010100000100101001010000011000100000011111100111
111110000010000101011000010000000011011011111010010100000100101110101010010101010001100110101111
111110000010000101011000010000000011011011111010010100000100000010100110000111010000111001101001
111110000010000101011000010000000011011011111010010100000100011000100111101100111001101110110101
111110000010000101011000010000000011011011111010010100000100110111110110100000100001100111110011
111110000010000101011000010000000011011011111010010100000100000100101110101011100001100000001010
111110000010000101011000010000000011011011111010010100000100010101110010001001000010011101000010
111110000010000101011000010000000011011011111010010100000100111011000011000101100101010011010111
111110000010000101011000010000000011011011111010010100000100011011011101111000010110001101100010
111110000010000101011000010000000011011011111010010100000100100011101110111101111000111101110001
111110000010000101011000010000000011011011111010010100000100101011010000111011101011001011011001
111110000010000101011000010000000011011011111010010100000100011010010111101011000100001000111011
111110000010000101011000010000000011011011111010010100000100100000001111101000100000010011011111
111110000010000101011000010000000011011011111010010100000100000010000100100110100000111111011001
111110000010000101011000010000000011011011111010010100000100001010000100001010100100010001010111
111110000010000101011000010000000011011011111010010100000100000100001101111001110110010101011111
111110000010000101011000010000000011011011111010010100000100010000101111111010010100000000001010
111110000010000101011000010000000011011011111010010100000100110000111110111111011110011001111001
111110000010000101011000010000000011011011111010010100000100001011000000100000010000010001001001
111110000010000101011000010000000011011011111010010100000100101001101100101101001010101000010000
111110000010000101011000010000000011011011111010010100000100101000011010001101111110010111110000
111110000010000101011000010000000011011011111010010100000100001110100011101100011100001011000011
111110000010000101011000010000000011011011111010010100000100001000001101111100111110110000001010
111110000010000101011000010000000011011011111010010100000100010101100110101101111100100101111001
111110000010000101011000010000000011011011111010010100000100001100011000011010110100010010000110
111110000010000101011000010000000011011011111010010100000100111100011001111001110111000100010000
111110000010000101011000010000000011011011111010010100000100100101000011011110111010011111100111
111110000010000101011000010000000011011011111010010100000100101101001000110111101000110101001000
111110000010000101011000010000000011011011111010010100000100101101001011001101110110100000000100
111110000010000101011000010000000011011011111010010100000100100001101100011010011010110110111101
111110000010000101011000010000000011011011111010010100000100000111111001111110101001001011001110
111110000010000101011000010000000011011011111010010100000100111011101100001100111001101100101110
111110000010000101011000010000000011011011111010010100000100111011100010001010101101001111110000
111110000010000101011000010000000011011011111010010100000100100000010011110011001010100000101100
111110000010000101011000010000000011011011111010010100000100101010111110010100000100011101011101
111110000010000101011000010000000011011011111010010100000100010100100011111000000011010010001000
111110000010000101011000010000000011011011111010010100000100011110110110011101101111000011111001
111110000010000101011000010000000011011011111010010100000100011111011001100010011101101011111100
111110000010000101011000010000000011011011111010010100000100110101011111011101111001011010000100
111110000010000101011000010000000011011011111010010100000100100101010001000111100110111000111000
111110000010000101011000010000000011011011111010010100000100101111110101011101111100100010011010
111110000010000101011000010000000011011011111010010100000100011000101100111111111001100010011001
111110000010000101011000010000000011011011111010010100000100001100011011001111010111100110110110
111110000010000101011000010000000011011011111010010100000100000001001011011010111011101000010100
111110000010000101011000010000000011011011111010010100000100011100000100000000111110010001110010
111110000010000101011000010000000011011011111010010100000100111100001010001011100000010011111001
111110000010000101011000010000000011011011111010010100000100010011011000100011000010001010001011
111110000010000101011000010000000011011011111010010100000100000011100010010101111010110110010100
111110000010000101011000010000000011011011111010010100000100111000111100100000110100111001110110
111110000010000101011000010000000011011011111010010100000100111000101010010001101111010011110100
111110000010000101011000010000000011011011111010010100000100100111110010011111000010000000011110
111110000010000101011000010000000011011011111010010100000100111011111011101101100100010110110101
111110000010000101011000010000000011011011111010010100000100111000010010010011011101000110111011
111110000010000101011000010000000011011011111010010100000100010111011101001110110001110110000000
111110000010000101011000010000000011011011111010010100000100010010000111100010101010101000000011
111110000010000101011000010000000011011011111010010100000100000011100110000110101010000010001100
111110000010000101011000010000000011011011111010010100000100001101001001010011111110001110011001
111110000010000101011000010000000011011011111010010100000100111100110011101011101010110100000110
