011110100110111111000000000000000000000000000000000000000000000010011110101000101101010011010110
011010101110011000000000000000000000000000000000000000000000000010011110101000101101010011010110
011110010110001111000000000000000000000000000000000000000000000010011110101000101101010011010110
100111110011010110000000000000000000000000000000000000000000000010011110101000101101010011010110
111100000110101101000000000000000000000000000000000000000000000010011110101000101101010011010110
011010100110101010000000000000000000000000000000000000000000000010011110101000101101010011010110
100101011010111011000000000000000000000000000000000000000000000010011110101000101101010011010110
011011001001011011000000000000000000000000000000000000000000000010011110101000101101010011010110
010000111111110010000000000000000000000000000000000000000000000010011110101000101101010011010110
100111001110100000100000000000000000000000000000000000000000000010011110101000101101010011010110
000001001001000100000000000000000000000000000000000000000000000010011110101000101101010011010110
110001111010010010000000000000000000000000000000000000000000000010011110101000101101010011010110
100100010111011110000000000000000000000000000000000000000000000010011110101000101101010011010110
011001110100100001000000000000000000000000000000000000000000000010011110101000101101010011010110
010111010100000000100000000000000000000000000000000000000000000010011110101000101101010011010110
100010001101111011000000000000000000000000000000000000000000000010011110101000101101010011010110
110110001001100100000000000000000000000000000000000000000000000010011110101000101101010011010110
011111001000010100000000000000000000000000000000000000000000000010011110101000101101010011010110
101100100100100110000000000000000000000000000000000000000000000010011110101000101101010011010110
011111101100000000100000000000000000000000000000000000000000000010011110101000101101010011010110
010111101010110111000000000000000000000000000000000000000000000010011110101000101101010011010110
100001110001110110000000000000000000000000000000000000000000000010011110101000101101010011010110
110110110110010000000000000000000000000000000000000000000000000010011110101000101101010011010110
110100100001101001000000000000000000000000000000000000000000000010011110101000101101010011010110
111000000111000110000000000000000000000000000000000000000000000010011110101000101101010011010110
110110010101001110000000000000000000000000000000000000000000000010011110101000101101010011010110
010001011101101000100000000000000000000000000000000000000000000010011110101000101101010011010110
010011101100100111000000000000000000000000000000000000000000000010011110101000101101010011010110
111011101101100000000000000000000000000000000000000000000000000010011110101000101101010011010110
111010001001011011000000000000000000000000000000000000000000000010011110101000101101010011010110
001111010000110000100000000000000000000000000000000000000000000010011110101000101101010011010110
110000101001101111000000000000000000000000000000000000000000000010011110101000101101010011010110
011000101101111111000000000000000000000000000000000000000000000010011110101000101101010011010110
101000001100011110000000000000000000000000000000000000000000000010011110101000101101010011010110
100101101100100101000000000000000000000000000000000000000000000010011110101000101101010011010110
000010110000111010000000000000000000000000000000000000000000000010011110101000101101010011010110
100001100010010001000000000000000000000000000000000000000000000010011110101000101101010011010110
100110110001101010000000000000000000000000000000000000000000000010011110101000101101010011010110
111010111110010011000000000000000000000000000000000000000000000010011110101000101101010011010110
111001010101000010000000000000000000000000000000000000000000000010011110101000101101010011010110
000110011111000101000000000000000000000000000000000000000000000010011110101000101101010011010110
011110001000010000000000000000000000000000000000000000000000000010011110101000101101010011010110
101000100000010100000000000000000000000000000000000000000000000010011110101000101101010011010110
000010011100100000000000000000000000000000000000000000000000000010011110101000101101010011010110
010001110110111000000000000000000000000000000000000000000000000010011110101000101101010011010110
010011001110110101000000000000000000000000000000000000000000000010011110101000101101010011010110
101000010001000111000000000000000000000000000000000000000000000010011110101000101101010011010110
111110001010111101000000000000000000000000000000000000000000000010011110101000101101010011010110
010111001000110110000000000000000000000000000000000000000000000010011110101000101101010011010110
010100001111111101000000000000000000000000000000000000000000000010011110101000101101010011010110
000110011011100000100000000000000000000000000000000000000000000010011110101000101101010011010110
010000000100010000100000000000000000000000000000000000000000000010011110101000101101010011010110
110001011000010101000000000000000000000000000000000000000000000010011110101000101101010011010110
110010100101000110000000000000000000000000000000000000000000000010011110101000101101010011010110
110110111000100011000000000000000000000000000000000000000000000010011110101000101101010011010110
011101100010000010000000000000000000000000000000000000000000000010011110101000101101010011010110
000110110101001000000000000000000000000000000000000000000000000010011110101000101101010011010110
101001100000000111000000000000000000000000000000000000000000000010011110101000101101010011010110
111001000111011000000000000000000000000000000000000000000000000010011110101000101101010011010110
000110001101010000100000000000000000000000000000000000000000000010011110101000101101010011010110
001100000101010000000000000000000000000000000000000000000000000010011110101000101101010011010110
010110111100101001000000000000000000000000000000000000000000000010011110101000101101010011010110
011111101011000000000000000000000000000000000000000000000000000010011110101000101101010011010110
000000010001011001000000000000000000000000000000000000000000000010011110101000101101010011010110
110101110001101011000000000000000000000000000000000000000000000010011110101000101101010011010110
000010011010001110000000000000000000000000000000000000000000000010011110101000101101010011010110
011110001101111001000000000000000000000000000000000000000000000010011110101000101101010011010110
000001011111000111000000000000000000000000000000000000000000000010011110101000101101010011010110
111111101110100000100000000000000000000000000000000000000000000010011110101000101101010011010110
000100100010010000000000000000000000000000000000000000000000000010011110101000101101010011010110
111100111000011001000000000000000000000000000000000000000000000010011110101000101101010011010110
011101001101010000000000000000000000000000000000000000000000000010011110101000101101010011010110
100100110011110011000000000000000000000000000000000000000000000010011110101000101101010011010110
010111010111101111000000000000000000000000000000000000000000000010011110101000101101010011010110
001001111111100100000000000000000000000000000000000000000000000010011110101000101101010011010110
100101110000110110000000000000000000000000000000000000000000000010011110101000101101010011010110
000001011110010011000000000000000000000000000000000000000000000010011110101000101101010011010110
000001111100111110000000000000000000000000000000000000000000000010011110101000101101010011010110
010010100111001000000000000000000000000000000000000000000000000010011110101000101101010011010110
000100101000100100000000000000000000000000000000000000000000000010011110101000101101010011010110
010011100010011001000000000000000000000000000000000000000000000010011110101000101101010011010110
010110010010100111000000000000000000000000000000000000000000000010011110101000101101010011010110
101111010000001010000000000000000000000000000000000000000000000010011110101000101101010011010110
101110000001000100100000000000000000000000000000000000000000000010011110101000101101010011010110
100000111000111000000000000000000000000000000000000000000000000010011110101000101101010011010110
000111000101110010000000000000000000000000000000000000000000000010011110101000101101010011010110
100010001110011010000000000000000000000000000000000000000000000010011110101000101101010011010110
101100101110011001000000000000000000000000000000000000000000000010011110101000101101010011010110
011001111100101011000000000000000000000000000000000000000000000010011110101000101101010011010110
011101111111110100000000000000000000000000000000000000000000000010011110101000101101010011010110
000000101111110100000000000000000000000000000000000000000000000010011110101000101101010011010110
100110111010001110000000000000000000000000000000000000000000000010011110101000101101010011010110
000010110100111100000000000000000000000000000000000000000000000010011110101000101101010011010110
110100110001101011000000000000000000000000000000000000000000000010011110101000101101010011010110
011010110101111110000000000000000000000000000000000000000000000010011110101000101101010011010110
011001110111011110000000000000000000000000000000000000000000000010011110101000101101010011010110
111011000110011011000000000000000000000000000000000000000000000010011110101000101101010011010110
011111101001100101000000000000000000000000000000000000000000000010011110101000101101010011010110
011100111110101011000000000000000000000000000000000000000000000010011110101000101101010011010110
111111000111111001000000000000000000000000000000000000000000000010011110101000101101010011010110
101110110100100011000000000000000000000000000000000000000000000010011110101000101101010011010110
101000110010101011000000000000000000000000000000000000000000000010011110101000101101010011010110
001001011111100011000000000000000000000000000000000000000000000010011110101000101101010011010110
100100001011101001000000000000000000000000000000000000000000000010011110101000101101010011010110
111110001010111001000000000000000000000000000000000000000000000010011110101000101101010011010110
111110011010101000100000000000000000000000000000000000000000000010011110101000101101010011010110
101111011110111000000000000000000000000000000000000000000000000010011110101000101101010011010110
100110101100010110000000000000000000000000000000000000000000000010011110101000101101010011010110
011010101101011001000000000000000000000000000000000000000000000010011110101000101101010011010110
010101111011111101000000000000000000000000000000000000000000000010011110101000101101010011010110
011111110110011000100000000000000000000000000000000000000000000010011110101000101101010011010110
101011110011001111000000000000000000000000000000000000000000000010011110101000101101010011010110
110110000101001010000000000000000000000000000000000000000000000010011110101000101101010011010110
101010001110110010000000000000000000000000000000000000000000000010011110101000101101010011010110
111110111101100011000000000000000000000000000000000000000000000010011110101000101101010011010110
011000110011001001000000000000000000000000000000000000000000000010011110101000101101010011010110
100001001101010110000000000000000000000000000000000000000000000010011110101000101101010011010110
111000010111101010000000000000000000000000000000000000000000000010011110101000101101010011010110
111000000110111110000000000000000000000000000000000000000000000010011110101000101101010011010110
000001001101100111000000000000000000000000000000000000000000000010011110101000101101010011010110
111010110010100100000000000000000000000000000000000000000000000010011110101000101101010011010110
110100011111011110000000000000000000000000000000000000000000000010011110101000101101010011010110
100111000101111110000000000000000000000000000000000000000000000010011110101000101101010011010110
110111100000010010000000000000000000000000000000000000000000000010011110101000101101010011010110
110000100111000110000000000000000000000000000000000000000000000010011110101000101101010011010110
111101111101100101000000000000000000000000000000000000000000000010011110101000101101010011010110
000100001001110100000000000000000000000000000000000000000000000010011110101000101101010011010110
001000001011110001000000000000000000000000000000000000000000000010011110101000101101010011010110
000000110111001111000000000000000000000000000000000000000000000010011110101000101101010011010110
011101110011110010000000000000000000000000000000000000000000000010011110101000101101010011010110
110001111111101100000000000000000000000000000000000000000000000010011110101000101101010011010110
110101111101111011000000000000000000000000000000000000000000000010011110101000101101010011010110
110101101011011011000000000000000000000000000000000000000000000010011110101000101101010011010110
011101111101110110000000000000000000000000000000000000000000000010011110101000101101010011010110
111010010110000011000000000000000000000000000000000000000000000010011110101000101101010011010110
011101011011101001000000000000000000000000000000000000000000000010011110101000101101010011010110
000011010011101001000000000000000000000000000000000000000000000010011110101000101101010011010110
001011010010001111000000000000000000000000000000000000000000000010011110101000101101010011010110
000001011110100000000000000000000000000000000000000000000000000010011110101000101101010011010110
111111101101001110000000000000000000000000000000000000000000000010011110101000101101010011010110
101110001101000001000000000000000000000000000000000000000000000010011110101000101101010011010110
111101011111101000000000000000000000000000000000000000000000000010011110101000101101010011010110
110101001101010100000000000000000000000000000000000000000000000010011110101000101101010011010110
111010011000101011000000000000000000000000000000000000000000000010011110101000101101010011010110
010100100111011000000000000000000000000000000000000000000000000010011110101000101101010011010110
001100111100011110000000000000000000000000000000000000000000000010011110101000101101010011010110
010111101111010011000000000000000000000000000000000000000000000010011110101000101101010011010110
111010000111011001000000000000000000000000000000000000000000000010011110101000101101010011010110
100011110000011000000000000000000000000000000000000000000000000010011110101000101101010011010110
110001100110110111000000000000000000000000000000000000000000000010011110101000101101010011010110
110000010010001000100000000000000000000000000000000000000000000010011110101000101101010011010110
011101000011000100100000000000000000000000000000000000000000000010011110101000101101010011010110
010010101000101100000000000000000000000000000000000000000000000010011110101000101101010011010110
000011011101011111000000000000000000000000000000000000000000000010011110101000101101010011010110
010010001011111001000000000000000000000000000000000000000000000010011110101000101101010011010110
010001111000111000100000000000000000000000000000000000000000000010011110101000101101010011010110
000101011000111011000000000000000000000000000000000000000000000010011110101000101101010011010110
111110000111010110000000000000000000000000000000000000000000000010011110101000101101010011010110
100001101110001000100000000000000000000000000000000000000000000010011110101000101101010011010110
100100001110100010000000000000000000000000000000000000000000000010011110101000101101010011010110
001011111100000000000000000000000000000000000000000000000000000010011110101000101101010011010110
100110110111111010000000000000000000000000000000000000000000000010011110101000101101010011010110
101101100001101111000000000000000000000000000000000000000000000010011110101000101101010011010110
101000000001000011000000000000000000000000000000000000000000000010011110101000101101010011010110
110101100000001011000000000000000000000000000000000000000000000010011110101000101101010011010110
101010011110011010000000000000000000000000000000000000000000000010011110101000101101010011010110
110000011011010011000000000000000000000000000000000000000000000010011110101000101101010011010110
001110010110010110000000000000000000000000000000000000000000000010011110101000101101010011010110
110001011000011111000000000000000000000000000000000000000000000010011110101000101101010011010110
010111001010100011000000000000000000000000000000000000000000000010011110101000101101010011010110
111110111001111101000000000000000000000000000000000000000000000010011110101000101101010011010110
000000001011100000100000000000000000000000000000000000000000000010011110101000101101010011010110
100100001101011000000000000000000000000000000000000000000000000010011110101000101101010011010110
001000000011100110000000000000000000000000000000000000000000000010011110101000101101010011010110
000111010001011110000000000000000000000000000000000000000000000010011110101000101101010011010110
000101100010011101000000000000000000000000000000000000000000000010011110101000101101010011010110
111011001011011101000000000000000000000000000000000000000000000010011110101000101101010011010110
110000001101101010000000000000000000000000000000000000000000000010011110101000101101010011010110
001000011111011000000000000000000000000000000000000000000000000010011110101000101101010011010110
001000101110001110000000000000000000000000000000000000000000000010011110101000101101010011010110
101011010110011111000000000000000000000000000000000000000000000010011110101000101101010011010110
000010100111010110000000000000000000000000000000000000000000000010011110101000101101010011010110
011011101101000001000000000000000000000000000000000000000000000010011110101000101101010011010110
010111110111110000100000000000000000000000000000000000000000000010011110101000101101010011010110
100011110011011011000000000000000000000000000000000000000000000010011110101000101101010011010110
001101000101001010000000000000000000000000000000000000000000000010011110101000101101010011010110
111011001011110111000000000000000000000000000000000000000000000010011110101000101101010011010110
000001110001001010000000000000000000000000000000000000000000000010011110101000101101010011010110
100010011110110001000000000000000000000000000000000000000000000010011110101000101101010011010110
100110111001101000100000000000000000000000000000000000000000000010011110101000101101010011010110
011010101111111110000000000000000000000000000000000000000000000010011110101000101101010011010110
110101001001101001000000000000000000000000000000000000000000000010011110101000101101010011010110
110001000101011011000000000000000000000000000000000000000000000010011110101000101101010011010110
111011010001001010000000000000000000000000000000000000000000000010011110101000101101010011010110
000011101000110011000000000000000000000000000000000000000000000010011110101000101101010011010110
000011111000010011000000000000000000000000000000000000000000000010011110101000101101010011010110
010111010110000000000000000000000000000000000000000000000000000010011110101000101101010011010110
110101011011000101000000000000000000000000000000000000000000000010011110101000101101010011010110
111100010001010111000000000000000000000000000000000000000000000010011110101000101101010011010110
011011101010011111000000000000000000000000000000000000000000000010011110101000101101010011010110
100000000100001100000000000000000000000000000000000000000000000010011110101000101101010011010110
001100110110101101000000000000000000000000000000000000000000000010011110101000101101010011010110
010111000101111110000000000000000000000000000000000000000000000010011110101000101101010011010110
011110000100110101000000000000000000000000000000000000000000000010011110101000101101010011010110
001000011010111110000000000000000000000000000000000000000000000010011110101000101101010011010110
101011100111001110000000000000000000000000000000000000000000000010011110101000101101010011010110
010011000010010100000000000000000000000000000000000000000000000010011110101000101101010011010110
011110011101000011000000000000000000000000000000000000000000000010011110101000101101010011010110
110110111000001010000000000000000000000000000000000000000000000010011110101000101101010011010110
001010101010000010000000000000000000000000000000000000000000000010011110101000101101010011010110
101101010101001001000000000000000000000000000000000000000000000010011110101000101101010011010110
010110101001110010000000000000000000000000000000000000000000000010011110101000101101010011010110
001101110101011111000000000000000000000000000000000000000000000010011110101000101101010011010110
110101001001111010000000000000000000000000000000000000000000000010011110101000101101010011010110
000001111111011000000000000000000000000000000000000000000000000010011110101000101101010011010110
000100110101110110000000000000000000000000000000000000000000000010011110101000101101010011010110
100000011110010010000000000000000000000000000000000000000000000010011110101000101101010011010110
101100110110111100000000000000000000000000000000000000000000000010011110101000101101010011010110
110111101110001110000000000000000000000000000000000000000000000010011110101000101101010011010110
010110000001000100100000000000000000000000000000000000000000000010011110101000101101010011010110
100100010001010110000000000000000000000000000000000000000000000010011110101000101101010011010110
100100100010000001000000000000000000000000000000000000000000000010011110101000101101010011010110
110000010111111101000000000000000000000000000000000000000000000010011110101000101101010011010110
010110100000101011000000000000000000000000000000000000000000000010011110101000101101010011010110
001001100010110000000000000000000000000000000000000000000000000010011110101000101101010011010110
010011101001010000100000000000000000000000000000000000000000000010011110101000101101010011010110
111110000000001100000000000000000000000000000000000000000000000010011110101000101101010011010110
110110110101011101000000000000000000000000000000000000000000000010011110101000101101010011010110
000000100111000001000000000000000000000000000000000000000000000010011110101000101101010011010110
001111100001010000100000000000000000000000000000000000000000000010011110101000101101010011010110
111110111110011000100000000000000000000000000000000000000000000010011110101000101101010011010110
100011011001000000100000000000000000000000000000000000000000000010011110101000101101010011010110
101100100001011010000000000000000000000000000000000000000000000010011110101000101101010011010110
111011101010000100100000000000000000000000000000000000000000000010011110101000101101010011010110
001110001110111110000000000000000000000000000000000000000000000010011110101000101101010011010110
011100010011111101000000000000000000000000000000000000000000000010011110101000101101010011010110
010011000000110000000000000000000000000000000000000000000000000010011110101000101101010011010110
011100110011100111000000000000000000000000000000000000000000000010011110101000101101010011010110
100010101111111011000000000000000000000000000000000000000000000010011110101000101101010011010110
010100010001110001000000000000000000000000000000000000000000000010011110101000101101010011010110
100101111001111000000000000000000000000000000000000000000000000010011110101000101101010011010110
011000000111101110000000000000000000000000000000000000000000000010011110101000101101010011010110
110101011100001011000000000000000000000000000000000000000000000010011110101000101101010011010110
111010110000011011000000000000000000000000000000000000000000000010011110101000101101010011010110
110110011110100011000000000000000000000000000000000000000000000010011110101000101101010011010110
010000101100111001000000000000000000000000000000000000000000000010011110101000101101010011010110
011011100101100000100000000000000000000000000000000000000000000010011110101000101101010011010110
101010100010100101000000000000000000000000000000000000000000000010011110101000101101010011010110
110010100110000111000000000000000000000000000000000000000000000010011110101000101101010011010110
110101111110001100000000000000000000000000000000000000000000000010011110101000101101010011010110
111111010001111011000000000000000000000000000000000000000000000010011110101000101101010011010110
100001000101111000100000000000000000000000000000000000000000000010011110101000101101010011010110
101010101111011000100000000000000000000000000000000000000000000010011110101000101101010011010110
100100100010100111000000000000000000000000000000000000000000000010011110101000101101010011010110
100011110001111110000000000000000000000000000000000000000000000010011110101000101101010011010110
011110011000100001000000000000000000000000000000000000000000000010011110101000101101010011010110
000100101000010000000000000000000000000000000000000000000000000010011110101000101101010011010110
111001100010100000000000000000000000000000000000000000000000000010011110101000101101010011010110
110001101010001010000000000000000000000000000000000000000000000010011110101000101101010011010110
111101010010111100000000000000000000000000000000000000000000000010011110101000101101010011010110
001010111101011010000000000000000000000000000000000000000000000010011110101000101101010011010110
000101101011101000000000000000000000000000000000000000000000000010011110101000101101010011010110
001111001000101011000000000000000000000000000000000000000000000010011110101000101101010011010110
011111001100001100000000000000000000000000000000000000000000000010011110101000101101010011010110
100010011011010001000000000000000000000000000000000000000000000010011110101000101101010011010110
101011110100011111000000000000000000000000000000000000000000000010011110101000101101010011010110
001011001100100010000000000000000000000000000000000000000000000010011110101000101101010011010110
000000001000110010000000000000000000000000000000000000000000000010011110101000101101010011010110
111101111010111100000000000000000000000000000000000000000000000010011110101000101101010011010110
000001010101011000100000000000000000000000000000000000000000000010011110101000101101010011010110
010011001000000111000000000000000000000000000000000000000000000010011110101000101101010011010110
000101011101011100000000000000000000000000000000000000000000000010011110101000101101010011010110
011100001111101100000000000000000000000000000000000000000000000010011110101000101101010011010110
101000111101111010000000000000000000000000000000000000000000000010011110101000101101010011010110
010010010100010110000000000000000000000000000000000000000000000010011110101000101101010011010110
010010101000100111000000000000000000000000000000000000000000000010011110101000101101010011010110
001001111100100110000000000000000000000000000000000000000000000010011110101000101101010011010110
001010111101100110000000000000000000000000000000000000000000000010011110101000101101010011010110
010001111100111110000000000000000000000000000000000000000000000010011110101000101101010011010110
011010100001100001000000000000000000000000000000000000000000000010011110101000101101010011010110
101000011111000001000000000000000000000000000000000000000000000010011110101000101101010011010110
110011110111110110000000000000000000000000000000000000000000000010011110101000101101010011010110
000011001001101011000000000000000000000000000000000000000000000010011110101000101101010011010110
010100010000000111000000000000000000000000000000000000000000000010011110101000101101010011010110
110010111110011100000000000000000000000000000000000000000000000010011110101000101101010011010110
111010101101101011000000000000000000000000000000000000000000000010011110101000101101010011010110
101111011100100001000000000000000000000000000000000000000000000010011110101000101101010011010110
110000010010111101000000000000000000000000000000000000000000000010011110101000101101010011010110
001100010111110000000000000000000000000000000000000000000000000010011110101000101101010011010110
011110010000110101000000000000000000000000000000000000000000000010011110101000101101010011010110
101001101110011100000000000000000000000000000000000000000000000010011110101000101101010011010110
111001111111000000000000000000000000000000000000000000000000000010011110101000101101010011010110
101111110110110111000000000000000000000000000000000000000000000010011110101000101101010011010110
000111111101111100000000000000000000000000000000000000000000000010011110101000101101010011010110
100000000011110001000000000000000000000000000000000000000000000010011110101000101101010011010110
010011101000010110000000000000000000000000000000000000000000000010011110101000101101010011010110
011100000100111000000000000000000000000000000000000000000000000010011110101000101101010011010110
111111011101110000000000000000000000000000000000000000000000000010011110101000101101010011010110
000000111110001000100000000000000000000000000000000000000000000010011110101000101101010011010110
010111100000001001000000000000000000000000000000000000000000000010011110101000101101010011010110
001111111001000000000000000000000000000000000000000000000000000010011110101000101101010011010110
000111100011110100000000000000000000000000000000000000000000000010011110101000101101010011010110
110010100000000101000000000000000000000000000000000000000000000010011110101000101101010011010110
001111111001101010000000000000000000000000000000000000000000000010011110101000101101010011010110
110101010000000010000000000000000000000000000000000000000000000010011110101000101101010011010110
000000110101010000000000000000000000000000000000000000000000000010011110101000101101010011010110
111010001011100101000000000000000000000000000000000000000000000010011110101000101101010011010110
111001101000011000100000000000000000000000000000000000000000000010011110101000101101010011010110
001101110010001110000000000000000000000000000000000000000000000010011110101000101101010011010110
111000000111010100000000000000000000000000000000000000000000000010011110101000101101010011010110
011110111110101100000000000000000000000000000000000000000000000010011110101000101101010011010110
101100000110100100000000000000000000000000000000000000000000000010011110101000101101010011010110
000000011000011101000000000000000000000000000000000000000000000010011110101000101101010011010110
101110001010111001000000000000000000000000000000000000000000000010011110101000101101010011010110
110010010010011011000000000000000000000000000000000000000000000010011110101000101101010011010110
001001100110100001000000000000000000000000000000000000000000000010011110101000101101010011010110
001000011101110000100000000000000000000000000000000000000000000010011110101000101101010011010110
001001111101001010000000000000000000000000000000000000000000000010011110101000101101010011010110
110010000000010101000000000000000000000000000000000000000000000010011110101000101101010011010110
001101111100001101000000000000000000000000000000000000000000000010011110101000101101010011010110
011001100101000010000000000000000000000000000000000000000000000010011110101000101101010011010110
010100000000000011000000000000000000000000000000000000000000000010011110101000101101010011010110
001001011111000001000000000000000000000000000000000000000000000010011110101000101101010011010110
100101101111111100000000000000000000000000000000000000000000000010011110101000101101010011010110
101110110001001100000000000000000000000000000000000000000000000010011110101000101101010011010110
011001111101010001000000000000000000000000000000000000000000000010011110101000101101010011010110
000000011110001100000000000000000000000000000000000000000000000010011110101000101101010011010110
001000111111010011000000000000000000000000000000000000000000000010011110101000101101010011010110
001100101111000001000000000000000000000000000000000000000000000010011110101000101101010011010110
100001111111100110000000000000000000000000000000000000000000000010011110101000101101010011010110
101010101010011110000000000000000000000000000000000000000000000010011110101000101101010011010110
001111100110001111000000000000000000000000000000000000000000000010011110101000101101010011010110
001100101010000111000000000000000000000000000000000000000000000010011110101000101101010011010110
110100111000001010000000000000000000000000000000000000000000000010011110101000101101010011010110
001110010001000000000000000000000000000000000000000000000000000010011110101000101101010011010110
111001100101101000100000000000000000000000000000000000000000000010011110101000101101010011010110
010100000101011001000000000000000000000000000000000000000000000010011110101000101101010011010110
011100110100011001000000000000000000000000000000000000000000000010011110101000101101010011010110
101111000001001001000000000000000000000000000000000000000000000010011110101000101101010011010110
110111000100001000000000000000000000000000000000000000000000000010011110101000101101010011010110
011101001110111011000000000000000000000000000000000000000000000010011110101000101101010011010110
010100101011110000100000000000000000000000000000000000000000000010011110101000101101010011010110
010001001000100011000000000000000000000000000000000000000000000010011110101000101101010011010110
010100000111011001000000000000000000000000000000000000000000000010011110101000101101010011010110
000100101010001010000000000000000000000000000000000000000000000010011110101000101101010011010110
001100000010100011000000000000000000000000000000000000000000000010011110101000101101010011010110
000110110101001011000000000000000000000000000000000000000000000010011110101000101101010011010110
011111001000101010000000000000000000000000000000000000000000000010011110101000101101010011010110
001100110101010000000000000000000000000000000000000000000000000010011110101000101101010011010110
000011110011000110000000000000000000000000000000000000000000000010011110101000101101010011010110
001001001001010100000000000000000000000000000000000000000000000010011110101000101101010011010110
000100000010001101000000000000000000000000000000000000000000000010011110101000101101010011010110
111100011011111001000000000000000000000000000000000000000000000010011110101000101101010011010110
111111100011110100000000000000000000000000000000000000000000000010011110101000101101010011010110
011100110101110011000000000000000000000000000000000000000000000010011110101000101101010011010110
111101101001001000100000000000000000000000000000000000000000000010011110101000101101010011010110
011000111100110000100000000000000000000000000000000000000000000010011110101000101101010011010110
001000101010110011000000000000000000000000000000000000000000000010011110101000101101010011010110
001110011100100011000000000000000000000000000000000000000000000010011110101000101101010011010110
100100000000101010000000000000000000000000000000000000000000000010011110101000101101010011010110
101111101100100110000000000000000000000000000000000000000000000010011110101000101101010011010110
011100000000011000100000000000000000000000000000000000000000000010011110101000101101010011010110
100111100001010111000000000000000000000000000000000000000000000010011110101000101101010011010110
010100100001000101000000000000000000000000000000000000000000000010011110101000101101010011010110
101110000111100001000000000000000000000000000000000000000000000010011110101000101101010011010110
110000101110100011000000000000000000000000000000000000000000000010011110101000101101010011010110
011000100010111011000000000000000000000000000000000000000000000010011110101000101101010011010110
001011101111011001000000000000000000000000000000000000000000000010011110101000101101010011010110
100001110100100010000000000000000000000000000000000000000000000010011110101000101101010011010110
011101000101001110000000000000000000000000000000000000000000000010011110101000101101010011010110
111010100001011000100000000000000000000000000000000000000000000010011110101000101101010011010110
110110001010001100000000000000000000000000000000000000000000000010011110101000101101010011010110
100011110101100000000000000000000000000000000000000000000000000010011110101000101101010011010110
111110100001000011000000000000000000000000000000000000000000000010011110101000101101010011010110
000011010101010000100000000000000000000000000000000000000000000010011110101000101101010011010110
101001111111011110000000000000000000000000000000000000000000000010011110101000101101010011010110
000111010111000000000000000000000000000000000000000000000000000010011110101000101101010011010110
011111111000110000000000000000000000000000000000000000000000000010011110101000101101010011010110
101110000111101000000000000000000000000000000000000000000000000010011110101000101101010011010110
000011000010110011000000000000000000000000000000000000000000000010011110101000101101010011010110
010010001100110000100000000000000000000000000000000000000000000010011110101000101101010011010110
100000000100111000100000000000000000000000000000000000000000000010011110101000101101010011010110
001010101010000001000000000000000000000000000000000000000000000010011110101000101101010011010110
100100110100111110000000000000000000000000000000000000000000000010011110101000101101010011010110
001011110000010110000000000000000000000000000000000000000000000010011110101000101101010011010110
000110000110100000100000000000000000000000000000000000000000000010011110101000101101010011010110
111010000000010100000000000000000000000000000000000000000000000010011110101000101101010011010110
010001101001101010000000000000000000000000000000000000000000000010011110101000101101010011010110
101001001100011111000000000000000000000000000000000000000000000010011110101000101101010011010110
000111001101010000100000000000000000000000000000000000000000000010011110101000101101010011010110
001101101000011100000000000000000000000000000000000000000000000010011110101000101101010011010110
100110110000000110000000000000000000000000000000000000000000000010011110101000101101010011010110
111011010000111010000000000000000000000000000000000000000000000010011110101000101101010011010110
111010100110100010000000000000000000000000000000000000000000000010011110101000101101010011010110
010101100011110000100000000000000000000000000000000000000000000010011110101000101101010011010110
110111100101011010000000000000000000000000000000000000000000000010011110101000101101010011010110
111010100010001000000000000000000000000000000000000000000000000010011110101000101101010011010110
100111111110001010000000000000000000000000000000000000000000000010011110101000101101010011010110
110101111100111110000000000000000000000000000000000000000000000010011110101000101101010011010110
000010011001010110000000000000000000000000000000000000000000000010011110101000101101010011010110
