111110000010000101011000010000000011011011111010010100000100010000000001111000010101001101011001
111110000010000101011000010000000011011011111010010100000100010000100111010000000111001000100011
111110000010000101011000010000000011011011111010010100000100000110110010001010010101011110001001
111110000010000101011000010000000011011011111010010100000100110011010011101110000001101101100001
111110000010000101011000010000000011011011111010010100000100100000000001101011111010010101100100
111110000010000101011000010000000011011011111010010100000100001100101100100101000010101110101010
111110000010000101011000010000000011011011111010010100000100100111100001000111001001010111100010
111110000010000101011000010000000011011011111010010100000100110011011100001011010011100111001110
111110000010000101011000010000000011011011111010010100000100111101010110100001100001110100111001
111110000010000101011000010000000011011011111010010100000100111100100010111101011001000010000110
111110000010000101011000010000000011011011111010010100000100001111000001001010011100101111000111
111110000010000101011000010000000011011011111010010100000100101010111110010010101111001101010110
111110000010000101011000010000000011011011111010010100000100101110000100010111000110011001001101
111110000010000101011000010000000011011011111010010100000100110110101010010101110110111110001101
111110000010000101011000010000000011011011111010010100000100000111000001010001011010101100100101
111110000010000101011000010000000011011011111010010100000100001110010110101111101110110011110010
111110000010000101011000010000000011011011111010010100000100011101001000110000011110101110111011
111110000010000101011000010000000011011011111010010100000100101111011111001100001011000111111100
111110000010000101011000010000000011011011111010010100000100010110000001001011111001111101001001
111110000010000101011000010000000011011011111010010100000100011001001000010100111110010000001010
111110000010000101011000010000000011011011111010010100000100110111000011010100000110110111100010
111110000010000101011000010000000011011011111010010100000100101011000000011010111111011000011000
111110000010000101011000010000000011011011111010010100000100100111000101010101011001010010011001
111110000010000101011000010000000011011011111010010100000100110101101100011101110110011101001011
111110000010000101011000010000000011011011111010010100000100100010100001111110110111001111011001
111110000010000101011000010000000011011011111010010100000100010010111111101001111100011101010000
111110000010000101011000010000000011011011111010010100000100001111101000110110101000111100001010
111110000010000101011000010000000011011011111010010100000100100110101101011110111100001110001100
111110000010000101011000010000000011011011111010010100000100100010110000111100001011110001101010
111110000010000101011000010000000011011011111010010100000100000001111000011010000000010011001110
111110000010000101011000010000000011011011111010010100000100010011000111101010110111001000010001
111110000010000101011000010000000011011011111010010100000100101110011001001000101001000111110110
111110000010000101011000010000000011011011111010010100000100110001111111100100110001110000101101
111110000010000101011000010000000011011011111010010100000100010101010011111111001111010111001011
111110000010000101011000010000000011011011111010010100000100111001110001100111110100000001001010
111110000010000101011000010000000011011011111010010100000100100010111101011001110100111110110111
111110000010000101011000010000000011011011111010010100000100101100000011101110001001110010101010
111110000010000101011000010000000011011011111010010100000100111110011110101110000010100001111000
111110000010000101011000010000000011011011111010010100000100101011101111001111100010101001101100
111110000010000101011000010000000011011011111010010100000100101101011110101001101110100010011100
111110000010000101011000010000000011011011111010010100000100001111110010101010010101011011000011
111110000010000101011000010000000011011011111010010100000100001000001100010000001111001010010001
111110000010000101011000010000000011011011111010010100000100010111010001111110110110000101100011
111110000010000101011000010000000011011011111010010100000100011011111100110101111001011110110010
111110000010000101011000010000000011011011111010010100000100010101100110010000101111100111011100
111110000010000101011000010000000011011011111010010100000100001100011111010001011101010001000001
111110000010000101011000010000000011011011111010010100000100111010001110111110001110111101010101
111110000010000101011000010000000011011011111010010100000100100001101001111011011111111101110100
111110000010000101011000010000000011011011111010010100000100100111101100110110100001100001011011
111110000010000101011000010000000011011011111010010100000100000011111111110001111100111100011010
111110000010000101011000010000000011011011111010010100000100000000001011110110111011000110100011
111110000010000101011000010000000011011011111010010100000100010110100101001111010111000110001100
111110000010000101011000010000000011011011111010010100000100110001111000110111100011001101001011
111110000010000101011000010000000011011011111010010100000100101011100111000010000010010101000011
111110000010000101011000010000000011011011111010010100000100100111000110100011001111010111100010
111110000010000101011000010000000011011011111010010100000100110011010010001000011010010110100010
111110000010000101011000010000000011011011111010010100000100011000100010000010001001011011011001
111110000010000101011000010000000011011011111010010100000100000011111011010001100010011000100011
111110000010000101011000010000000011011011111010010100000100001100110001011100000111000000000100
111110000010000101011000010000000011011011111010010100000100101011000001101111101101110101101110
111110000010000101011000010000000011011011111010010100000100101001010010011010001000111110110110
111110000010000101011000010000000011011011111010010100000100110000101001101010001000011000000100
111110000010000101011000010000000011011011111010010100000100011110110000010100011010101101000011
111110000010000101011000010000000011011011111010010100000100000010000110101010111010100000010010
111110000010000101011000010000000011011011111010010100000100001011101000001010010111100010100101
111110000010000101011000010000000011011011111010010100000100001101010111010011010100101111100101
111110000010000101011000010000000011011011111010010100000100110111010110000000111011011011101001
111110000010000101011000010000000011011011111010010100000100001010100101111101101011100010101111
111110000010000101011000010000000011011011111010010100000100110010100001010001101010001100011001
111110000010000101011000010000000011011011111010010100000100001100000111001111111101111001000001
111110000010000101011000010000000011011011111010010100000100101011010111111101111000010011010000
111110000010000101011000010000000011011011111010010100000100110000111001001001101001111010011000
111110000010000101011000010000000011011011111010010100000100010110101010010111010100000010101011
111110000010000101011000010000000011011011111010010100000100101100111000000001000101001101100101
111110000010000101011000010000000011011011111010010100000100010100111101111000110111111101100000
111110000010000101011000010000000011011011111010010100000100001110101100011001110000001000101011
111110000010000101011000010000000011011011111010010100000100111001011111001100110011000001110010
111110000010000101011000010000000011011011111010010100000100100111101110010000101100000010111010
111110000010000101011000010000000011011011111010010100000100101010111000101000100101011100001111
111110000010000101011000010000000011011011111010010100000100101101100011010111100111001010110001
111110000010000101011000010000000011011011111010010100000100000110101001011000000100110001010001
111110000010000101011000010000000011011011111010010100000100100101111110110110101100001010011011
111110000010000101011000010000000011011011111010010100000100101011110011110011011111101001101111
111110000010000101011000010000000011011011111010010100000100111111000001101100001111001011010001
111110000010000101011000010000000011011011111010010100000100000111011000110010000111111010001010
111110000010000101011000010000000011011011111010010100000100111010001111100001010011011011001110
111110000010000101011000010000000011011011111010010100000100001001110011111011111100000100011001
111110000010000101011000010000000011011011111010010100000100001001010101110110000111100110100011
111110000010000101011000010000000011011011111010010100000100000111000101000011000101001001001110
111110000010000101011000010000000011011011111010010100000100000110011101110111110101100001110010
111110000010000101011000010000000011011011111010010100000100101000110010010110100110001000011000
111110000010000101011000010000000011011011111010010100000100111110101100111100111010001101010110
111110000010000101011000010000000011011011111010010100000100100010001100001001000011000111000101
111110000010000101011000010000000011011011111010010100000100100001011010101100110000011000000101
111110000010000101011000010000000011011011111010010100000100010001110011010111011000010100001101
111110000010000101011000010000000011011011111010010100000100100111101011110100100110011101011011
111110000010000101011000010000000011011011111010010100000100101001110100010011010010001100100011
111110000010000101011000010000000011011011111010010100000100100100100010000001100101000000101001
111110000010000101011000010000000011011011111010010100000100101101101010110101100010001110000110
111110000010000101011000010000000011011011111010010100000100111110000000011110000010101111100011
111110000010000101011000010000000011011011111010010100000100101111010001000010101100010001100100
111110000010000101011000010000000011011011111010010100000100100001000001100110101111011111101101
111110000010000101011000010000000011011011111010010100000100110110100101111100110111111010010000
111110000010000101011000010000000011011011111010010100000100100111101110110011100011111010010001
111110000010000101011000010000000011011011111010010100000100100001001110000010001111010100010110
111110000010000101011000010000000011011011111010010100000100100110010011000110010010100100001011
111110000010000101011000010000000011011011111010010100000100011110011101001110010100001000001010
111110000010000101011000010000000011011011111010010100000100100101000100010101101100001111011101
111110000010000101011000010000000011011011111010010100000100010101011001010111010110101101110010
111110000010000101011000010000000011011011111010010100000100011100000110100110111011101011010011
111110000010000101011000010000000011011011111010010100000100010111010100101111011111110001011010
111110000010000101011000010000000011011011111010010100000100011000101001001011100110001110000111
111110000010000101011000010000000011011011111010010100000100111111110101001001011111010101110110
111110000010000101011000010000000011011011111010010100000100100001101111001010111011001010110111
111110000010000101011000010000000011011011111010010100000100101100000001100000010010101011000101
111110000010000101011000010000000011011011111010010100000100000110111111010100110011010101110001
111110000010000101011000010000000011011011111010010100000100111001010110010101111110101001101011
111110000010000101011000010000000011011011111010010100000100100111001011011101001001110100100000
111110000010000101011000010000000011011011111010010100000100011001010011111101101111100101110011
111110000010000101011000010000000011011011111010010100000100111000001001100100100100000011100100
111110000010000101011000010000000011011011111010010100000100100100111000110100010011010101110000
111110000010000101011000010000000011011011111010010100000100001010011100100101100100011111010001
111110000010000101011000010000000011011011111010010100000100101100100000000100001110011001010010
111110000010000101011000010000000011011011111010010100000100000010011101011110111100010000010011
111110000010000101011000010000000011011011111010010100000100011001110011010110110111101000011101
111110000010000101011000010000000011011011111010010100000100011011101110110010111110110011101011
111110000010000101011000010000000011011011111010010100000100111010110011100011011100000001010101
111110000010000101011000010000000011011011111010010100000100000110001000010010010011101100101001
111110000010000101011000010000000011011011111010010100000100000010000110101000101010100101010000
111110000010000101011000010000000011011011111010010100000100101001100000101011111000000001010010
111110000010000101011000010000000011011011111010010100000100001000100100001100101000011111001110
111110000010000101011000010000000011011011111010010100000100111111110000111100110010100101100010
111110000010000101011000010000000011011011111010010100000100110010111010010011001000000000100001
111110000010000101011000010000000011011011111010010100000100010001001101101001110111101001101101
111110000010000101011000010000000011011011111010010100000100010011101011001110101010001001101100
111110000010000101011000010000000011011011111010010100000100111100101101111100101100111010111000
111110000010000101011000010000000011011011111010010100000100010111110001000101100010101111111010
111110000010000101011000010000000011011011111010010100000100011101101001000111101101001101101011
111110000010000101011000010000000011011011111010010100000100101011000100000100011010110101111010
111110000010000101011000010000000011011011111010010100000100010111100001111111100101110001110101
111110000010000101011000010000000011011011111010010100000100000000011000001001010001001011011000
111110000010000101011000010000000011011011111010010100000100000101010011101101111111110111000001
111110000010000101011000010000000011011011111010010100000100100011001111111011110111011011000011
111110000010000101011000010000000011011011111010010100000100101101111000101000000011111001111010
111110000010000101011000010000000011011011111010010100000100000101001100111000010001101110011011
111110000010000101011000010000000011011011111010010100000100101111000101101010011101110101010110
111110000010000101011000010000000011011011111010010100000100010010110110111000110110111010111010
111110000010000101011000010000000011011011111010010100000100001111010001110101110110010000111010
111110000010000101011000010000000011011011111010010100000100000010010010010111000011010100100011
111110000010000101011000010000000011011011111010010100000100110010100111010110101001110111110101
111110000010000101011000010000000011011011111010010100000100001000010110111001100010100011101110
111110000010000101011000010000000011011011111010010100000100010101100001100001110001100101000110
111110000010000101011000010000000011011011111010010100000100000001110000000110110001110000010100
111110000010000101011000010000000011011011111010010100000100110101000010010110011001101001111111
111110000010000101011000010000000011011011111010010100000100000000001000000111001110101000101010
111110000010000101011000010000000011011011111010010100000100101100000111101101111001000011010100
111110000010000101011000010000000011011011111010010100000100001010011101100000001111000000010110
111110000010000101011000010000000011011011111010010100000100000110000000100111101010010000010000
111110000010000101011000010000000011011011111010010100000100110110111001110010101000110101000000
111110000010000101011000010000000011011011111010010100000100011000010001101101000110001000010111
111110000010000101011000010000000011011011111010010100000100000101100011110000011010000100101000
111110000010000101011000010000000011011011111010010100000100110010101101101000011011100101000110
111110000010000101011000010000000011011011111010010100000100101011111011001110110101101010101101
111110000010000101011000010000000011011011111010010100000100000011010100111001010111111111001101
111110000010000101011000010000000011011011111010010100000100010010011011101010110001000110010111
111110000010000101011000010000000011011011111010010100000100101001101111100010101111100101001000
111110000010000101011000010000000011011011111010010100000100010011010011111101001000000101110001
111110000010000101011000010000000011011011111010010100000100100011001010000110011001100110101000
111110000010000101011000010000000011011011111010010100000100110010011010110100001100111100110011
111110000010000101011000010000000011011011111010010100000100011110100001011100111100000111000000
111110000010000101011000010000000011011011111010010100000100011110001000001000000100011010110000
111110000010000101011000010000000011011011111010010100000100000110010001000110000000000011000001
111110000010000101011000010000000011011011111010010100000100001100110011010010110101101011101101
111110000010000101011000010000000011011011111010010100000100001110111001011111001011001111110010
111110000010000101011000010000000011011011111010010100000100001100111100011110101010010011000000
111110000010000101011000010000000011011011111010010100000100000110111010010001011101000101010101
111110000010000101011000010000000011011011111010010100000100100011101010111001101111001010111000
111110000010000101011000010000000011011011111010010100000100100100000111001111101100001010000110
111110000010000101011000010000000011011011111010010100000100101011110110110101111011010010001100
111110000010000101011000010000000011011011111010010100000100001100001001011001000100010001000000
111110000010000101011000010000000011011011111010010100000100011100100010101011010011111000000101
111110000010000101011000010000000011011011111010010100000100001011010111011011111000010001101110
111110000010000101011000010000000011011011111010010100000100111001101101011101001110011001111011
111110000010000101011000010000000011011011111010010100000100000010011011101011110001100101000011
111110000010000101011000010000000011011011111010010100000100100000111000001010111101101100011000
111110000010000101011000010000000011011011111010010100000100110001010010111010001111111111010000
111110000010000101011000010000000011011011111010010100000100011011001010010110100111110000101111
111110000010000101011000010000000011011011111010010100000100010000001110111000111010011011000100
111110000010000101011000010000000011011011111010010100000100001011001110010111110100010110111001
111110000010000101011000010000000011011011111010010100000100010010111110101010001100100001111000
111110000010000101011000010000000011011011111010010100000100001010000001111110000011100100001111
111110000010000101011000010000000011011011111010010100000100010101100111000110000000011110101100
111110000010000101011000010000000011011011111010010100000100111111101010001101110100100001001001
111110000010000101011000010000000011011011111010010100000100101110010001001001111111111001000010
111110000010000101011000010000000011011011111010010100000100110010011011110101000010010111101100
111110000010000101011000010000000011011011111010010100000100011010100001111000001000101000110110
111110000010000101011000010000000011011011111010010100000100100100000010011110001001000011011101
111110000010000101011000010000000011011011111010010100000100101100100000001001111010001011111000
111110000010000101011000010000000011011011111010010100000100011101101110101010101110100111010100
111110000010000101011000010000000011011011111010010100000100011011001111101111100111100100001001
111110000010000101011000010000000011011011111010010100000100100100100111011000001100010010001110
111110000010000101011000010000000011011011111010010100000100111100101010010011100110010011100100
111110000010000101011000010000000011011011111010010100000100111110110101001001101011100000101011
111110000010000101011000010000000011011011111010010100000100101011101101110100111100011100000101
111110000010000101011000010000000011011011111010010100000100011101010010110010111000000011010101
111110000010000101011000010000000011011011111010010100000100111000111110011111100010001010110101
111110000010000101011000010000000011011011111010010100000100101101101110111010110000101100001111
111110000010000101011000010000000011011011111010010100000100100111110001001011000010101101001010
111110000010000101011000010000000011011011111010010100000100011001001110101000101010000111110111
111110000010000101011000010000000011011011111010010100000100100111110110001110001101110000101101
111110000010000101011000010000000011011011111010010100000100010000000101010010110101011011100000
111110000010000101011000010000000011011011111010010100000100110001011011110110100111110111011111
111110000010000101011000010000000011011011111010010100000100101100100010011111011000000100111010
111110000010000101011000010000000011011011111010010100000100100100110100011010100000011100001001
111110000010000101011000010000000011011011111010010100000100011000101110010011011001110100010010
111110000010000101011000010000000011011011111010010100000100001010101100011011001100101111000101
111110000010000101011000010000000011011011111010010100000100011011110101001101101001011001010100
111110000010000101011000010000000011011011111010010100000100110111011110010110010000111101111000
111110000010000101011000010000000011011011111010010100000100110100001110101111111000010111011011
111110000010000101011000010000000011011011111010010100000100110101001101111000100000001011100011
111110000010000101011000010000000011011011111010010100000100000110000101100010111110110011100101
111110000010000101011000010000000011011011111010010100000100101000010011011000111000110101100011
111110000010000101011000010000000011011011111010010100000100010111000000000110001110011001001010
111110000010000101011000010000000011011011111010010100000100001101010110101000001011110001111000
111110000010000101011000010000000011011011111010010100000100110110110101110011100101000101001111
111110000010000101011000010000000011011011111010010100000100110101011000010110001101011011100001
111110000010000101011000010000000011011011111010010100000100011010000001000001010110011010011010
111110000010000101011000010000000011011011111010010100000100001001001101110010111011111101110011
111110000010000101011000010000000011011011111010010100000100000110000000111101100001110010111001
111110000010000101011000010000000011011011111010010100000100001110001100001000001101110111000000
111110000010000101011000010000000011011011111010010100000100100010101110111010111001000000000011
111110000010000101011000010000000011011011111010010100000100110110000101100100010111100101110000
111110000010000101011000010000000011011011111010010100000100110000010110101111010000010000010010
111110000010000101011000010000000011011011111010010100000100100000011111011001010101111100110110
111110000010000101011000010000000011011011111010010100000100000000110111010001111001111110110100
111110000010000101011000010000000011011011111010010100000100101010101111010110100101100010011000
111110000010000101011000010000000011011011111010010100000100111110101100110111011100011111010011
111110000010000101011000010000000011011011111010010100000100101110000011000111000000101001010111
111110000010000101011000010000000011011011111010010100000100101000110000110010101001001001000001
111110000010000101011000010000000011011011111010010100000100010010111000010010011101010101100111
111110000010000101011000010000000011011011111010010100000100010011101001010010010101111100101001
111110000010000101011000010000000011011011111010010100000100000000000100110000100010111010110000
111110000010000101011000010000000011011011111010010100000100001100010100110110011001010010011100
111110000010000101011000010000000011011011111010010100000100011001111011100110111010100110000110
111110000010000101011000010000000011011011111010010100000100010100100010001001110001001011011101
111110000010000101011000010000000011011011111010010100000100100101001001101111101101011000001111
111110000010000101011000010000000011011011111010010100000100000011111111000101000110101110110101
111110000010000101011000010000000011011011111010010100000100101000010000011001100000110000100010
111110000010000101011000010000000011011011111010010100000100001001011000101100101100110001000110
111110000010000101011000010000000011011011111010010100000100010100010111010010110111110100000000
111110000010000101011000010000000011011011111010010100000100000111000111111111010001101110110011
111110000010000101011000010000000011011011111010010100000100000111011010000111100101010011100000
111110000010000101011000010000000011011011111010010100000100111100111001100110101101000011101111
111110000010000101011000010000000011011011111010010100000100111100101000110110100001101110101101
111110000010000101011000010000000011011011111010010100000100011101110100010111010100001000001111
111110000010000101011000010000000011011011111010010100000100110000001101000011101010100001010001
111110000010000101011000010000000011011011111010010100000100111000011010000001101010000001000111
111110000010000101011000010000000011011011111010010100000100010011001111111011010000111001000111
111110000010000101011000010000000011011011111010010100000100101001010011101110011010010101100000
111110000010000101011000010000000011011011111010010100000100110101111000100000011001001000000010
111110000010000101011000010000000011011011111010010100000100100111101000001011111000011011010011
111110000010000101011000010000000011011011111010010100000100010001100001011000111110001011001001
111110000010000101011000010000000011011011111010010100000100100000000111111111011110000101100000
111110000010000101011000010000000011011011111010010100000100000101001010011010111000110101000000
111110000010000101011000010000000011011011111010010100000100000110010101001010100111010100110000
111110000010000101011000010000000011011011111010010100000100101010000100011001010010001100011011
111110000010000101011000010000000011011011111010010100000100011001011110110101101000110001011010
111110000010000101011000010000000011011011111010010100000100011000101000000111000001011011100000
111110000010000101011000010000000011011011111010010100000100001110101101011110110011111000011101
111110000010000101011000010000000011011011111010010100000100011011110101001111011111100001111110
111110000010000101011000010000000011011011111010010100000100000101010001111000011100000000100110
111110000010000101011000010000000011011011111010010100000100100001010000010001110011101101000000
111110000010000101011000010000000011011011111010010100000100111110110000000000010111100111011001
111110000010000101011000010000000011011011111010010100000100011001110110101001110011111001010110
111110000010000101011000010000000011011011111010010100000100011101110111111110100010111110000011
111110000010000101011000010000000011011011111010010100000100110000110001111001011001101101000111
111110000010000101011000010000000011011011111010010100000100010110011110001011100110000110011110
111110000010000101011000010000000011011011111010010100000100110010001101001111101101111100101000
111110000010000101011000010000000011011011111010010100000100001001100011101010100010011001010001
111110000010000101011000010000000011011011111010010100000100000010100000111110011101000001101101
111110000010000101011000010000000011011011111010010100000100001100010011101110000100100010000001
111110000010000101011000010000000011011011111010010100000100111000101101000111011011100011010011
111110000010000101011000010000000011011011111010010100000100111011111000011011001000011000111110
111110000010000101011000010000000011011011111010010100000100000000000110011110001101100000011011
111110000010000101011000010000000011011011111010010100000100010100000010000101111001001010100111
111110000010000101011000010000000011011011111010010100000100010000100011001111100011000111000011
111110000010000101011000010000000011011011111010010100000100001001010111001111011001100010100011
111110000010000101011000010000000011011011111010010100000100010101010111110100110011000011001000
111110000010000101011000010000000011011011111010010100000100010111101010001010100110111110101101
111110000010000101011000010000000011011011111010010100000100101010111111110001100101001011110101
111110000010000101011000010000000011011011111010010100000100111000111000111001111001011100111100
111110000010000101011000010000000011011011111010010100000100110000010000110111100111000101000000
111110000010000101011000010000000011011011111010010100000100110000010100100110111000000001101001
111110000010000101011000010000000011011011111010010100000100010110101010100001000001101011011011
111110000010000101011000010000000011011011111010010100000100110100001110110001110000110001100010
111110000010000101011000010000000011011011111010010100000100010110110001000111111000001111010101
111110000010000101011000010000000011011011111010010100000100111100100010000101111100000101110001
111110000010000101011000010000000011011011111010010100000100101101111100111010011110100001010001
111110000010000101011000010000000011011011111010010100000100101111110100101001001001110100100010
111110000010000101011000010000000011011011111010010100000100011001101100110000100001101111110111
111110000010000101011000010000000011011011111010010100000100100100101111000010001111100001011101
111110000010000101011000010000000011011011111010010100000100110000000100001000111100010101110111
111110000010000101011000010000000011011011111010010100000100000111111111101000100010011100001100
111110000010000101011000010000000011011011111010010100000100011101000111000001110110101100001100
111110000010000101011000010000000011011011111010010100000100101111101011100101100011010100010000
111110000010000101011000010000000011011011111010010100000100000000010110011010110101011011101111
111110000010000101011000010000000011011011111010010100000100010110011010011000001101101010001100
111110000010000101011000010000000011011011111010010100000100011001001001011101011001011111011100
111110000010000101011000010000000011011011111010010100000100110100100100111000111010101011011001
111110000010000101011000010000000011011011111010010100000100001101100101001110000000010011101001
111110000010000101011000010000000011011011111010010100000100001001001001001001111010100110011110
111110000010000101011000010000000011011011111010010100000100011000101101100010010100101100101100
111110000010000101011000010000000011011011111010010100000100011111101001010000011000101110100001
111110000010000101011000010000000011011011111010010100000100100101000001001001111000110011010010
111110000010000101011000010000000011011011111010010100000100011011010000000100100001000000001101
111110000010000101011000010000000011011011111010010100000100010001011010101111010100100011101100
111110000010000101011000010000000011011011111010010100000100000111010001111001100011111010011001
111110000010000101011000010000000011011011111010010100000100000110001000110101100100010100100110
111110000010000101011000010000000011011011111010010100000100001010100001001111010011110010000111
111110000010000101011000010000000011011011111010010100000100011110100110101001010101011101100110
111110000010000101011000010000000011011011111010010100000100001001001111100000011111100010000111
111110000010000101011000010000000011011011111010010100000100110001001101110000110100100110010010
111110000010000101011000010000000011011011111010010100000100001001011011010111110100001001101111
111110000010000101011000010000000011011011111010010100000100111011101111010111010111001000110001
111110000010000101011000010000000011011011111010010100000100101101110111001110011110010100101100
111110000010000101011000010000000011011011111010010100000100110110100111001011011101110001100110
111110000010000101011000010000000011011011111010010100000100011011110010101000010000101100110110
111110000010000101011000010000000011011011111010010100000100101101111101101111110010000110110101
111110000010000101011000010000000011011011111010010100000100010101011111100110111101011100101000
111110000010000101011000010000000011011011111010010100000100111001101010000100100100000101100001
111110000010000101011000010000000011011011111010010100000100100011010011011000010011110011100101
111110000010000101011000010000000011011011111010010100000100110111011101101000010101010101000011
111110000010000101011000010000000011011011111010010100000100111010001101011110011011000000100100
111110000010000101011000010000000011011011111010010100000100001101101100100110111101111010011001
111110000010000101011000010000000011011011111010010100000100000100010101000111110110100001001111
111110000010000101011000010000000011011011111010010100000100100001111001100111001011111000111000
111110000010000101011000010000000011011011111010010100000100100101101111111010010100100000111001
111110000010000101011000010000000011011011111010010100000100011111101100110010100010110111110101
111110000010000101011000010000000011011011111010010100000100011001110011010111000110110111100110
111110000010000101011000010000000011011011111010010100000100001011101010101100010010110010001110
111110000010000101011000010000000011011011111010010100000100100010010101000100110010110111011111
111110000010000101011000010000000011011011111010010100000100010001001101011001000111011000110010
111110000010000101011000010000000011011011111010010100000100001010001110001110011111000001000000
111110000010000101011000010000000011011011111010010100000100001001011101111010011100000011000100
111110000010000101011000010000000011011011111010010100000100101000111000010000000100100110011010
111110000010000101011000010000000011011011111010010100000100110100111010010011011001101110110110
111110000010000101011000010000000011011011111010010100000100001101010011011001011011110111010001
111110000010000101011000010000000011011011111010010100000100110111010100011101110000111001111010
111110000010000101011000010000000011011011111010010100000100100111111100001000100011001101001111
111110000010000101011000010000000011011011111010010100000100011010100000000111100000000000110000
111110000010000101011000010000000011011011111010010100000100001000011010000101000100000101011100
111110000010000101011000010000000011011011111010010100000100000011001100010111101100010010101101
111110000010000101011000010000000011011011111010010100000100111111011010101100100111000000011011
111110000010000101011000010000000011011011111010010100000100001001101000001100100110111111101100
111110000010000101011000010000000011011011111010010100000100111010100001010010110001010100100111
111110000010000101011000010000000011011011111010010100000100010110001001011001110101010100001110
111110000010000101011000010000000011011011111010010100000100000110100000001000101101000101111000
111110000010000101011000010000000011011011111010010100000100110100011011110100001110111011011001
111110000010000101011000010000000011011011111010010100000100001011010011110000001100010100011110
111110000010000101011000010000000011011011111010010100000100000011111111101111110010110010111001
111110000010000101011000010000000011011011111010010100000100001000111111000110111101110010010001
111110000010000101011000010000000011011011111010010100000100010111011101111010010011010111001101
111110000010000101011000010000000011011011111010010100000100000110010001001101001111101110100111
111110000010000101011000010000000011011011111010010100000100011101000000101011101010000101000100
111110000010000101011000010000000011011011111010010100000100000011110110100001001100001010101001
111110000010000101011000010000000011011011111010010100000100011101001011100011110100000111101010
111110000010000101011000010000000011011011111010010100000100000001011111010001010101111000111000
111110000010000101011000010000000011011011111010010100000100100011101000100101111001010101010110
111110000010000101011000010000000011011011111010010100000100101110101010001001100111011111001001
111110000010000101011000010000000011011011111010010100000100001000000010100110010111000010100000
111110000010000101011000010000000011011011111010010100000100010110000011001011110111001110101001
111110000010000101011000010000000011011011111010010100000100101101101111111001001110011000110010
111110000010000101011000010000000011011011111010010100000100010011110010001101000100000101001100
111110000010000101011000010000000011011011111010010100000100110011111110011001010100001111110001
111110000010000101011000010000000011011011111010010100000100010000010010000100111100000010111000
111110000010000101011000010000000011011011111010010100000100000110010101111000111010011010110000
111110000010000101011000010000000011011011111010010100000100110001110100100011001001111010111110
111110000010000101011000010000000011011011111010010100000100000010011010100100000000101000110010
111110000010000101011000010000000011011011111010010100000100110000100001111001011011100101100010
111110000010000101011000010000000011011011111010010100000100000001011001111100111110101011010011
111110000010000101011000010000000011011011111010010100000100011011010010000000010111111110011011
111110000010000101011000010000000011011011111010010100000100110101001100001110110100100110111101
111110000010000101011000010000000011011011111010010100000100101000011111111001000101100000100000
111110000010000101011000010000000011011011111010010100000100010111010111110010011110110101011101
111110000010000101011000010000000011011011111010010100000100010011001100010101100101100000001001
111110000010000101011000010000000011011011111010010100000100110110011110101100110001000011100010
111110000010000101011000010000000011011011111010010100000100010011101001100100000011011001001111
111110000010000101011000010000000011011011111010010100000100100000010100110110010111100010000101
111110000010000101011000010000000011011011111010010100000100011001001101101100010101011111011001
111110000010000101011000010000000011011011111010010100000100000100110010111110011111111000101111
111110000010000101011000010000000011011011111010010100000100011001011001000001110010000111100001
111110000010000101011000010000000011011011111010010100000100110001101000010110010001011110101010
111110000010000101011000010000000011011011111010010100000100001010010000010010100111101000011000
111110000010000101011000010000000011011011111010010100000100110110100100110001011111111001101111
111110000010000101011000010000000011011011111010010100000100011011110001000010001111001011010011
111110000010000101011000010000000011011011111010010100000100001010110001010111110011010111100010
111110000010000101011000010000000011011011111010010100000100100101010011000010111110100001001000
111110000010000101011000010000000011011011111010010100000100110000000010111100011110110110011001
111110000010000101011000010000000011011011111010010100000100110101101111100110011011101101100001
111110000010000101011000010000000011011011111010010100000100101011101111110001011000101110001110
