001100100001101101001011111101101101000010000101010101011011011110111011011011111010101100000100
110100000110001011111101110011010111000010000101010101011011011110111011011011111010101100000100
011100000100001011101111110010101111000010000101010101011011011110111011011011111010101100000100
011001010011100011101000000010100101000010000101010101011011011110111011011011111010101100000100
100100100010110101000111111001101011000010000101010101011011011110111011011011111010101100000100
111111000001111101111011111101111100000010000101010101011011011110111011011011111010101100000100
011100010110000010101011110011100101000010000101010101011011011110111011011011111010101100000100
010000011111001101101100110010010100000010000101010101011011011110111011011011111010101100000100
110000001110010010000011001111110000000010000101010101011011011110111011011011111010101100000100
001110111110011000111101111001101100000010000101010101011011011110111011011011111010101100000100
000100000011011011010011001010101001000010000101010101011011011110111011011011111010101100000100
001010100001000101100000101111110011000010000101010101011011011110111011011011111010101100000100
001111000101001111100101101100110011000010000101010101011011011110111011011011111010101100000100
100001010110101001100101001111111100000010000101010101011011011110111011011011111010101100000100
100111010101101011101110100110001010000010000101010101011011011110111011011011111010101100000100
000101110010011111000111111000100101000010000101010101011011011110111011011011111010101100000100
100011111110011110110110101101100110000010000101010101011011011110111011011011111010101100000100
000010001100010100000101110001100101000010000101010101011011011110111011011011111010101100000100
010110111010111110011011100000111001000010000101010101011011011110111011011011111010101100000100
001100001011011011011111000100110101000010000101010101011011011110111011011011111010101100000100
010010111011000011001001111110101011000010000101010101011011011110111011011011111010101100000100
001100110100001101011111111111010111000010000101010101011011011110111011011011111010101100000100
101011100010100001100010110111010000000010000101010101011011011110111011011011111010101100000100
110011001000010100000011010110101101000010000101010101011011011110111011011011111010101100000100
010110010011011001110111111011100010000010000101010101011011011110111011011011111010101100000100
001111100010011000000001110101111111000010000101010101011011011110111011011011111010101100000100
111100111001101111010010001011100000000010000101010101011011011110111011011011111010101100000100
000001000001101110001010001001111000000010000101010101011011011110111011011011111010101100000100
010100100010001111111111101001101111000010000101010101011011011110111011011011111010101100000100
101001101110100100110111010010111101000010000101010101011011011110111011011011111010101100000100
101110110001100000110100100100101000000010000101010101011011011110111011011011111010101100000100
000011001000010110100011110000100111000010000101010101011011011110111011011011111010101100000100
000000010101001010100110010110101101000010000101010101011011011110111011011011111010101100000100
110100011011101110000101111100100010000010000101010101011011011110111011011011111010101100000100
111101111010010010110000111110000111000010000101010101011011011110111011011011111010101100000100
100110111001111111101110100111100001000010000101010101011011011110111011011011111010101100000100
101100000011010001111110001100111100000010000101010101011011011110111011011011111010101100000100
111011011011000101011100111000000000000010000101010101011011011110111011011011111010101100000100
101011001010000100110101111101110011000010000101010101011011011110111011011011111010101100000100
110001110100100010001001111101110001000010000101010101011011011110111011011011111010101100000100
111010101111000110110011101110101000000010000101010101011011011110111011011011111010101100000100
100101111011100110111001001110001101000010000101010101011011011110111011011011111010101100000100
000101001011111101110110010001011101000010000101010101011011011110111011011011111010101100000100
001110010011101011000000011001001001000010000101010101011011011110111011011011111010101100000100
010101000000101101111010001011010101000010000101010101011011011110111011011011111010101100000100
001000010110101010110110111000110010000010000101010101011011011110111011011011111010101100000100
000111001011101100010110111100001000000010000101010101011011011110111011011011111010101100000100
101100110011111000011111100101100000000010000101010101011011011110111011011011111010101100000100
110110000011001000010010101000000011000010000101010101011011011110111011011011111010101100000100
001001001000110100111000100011111000000010000101010101011011011110111011011011111010101100000100
011101110001111100000010100111000000000010000101010101011011011110111011011011111010101100000100
100111101110000100011111011111111010000010000101010101011011011110111011011011111010101100000100
110110101111110010111101100011110101000010000101010101011011011110111011011011111010101100000100
100011100011101100110001111011111100000010000101010101011011011110111011011011111010101100000100
100000110101001110000000110111000010000010000101010101011011011110111011011011111010101100000100
001100000011110110011010001100110000000010000101010101011011011110111011011011111010101100000100
110000101100001111010101111111111111000010000101010101011011011110111011011011111010101100000100
001000111010000001101110000010000111000010000101010101011011011110111011011011111010101100000100
101001111011010101100011010001110000000010000101010101011011011110111011011011111010101100000100
100110101000110000111010000100110111000010000101010101011011011110111011011011111010101100000100
111110011011011110001011000111110001000010000101010101011011011110111011011011111010101100000100
011010010100011010111000000100010010000010000101010101011011011110111011011011111010101100000100
001110001000011100001100011001110100000010000101010101011011011110111011011011111010101100000100
001011101011101111001001001010010000000010000101010101011011011110111011011011111010101100000100
000010000000001100011011111111000111000010000101010101011011011110111011011011111010101100000100
001111000111110100100100011101110010000010000101010101011011011110111011011011111010101100000100
110000010111111000111000111100011111000010000101010101011011011110111011011011111010101100000100
101100010101100000100111011001110100000010000101010101011011011110111011011011111010101100000100
001100010001101011110111101111010000000010000101010101011011011110111011011011111010101100000100
000101101010011001100100001100101111000010000101010101011011011110111011011011111010101100000100
001101100001011001000011101100000101000010000101010101011011011110111011011011111010101100000100
110110110001100001100111110010010110000010000101010101011011011110111011011011111010101100000100
100111011011100110100111111001100010000010000101010101011011011110111011011011111010101100000100
011010101101111110010100010101111010000010000101010101011011011110111011011011111010101100000100
101111000100100010010101000100011110000010000101010101011011011110111011011011111010101100000100
101011101001010001001010011010111111000010000101010101011011011110111011011011111010101100000100
000001001101101100011011000110101101000010000101010101011011011110111011011011111010101100000100
010111000000111011010010011010100010000010000101010101011011011110111011011011111010101100000100
011101010111001100100100000011011100000010000101010101011011011110111011011011111010101100000100
100101101100011000110010010101001100000010000101010101011011011110111011011011111010101100000100
100000001111100011110011011011111100000010000101010101011011011110111011011011111010101100000100
001010111110010010011111110000001011000010000101010101011011011110111011011011111010101100000100
110100000101101100010101101101101110000010000101010101011011011110111011011011111010101100000100
000011111111110100001001100010110110000010000101010101011011011110111011011011111010101100000100
110010100011001010110011001101110111000010000101010101011011011110111011011011111010101100000100
001100001000011011001100010110100110000010000101010101011011011110111011011011111010101100000100
111011011011111010010010111111100001000010000101010101011011011110111011011011111010101100000100
011111100101001011100101100010111100000010000101010101011011011110111011011011111010101100000100
011101011000001110111000000000000111000010000101010101011011011110111011011011111010101100000100
000110100111001100101100101100110111000010000101010101011011011110111011011011111010101100000100
000100000011010010111001101111010000000010000101010101011011011110111011011011111010101100000100
111001010111110110111011100110010010000010000101010101011011011110111011011011111010101100000100
100111000111001110011101000000110100000010000101010101011011011110111011011011111010101100000100
001110110101011101000011011100101111000010000101010101011011011110111011011011111010101100000100
000010011110011001001110011111100001000010000101010101011011011110111011011011111010101100000100
010101100100111110111011111110111100000010000101010101011011011110111011011011111010101100000100
011010100110001100011001101000011110000010000101010101011011011110111011011011111010101100000100
101111110001001100000010001010011001000010000101010101011011011110111011011011111010101100000100
010111110110010111111100111101000111000010000101010101011011011110111011011011111010101100000100
100111100101110011010010101100001100000010000101010101011011011110111011011011111010101100000100
