100111101010001011010100110101100000000000000000000000000000000000000000000001000100010110111100
100111101010001011010100110101100000000000000000000000000000000000000000000000111011010110101111
100111101010001011010100110101100000000000000000000000000000000000000000000000000111100000011101
100111101010001011010100110101100000000000000000000000000000000000000000000000111011111101001101
100111101010001011010100110101100000000000000000000000000000000000000000000000000001100011100010
100111101010001011010100110101100000000000000000000000000000000000000000000000111000001001010001
100111101010001011010100110101100000000000000000000000000000000000000000000001000100111111110111
100111101010001011010100110101100000000000000000000000000000000000000000000000001110111110110001
100111101010001011010100110101100000000000000000000000000000000000000000000000011110110010110111
100111101010001011010100110101100000000000000000000000000000000000000000000001000010001010000011
100111101010001011010100110101100000000000000000000000000000000000000000000000011011101000111101
100111101010001011010100110101100000000000000000000000000000000000000000000000100110011101001010
100111101010001011010100110101100000000000000000000000000000000000000000000000110000101101101100
100111101010001011010100110101100000000000000000000000000000000000000000000000010010011000001001
100111101010001011010100110101100000000000000000000000000000000000000000000000000010111011110111
100111101010001011010100110101100000000000000000000000000000000000000000000000001010101000111010
100111101010001011010100110101100000000000000000000000000000000000000000000000101000100001001111
100111101010001011010100110101100000000000000000000000000000000000000000000000011101101110111111
100111101010001011010100110101100000000000000000000000000000000000000000000000100011100010010010
100111101010001011010100110101100000000000000000000000000000000000000000000000100010011000001000
100111101010001011010100110101100000000000000000000000000000000000000000000000100010011011011100
100111101010001011010100110101100000000000000000000000000000000000000000000000110011001111101010
100111101010001011010100110101100000000000000000000000000000000000000000000001000110010111011101
100111101010001011010100110101100000000000000000000000000000000000000000000000010011101100000011
100111101010001011010100110101100000000000000000000000000000000000000000000001001000110011101010
100111101010001011010100110101100000000000000000000000000000000000000000000000000100000100000000
100111101010001011010100110101100000000000000000000000000000000000000000000000000000000011000010
100111101010001011010100110101100000000000000000000000000000000000000000000000011111010110111100
100111101010001011010100110101100000000000000000000000000000000000000000000000110001011010101110
100111101010001011010100110101100000000000000000000000000000000000000000000000110101101100010111
100111101010001011010100110101100000000000000000000000000000000000000000000000011000011000101100
100111101010001011010100110101100000000000000000000000000000000000000000000000000100010111111101
100111101010001011010100110101100000000000000000000000000000000000000000000000100100111001111100
100111101010001011010100110101100000000000000000000000000000000000000000000000111100110001100001
100111101010001011010100110101100000000000000000000000000000000000000000000000110011100100000011
100111101010001011010100110101100000000000000000000000000000000000000000000000011000001001101000
100111101010001011010100110101100000000000000000000000000000000000000000000000001000100000101110
100111101010001011010100110101100000000000000000000000000000000000000000000001000110001000000111
100111101010001011010100110101100000000000000000000000000000000000000000000000011010111111110001
100111101010001011010100110101100000000000000000000000000000000000000000000000001111110011111011
100111101010001011010100110101100000000000000000000000000000000000000000000000111111011111111100
100111101010001011010100110101100000000000000000000000000000000000000000000000101010001001001011
100111101010001011010100110101100000000000000000000000000000000000000000000000111101010011111101
100111101010001011010100110101100000000000000000000000000000000000000000000001001000010001101000
100111101010001011010100110101100000000000000000000000000000000000000000000000010110100001111010
100111101010001011010100110101100000000000000000000000000000000000000000000000010100001010010111
100111101010001011010100110101100000000000000000000000000000000000000000000000010010100110110000
100111101010001011010100110101100000000000000000000000000000000000000000000000111100011001001111
100111101010001011010100110101100000000000000000000000000000000000000000000000101111111100011101
100111101010001011010100110101100000000000000000000000000000000000000000000000110000110101100010
100111101010001011010100110101100000000000000000000000000000000000000000000000110001011001011101
100111101010001011010100110101100000000000000000000000000000000000000000000000001001101001101010
100111101010001011010100110101100000000000000000000000000000000000000000000000101001001010001000
100111101010001011010100110101100000000000000000000000000000000000000000000000101000010001101011
100111101010001011010100110101100000000000000000000000000000000000000000000000111011101000111001
100111101010001011010100110101100000000000000000000000000000000000000000000000000110110001110011
100111101010001011010100110101100000000000000000000000000000000000000000000000011101111101110010
100111101010001011010100110101100000000000000000000000000000000000000000000000100010111110101010
100111101010001011010100110101100000000000000000000000000000000000000000000000001100011100011101
100111101010001011010100110101100000000000000000000000000000000000000000000001001000100111000010
100111101010001011010100110101100000000000000000000000000000000000000000000000010100010110100111
100111101010001011010100110101100000000000000000000000000000000000000000000000001001001010100010
100111101010001011010100110101100000000000000000000000000000000000000000000000101101111001110111
100111101010001011010100110101100000000000000000000000000000000000000000000000101010101001111101
100111101010001011010100110101100000000000000000000000000000000000000000000000000010111001100011
100111101010001011010100110101100000000000000000000000000000000000000000000000010110000110100010
100111101010001011010100110101100000000000000000000000000000000000000000000000010110111110101000
100111101010001011010100110101100000000000000000000000000000000000000000000000001001001100101010
100111101010001011010100110101100000000000000000000000000000000000000000000000111010110010111110
100111101010001011010100110101100000000000000000000000000000000000000000000000101110100111011011
100111101010001011010100110101100000000000000000000000000000000000000000000000000100111001100010
100111101010001011010100110101100000000000000000000000000000000000000000000000100011011101101010
100111101010001011010100110101100000000000000000000000000000000000000000000000010011100100000101
100111101010001011010100110101100000000000000000000000000000000000000000000000000010110010100010
100111101010001011010100110101100000000000000000000000000000000000000000000000101101001111100011
100111101010001011010100110101100000000000000000000000000000000000000000000000010000100010001011
100111101010001011010100110101100000000000000000000000000000000000000000000000010100001010101100
100111101010001011010100110101100000000000000000000000000000000000000000000000011010000000110000
100111101010001011010100110101100000000000000000000000000000000000000000000000101001111000000010
100111101010001011010100110101100000000000000000000000000000000000000000000000011110111001101100
100111101010001011010100110101100000000000000000000000000000000000000000000000000100110111101100
100111101010001011010100110101100000000000000000000000000000000000000000000000001000001000010000
100111101010001011010100110101100000000000000000000000000000000000000000000000001011110100110011
100111101010001011010100110101100000000000000000000000000000000000000000000000110011000001011001
100111101010001011010100110101100000000000000000000000000000000000000000000000110010010100001111
100111101010001011010100110101100000000000000000000000000000000000000000000000111000010101011001
100111101010001011010100110101100000000000000000000000000000000000000000000000111010100110010000
100111101010001011010100110101100000000000000000000000000000000000000000000000000111100001100101
100111101010001011010100110101100000000000000000000000000000000000000000000000111001011101001010
100111101010001011010100110101100000000000000000000000000000000000000000000000101011111011000100
100111101010001011010100110101100000000000000000000000000000000000000000000000101101000111110101
100111101010001011010100110101100000000000000000000000000000000000000000000000011000100001000010
100111101010001011010100110101100000000000000000000000000000000000000000000000011111001000101100
100111101010001011010100110101100000000000000000000000000000000000000000000000110110100011100110
100111101010001011010100110101100000000000000000000000000000000000000000000000101101101000101101
100111101010001011010100110101100000000000000000000000000000000000000000000000100100010111001101
100111101010001011010100110101100000000000000000000000000000000000000000000000011111011000110010
100111101010001011010100110101100000000000000000000000000000000000000000000000101010110010101111
100111101010001011010100110101100000000000000000000000000000000000000000000000100100111100001011
100111101010001011010100110101100000000000000000000000000000000000000000000000110101101001011100
100111101010001011010100110101100000000000000000000000000000000000000000000000101010100011101111
100111101010001011010100110101100000000000000000000000000000000000000000000001000110001101010000
100111101010001011010100110101100000000000000000000000000000000000000000000000101011000001001100
100111101010001011010100110101100000000000000000000000000000000000000000000001000101111010000101
100111101010001011010100110101100000000000000000000000000000000000000000000000000011100010101101
100111101010001011010100110101100000000000000000000000000000000000000000000000101011111000111011
100111101010001011010100110101100000000000000000000000000000000000000000000000101111110011011101
100111101010001011010100110101100000000000000000000000000000000000000000000000000111111010011000
100111101010001011010100110101100000000000000000000000000000000000000000000000100010001101011010
100111101010001011010100110101100000000000000000000000000000000000000000000000111110001111010101
100111101010001011010100110101100000000000000000000000000000000000000000000000000101011101001011
100111101010001011010100110101100000000000000000000000000000000000000000000000000100111111000111
100111101010001011010100110101100000000000000000000000000000000000000000000000110010000000111011
100111101010001011010100110101100000000000000000000000000000000000000000000000011101101011000111
100111101010001011010100110101100000000000000000000000000000000000000000000000000101100001000110
100111101010001011010100110101100000000000000000000000000000000000000000000001001000001010000010
100111101010001011010100110101100000000000000000000000000000000000000000000000101000010010111000
100111101010001011010100110101100000000000000000000000000000000000000000000000101001101100011100
100111101010001011010100110101100000000000000000000000000000000000000000000000000000101001111000
100111101010001011010100110101100000000000000000000000000000000000000000000000000110101001001101
100111101010001011010100110101100000000000000000000000000000000000000000000000110011101000100110
100111101010001011010100110101100000000000000000000000000000000000000000000000110100101110001101
100111101010001011010100110101100000000000000000000000000000000000000000000000011000111111001111
100111101010001011010100110101100000000000000000000000000000000000000000000000100101011100010101
100111101010001011010100110101100000000000000000000000000000000000000000000000010000011110101011
100111101010001011010100110101100000000000000000000000000000000000000000000000010011010011010101
100111101010001011010100110101100000000000000000000000000000000000000000000000000101001111100101
100111101010001011010100110101100000000000000000000000000000000000000000000000011111110111001110
100111101010001011010100110101100000000000000000000000000000000000000000000001000001010010101111
100111101010001011010100110101100000000000000000000000000000000000000000000000001111011011111111
100111101010001011010100110101100000000000000000000000000000000000000000000000010101011001111001
100111101010001011010100110101100000000000000000000000000000000000000000000000101001011011000010
100111101010001011010100110101100000000000000000000000000000000000000000000000000110000010010110
100111101010001011010100110101100000000000000000000000000000000000000000000000101010011010000100
100111101010001011010100110101100000000000000000000000000000000000000000000000011100010101111001
100111101010001011010100110101100000000000000000000000000000000000000000000000011110011111111111
100111101010001011010100110101100000000000000000000000000000000000000000000001000101100110111000
100111101010001011010100110101100000000000000000000000000000000000000000000000100111100011010110
100111101010001011010100110101100000000000000000000000000000000000000000000000010110111010000101
100111101010001011010100110101100000000000000000000000000000000000000000000000100000111011100001
100111101010001011010100110101100000000000000000000000000000000000000000000001001000000011110010
100111101010001011010100110101100000000000000000000000000000000000000000000001000100011110101011
100111101010001011010100110101100000000000000000000000000000000000000000000000111100011011101011
100111101010001011010100110101100000000000000000000000000000000000000000000000000010011101001100
100111101010001011010100110101100000000000000000000000000000000000000000000000101000001011010000
100111101010001011010100110101100000000000000000000000000000000000000000000000000011101100010111
100111101010001011010100110101100000000000000000000000000000000000000000000001001000001110111001
100111101010001011010100110101100000000000000000000000000000000000000000000000101110001110000001
100111101010001011010100110101100000000000000000000000000000000000000000000000101110110110010011
100111101010001011010100110101100000000000000000000000000000000000000000000000000110100010010000
100111101010001011010100110101100000000000000000000000000000000000000000000000111100010100001000
100111101010001011010100110101100000000000000000000000000000000000000000000000100000110100010011
100111101010001011010100110101100000000000000000000000000000000000000000000000111110011001000100
100111101010001011010100110101100000000000000000000000000000000000000000000000001000101111001111
100111101010001011010100110101100000000000000000000000000000000000000000000001000100110001100100
100111101010001011010100110101100000000000000000000000000000000000000000000000011110001110100011
100111101010001011010100110101100000000000000000000000000000000000000000000000100001100001111110
100111101010001011010100110101100000000000000000000000000000000000000000000000010001000111100000
100111101010001011010100110101100000000000000000000000000000000000000000000000111011111011101011
100111101010001011010100110101100000000000000000000000000000000000000000000000110000110011111001
100111101010001011010100110101100000000000000000000000000000000000000000000000011110010111100101
100111101010001011010100110101100000000000000000000000000000000000000000000000000000001101110000
100111101010001011010100110101100000000000000000000000000000000000000000000000000101110011111000
100111101010001011010100110101100000000000000000000000000000000000000000000000001111010000001111
100111101010001011010100110101100000000000000000000000000000000000000000000001000001110001100101
100111101010001011010100110101100000000000000000000000000000000000000000000000110111100000111110
100111101010001011010100110101100000000000000000000000000000000000000000000000101111011100010010
100111101010001011010100110101100000000000000000000000000000000000000000000000010111010000110111
100111101010001011010100110101100000000000000000000000000000000000000000000000110000010100000100
100111101010001011010100110101100000000000000000000000000000000000000000000001000110011100111111
100111101010001011010100110101100000000000000000000000000000000000000000000001000000101010110011
100111101010001011010100110101100000000000000000000000000000000000000000000000100111001000101001
100111101010001011010100110101100000000000000000000000000000000000000000000000011001101111010000
100111101010001011010100110101100000000000000000000000000000000000000000000000011111011001100010
100111101010001011010100110101100000000000000000000000000000000000000000000000110001011100001100
100111101010001011010100110101100000000000000000000000000000000000000000000000111000010101001110
100111101010001011010100110101100000000000000000000000000000000000000000000001000100000100000000
100111101010001011010100110101100000000000000000000000000000000000000000000000000100101001100111
100111101010001011010100110101100000000000000000000000000000000000000000000001001000110100111011
100111101010001011010100110101100000000000000000000000000000000000000000000000001001001011000100
100111101010001011010100110101100000000000000000000000000000000000000000000000010011011110101100
100111101010001011010100110101100000000000000000000000000000000000000000000001000000111010000101
100111101010001011010100110101100000000000000000000000000000000000000000000001001000010101011001
100111101010001011010100110101100000000000000000000000000000000000000000000000000010100111101111
100111101010001011010100110101100000000000000000000000000000000000000000000000011111011001101001
100111101010001011010100110101100000000000000000000000000000000000000000000000100111011000011000
100111101010001011010100110101100000000000000000000000000000000000000000000000000000001111110100
100111101010001011010100110101100000000000000000000000000000000000000000000000100100111100010000
100111101010001011010100110101100000000000000000000000000000000000000000000000100101011001010001
100111101010001011010100110101100000000000000000000000000000000000000000000000101110100011101111
100111101010001011010100110101100000000000000000000000000000000000000000000000101011110000111111
100111101010001011010100110101100000000000000000000000000000000000000000000000100100011101101101
100111101010001011010100110101100000000000000000000000000000000000000000000000001110100010110000
100111101010001011010100110101100000000000000000000000000000000000000000000000010000111001110111
100111101010001011010100110101100000000000000000000000000000000000000000000000110110011100011110
100111101010001011010100110101100000000000000000000000000000000000000000000000101110100100101000
100111101010001011010100110101100000000000000000000000000000000000000000000000100111001011001000
100111101010001011010100110101100000000000000000000000000000000000000000000000001010011101101010
100111101010001011010100110101100000000000000000000000000000000000000000000000100010111011011100
100111101010001011010100110101100000000000000000000000000000000000000000000000001101100100010100
100111101010001011010100110101100000000000000000000000000000000000000000000000111010010100001010
100111101010001011010100110101100000000000000000000000000000000000000000000000010010111010011100
100111101010001011010100110101100000000000000000000000000000000000000000000000101110001010001000
100111101010001011010100110101100000000000000000000000000000000000000000000000010100100010111010
100111101010001011010100110101100000000000000000000000000000000000000000000000110100010110010001
100111101010001011010100110101100000000000000000000000000000000000000000000000101011000110010010
100111101010001011010100110101100000000000000000000000000000000000000000000000101001011010011100
100111101010001011010100110101100000000000000000000000000000000000000000000001001000100101100101
100111101010001011010100110101100000000000000000000000000000000000000000000000111000111010110001
100111101010001011010100110101100000000000000000000000000000000000000000000000101011100001010010
100111101010001011010100110101100000000000000000000000000000000000000000000000000111100001101110
100111101010001011010100110101100000000000000000000000000000000000000000000000111111010101010110
100111101010001011010100110101100000000000000000000000000000000000000000000001000101001011111010
100111101010001011010100110101100000000000000000000000000000000000000000000000001011000011110001
100111101010001011010100110101100000000000000000000000000000000000000000000000000111011010111001
100111101010001011010100110101100000000000000000000000000000000000000000000000110111001100100011
100111101010001011010100110101100000000000000000000000000000000000000000000000100101110001111110
100111101010001011010100110101100000000000000000000000000000000000000000000000110100110010001100
100111101010001011010100110101100000000000000000000000000000000000000000000000100000000110110100
100111101010001011010100110101100000000000000000000000000000000000000000000000000010011101000110
100111101010001011010100110101100000000000000000000000000000000000000000000001001000011110100011
100111101010001011010100110101100000000000000000000000000000000000000000000000110011011000000110
100111101010001011010100110101100000000000000000000000000000000000000000000001000100101011110100
100111101010001011010100110101100000000000000000000000000000000000000000000000001000010000111010
100111101010001011010100110101100000000000000000000000000000000000000000000000000111101101001010
100111101010001011010100110101100000000000000000000000000000000000000000000000110100100001000001
100111101010001011010100110101100000000000000000000000000000000000000000000000001000111010110000
100111101010001011010100110101100000000000000000000000000000000000000000000000100001110011000111
100111101010001011010100110101100000000000000000000000000000000000000000000000010011100001111011
100111101010001011010100110101100000000000000000000000000000000000000000000000001000110100110100
100111101010001011010100110101100000000000000000000000000000000000000000000000111100010010011111
100111101010001011010100110101100000000000000000000000000000000000000000000000000111010010010010
100111101010001011010100110101100000000000000000000000000000000000000000000000101001010010100001
100111101010001011010100110101100000000000000000000000000000000000000000000000101001100100001010
100111101010001011010100110101100000000000000000000000000000000000000000000000010110001101010000
100111101010001011010100110101100000000000000000000000000000000000000000000001000101101111100111
100111101010001011010100110101100000000000000000000000000000000000000000000000111000010111010110
100111101010001011010100110101100000000000000000000000000000000000000000000000010010111110001010
100111101010001011010100110101100000000000000000000000000000000000000000000000110110011011101000
100111101010001011010100110101100000000000000000000000000000000000000000000000010101000110100101
100111101010001011010100110101100000000000000000000000000000000000000000000000100100111011111010
100111101010001011010100110101100000000000000000000000000000000000000000000000110111100001010111
100111101010001011010100110101100000000000000000000000000000000000000000000000101010110000111100
100111101010001011010100110101100000000000000000000000000000000000000000000000001101001101100000
100111101010001011010100110101100000000000000000000000000000000000000000000000110001111100110010
100111101010001011010100110101100000000000000000000000000000000000000000000000100011111110111000
100111101010001011010100110101100000000000000000000000000000000000000000000000111011100001110001
100111101010001011010100110101100000000000000000000000000000000000000000000000100100111111001000
100111101010001011010100110101100000000000000000000000000000000000000000000000010001101101011100
100111101010001011010100110101100000000000000000000000000000000000000000000000011000110110111001
100111101010001011010100110101100000000000000000000000000000000000000000000000101111101001011111
100111101010001011010100110101100000000000000000000000000000000000000000000000110010000011011110
100111101010001011010100110101100000000000000000000000000000000000000000000000111110000110100001
100111101010001011010100110101100000000000000000000000000000000000000000000000100110100110001011
100111101010001011010100110101100000000000000000000000000000000000000000000000000100111110001011
100111101010001011010100110101100000000000000000000000000000000000000000000000011010110010001111
100111101010001011010100110101100000000000000000000000000000000000000000000000010001101110101011
100111101010001011010100110101100000000000000000000000000000000000000000000000111001001010101000
100111101010001011010100110101100000000000000000000000000000000000000000000000000001001000010111
100111101010001011010100110101100000000000000000000000000000000000000000000000000000001110110000
100111101010001011010100110101100000000000000000000000000000000000000000000000011010011111001101
100111101010001011010100110101100000000000000000000000000000000000000000000000011110110011000100
100111101010001011010100110101100000000000000000000000000000000000000000000000000000111110001101
100111101010001011010100110101100000000000000000000000000000000000000000000000011101011001001111
100111101010001011010100110101100000000000000000000000000000000000000000000000111100010101011011
100111101010001011010100110101100000000000000000000000000000000000000000000000000000111011000001
100111101010001011010100110101100000000000000000000000000000000000000000000000010100001101101100
100111101010001011010100110101100000000000000000000000000000000000000000000000101101000111100000
100111101010001011010100110101100000000000000000000000000000000000000000000000011100110000110111
100111101010001011010100110101100000000000000000000000000000000000000000000001000110100000101011
100111101010001011010100110101100000000000000000000000000000000000000000000000100000100110111000
100111101010001011010100110101100000000000000000000000000000000000000000000001000111001111110101
100111101010001011010100110101100000000000000000000000000000000000000000000000000001011100011000
100111101010001011010100110101100000000000000000000000000000000000000000000000101011101101100000
100111101010001011010100110101100000000000000000000000000000000000000000000000100000001100110100
100111101010001011010100110101100000000000000000000000000000000000000000000000000111110110001011
100111101010001011010100110101100000000000000000000000000000000000000000000000100011000000110000
100111101010001011010100110101100000000000000000000000000000000000000000000000101010100110101101
100111101010001011010100110101100000000000000000000000000000000000000000000000011111010000101001
100111101010001011010100110101100000000000000000000000000000000000000000000000110011111011011001
100111101010001011010100110101100000000000000000000000000000000000000000000000110011110000111101
100111101010001011010100110101100000000000000000000000000000000000000000000000010100110010011111
100111101010001011010100110101100000000000000000000000000000000000000000000000011011000111100011
100111101010001011010100110101100000000000000000000000000000000000000000000000101000111101011111
100111101010001011010100110101100000000000000000000000000000000000000000000000101011111111100011
100111101010001011010100110101100000000000000000000000000000000000000000000000110001001011010011
100111101010001011010100110101100000000000000000000000000000000000000000000000100100010100100101
100111101010001011010100110101100000000000000000000000000000000000000000000000000011101000110011
100111101010001011010100110101100000000000000000000000000000000000000000000000011101001010100000
100111101010001011010100110101100000000000000000000000000000000000000000000000001110000010110101
100111101010001011010100110101100000000000000000000000000000000000000000000000011101101000011101
100111101010001011010100110101100000000000000000000000000000000000000000000000111100001101010000
100111101010001011010100110101100000000000000000000000000000000000000000000000110110010001110000
100111101010001011010100110101100000000000000000000000000000000000000000000000110010111000110110
100111101010001011010100110101100000000000000000000000000000000000000000000000101101111101001001
100111101010001011010100110101100000000000000000000000000000000000000000000001001000000011111111
100111101010001011010100110101100000000000000000000000000000000000000000000000101100001000111100
100111101010001011010100110101100000000000000000000000000000000000000000000000110010101010110110
100111101010001011010100110101100000000000000000000000000000000000000000000000000000010101110100
100111101010001011010100110101100000000000000000000000000000000000000000000000010001100011010001
100111101010001011010100110101100000000000000000000000000000000000000000000000010010111000000011
100111101010001011010100110101100000000000000000000000000000000000000000000001000000010110100010
100111101010001011010100110101100000000000000000000000000000000000000000000000101111110101000011
100111101010001011010100110101100000000000000000000000000000000000000000000000100010100100001000
100111101010001011010100110101100000000000000000000000000000000000000000000000000011010000010110
100111101010001011010100110101100000000000000000000000000000000000000000000000000011001101010000
100111101010001011010100110101100000000000000000000000000000000000000000000000100111111101101101
100111101010001011010100110101100000000000000000000000000000000000000000000000101101110111111011
100111101010001011010100110101100000000000000000000000000000000000000000000000110010000000111010
100111101010001011010100110101100000000000000000000000000000000000000000000000101000101000001100
100111101010001011010100110101100000000000000000000000000000000000000000000001000011111100001101
100111101010001011010100110101100000000000000000000000000000000000000000000000110100011011101001
100111101010001011010100110101100000000000000000000000000000000000000000000000011001011100011000
100111101010001011010100110101100000000000000000000000000000000000000000000000110111011000110101
100111101010001011010100110101100000000000000000000000000000000000000000000000100000110101000010
100111101010001011010100110101100000000000000000000000000000000000000000000000111100010011111101
100111101010001011010100110101100000000000000000000000000000000000000000000000111011000011100010
100111101010001011010100110101100000000000000000000000000000000000000000000000010000101100101101
100111101010001011010100110101100000000000000000000000000000000000000000000000010100000001100011
100111101010001011010100110101100000000000000000000000000000000000000000000000000110110010000101
100111101010001011010100110101100000000000000000000000000000000000000000000000110101010110011101
100111101010001011010100110101100000000000000000000000000000000000000000000000001100011011100110
100111101010001011010100110101100000000000000000000000000000000000000000000001000110010000001111
100111101010001011010100110101100000000000000000000000000000000000000000000000110010111100001001
100111101010001011010100110101100000000000000000000000000000000000000000000001000101010101101111
100111101010001011010100110101100000000000000000000000000000000000000000000000000001110111101011
100111101010001011010100110101100000000000000000000000000000000000000000000000000010101100011000
100111101010001011010100110101100000000000000000000000000000000000000000000000011010011100111110
100111101010001011010100110101100000000000000000000000000000000000000000000000010001100000010000
100111101010001011010100110101100000000000000000000000000000000000000000000000101011101000100110
100111101010001011010100110101100000000000000000000000000000000000000000000000010101000101101110
100111101010001011010100110101100000000000000000000000000000000000000000000001001000101000110101
100111101010001011010100110101100000000000000000000000000000000000000000000000000111011111011110
100111101010001011010100110101100000000000000000000000000000000000000000000000111000011001001001
100111101010001011010100110101100000000000000000000000000000000000000000000000001101001110100000
100111101010001011010100110101100000000000000000000000000000000000000000000000011101100011010101
100111101010001011010100110101100000000000000000000000000000000000000000000000010101100111011011
100111101010001011010100110101100000000000000000000000000000000000000000000000111100000101000111
100111101010001011010100110101100000000000000000000000000000000000000000000000011010000010001011
100111101010001011010100110101100000000000000000000000000000000000000000000001000011011010100000
100111101010001011010100110101100000000000000000000000000000000000000000000000011000011001110011
100111101010001011010100110101100000000000000000000000000000000000000000000000110110110110000010
100111101010001011010100110101100000000000000000000000000000000000000000000000110000011010110010
100111101010001011010100110101100000000000000000000000000000000000000000000000001101110110000101
100111101010001011010100110101100000000000000000000000000000000000000000000000111010111000101110
100111101010001011010100110101100000000000000000000000000000000000000000000000100100010110110011
100111101010001011010100110101100000000000000000000000000000000000000000000000101010000101110101
100111101010001011010100110101100000000000000000000000000000000000000000000000100100110101101010
100111101010001011010100110101100000000000000000000000000000000000000000000000111010010010101001
100111101010001011010100110101100000000000000000000000000000000000000000000000101011100100100111
100111101010001011010100110101100000000000000000000000000000000000000000000001000110011101111000
100111101010001011010100110101100000000000000000000000000000000000000000000000010000100110010110
100111101010001011010100110101100000000000000000000000000000000000000000000000110000001101010011
100111101010001011010100110101100000000000000000000000000000000000000000000001000010010100000100
100111101010001011010100110101100000000000000000000000000000000000000000000000110001001001001001
100111101010001011010100110101100000000000000000000000000000000000000000000000011011100001101011
100111101010001011010100110101100000000000000000000000000000000000000000000000010011101001001110
100111101010001011010100110101100000000000000000000000000000000000000000000000100001111001000001
100111101010001011010100110101100000000000000000000000000000000000000000000000111101101001100001
100111101010001011010100110101100000000000000000000000000000000000000000000000010010010111000010
100111101010001011010100110101100000000000000000000000000000000000000000000001000110011100011011
100111101010001011010100110101100000000000000000000000000000000000000000000001000001111001001010
100111101010001011010100110101100000000000000000000000000000000000000000000000001000111000010111
100111101010001011010100110101100000000000000000000000000000000000000000000000011101001111101100
100111101010001011010100110101100000000000000000000000000000000000000000000001000110111011010111
100111101010001011010100110101100000000000000000000000000000000000000000000000111100001111101100
100111101010001011010100110101100000000000000000000000000000000000000000000000100111000010011010
100111101010001011010100110101100000000000000000000000000000000000000000000000110111011001100010
100111101010001011010100110101100000000000000000000000000000000000000000000000111110011011110110
100111101010001011010100110101100000000000000000000000000000000000000000000000001000100010101111
100111101010001011010100110101100000000000000000000000000000000000000000000000101110010111101010
100111101010001011010100110101100000000000000000000000000000000000000000000000010010011100100101
100111101010001011010100110101100000000000000000000000000000000000000000000000001000101100100011
100111101010001011010100110101100000000000000000000000000000000000000000000000010100110111111000
100111101010001011010100110101100000000000000000000000000000000000000000000000111111011011011101
100111101010001011010100110101100000000000000000000000000000000000000000000000100101110100101110
100111101010001011010100110101100000000000000000000000000000000000000000000000001111110101100000
100111101010001011010100110101100000000000000000000000000000000000000000000001000010010011000100
100111101010001011010100110101100000000000000000000000000000000000000000000000100101111100100010
100111101010001011010100110101100000000000000000000000000000000000000000000000011000000101011000
100111101010001011010100110101100000000000000000000000000000000000000000000000011111110010010111
100111101010001011010100110101100000000000000000000000000000000000000000000000100010010110111111
100111101010001011010100110101100000000000000000000000000000000000000000000000111101100101110001
100111101010001011010100110101100000000000000000000000000000000000000000000000100100001110100011
100111101010001011010100110101100000000000000000000000000000000000000000000001000100001010010101
100111101010001011010100110101100000000000000000000000000000000000000000000001000010000111001010
100111101010001011010100110101100000000000000000000000000000000000000000000000100101001111001010
100111101010001011010100110101100000000000000000000000000000000000000000000000010100101111110110
100111101010001011010100110101100000000000000000000000000000000000000000000001000110011111011100
100111101010001011010100110101100000000000000000000000000000000000000000000000100000001110011110
100111101010001011010100110101100000000000000000000000000000000000000000000000100001110111000100
100111101010001011010100110101100000000000000000000000000000000000000000000001000011010111110011
100111101010001011010100110101100000000000000000000000000000000000000000000001000010011100110000
100111101010001011010100110101100000000000000000000000000000000000000000000000100000011100111001
100111101010001011010100110101100000000000000000000000000000000000000000000000011001000000010110
100111101010001011010100110101100000000000000000000000000000000000000000000001000001110000011000
100111101010001011010100110101100000000000000000000000000000000000000000000000000010001101111110
100111101010001011010100110101100000000000000000000000000000000000000000000000111110100010000000
100111101010001011010100110101100000000000000000000000000000000000000000000000001000001001011010
100111101010001011010100110101100000000000000000000000000000000000000000000000011010011000010111
100111101010001011010100110101100000000000000000000000000000000000000000000000010000000110110101
100111101010001011010100110101100000000000000000000000000000000000000000000000000110111011110001
100111101010001011010100110101100000000000000000000000000000000000000000000000100000001001100011
100111101010001011010100110101100000000000000000000000000000000000000000000000001011101000000101
100111101010001011010100110101100000000000000000000000000000000000000000000001000111111011001000
100111101010001011010100110101100000000000000000000000000000000000000000000000100111100001100100
100111101010001011010100110101100000000000000000000000000000000000000000000000010011110000011001
100111101010001011010100110101100000000000000000000000000000000000000000000000010001000001010100
100111101010001011010100110101100000000000000000000000000000000000000000000000001010111010100011
100111101010001011010100110101100000000000000000000000000000000000000000000000101100101001100000
100111101010001011010100110101100000000000000000000000000000000000000000000000101010011100111010
100111101010001011010100110101100000000000000000000000000000000000000000000000000101000000000011
100111101010001011010100110101100000000000000000000000000000000000000000000000110011101100100111
100111101010001011010100110101100000000000000000000000000000000000000000000000110000110001011010
100111101010001011010100110101100000000000000000000000000000000000000000000000101111001100100010
100111101010001011010100110101100000000000000000000000000000000000000000000001000100111001101000
100111101010001011010100110101100000000000000000000000000000000000000000000000010100010000001101
100111101010001011010100110101100000000000000000000000000000000000000000000000011011011111001011
100111101010001011010100110101100000000000000000000000000000000000000000000000000010000001101101
100111101010001011010100110101100000000000000000000000000000000000000000000000100110101000110100
100111101010001011010100110101100000000000000000000000000000000000000000000001000000010100110011
100111101010001011010100110101100000000000000000000000000000000000000000000000101100001001010110
100111101010001011010100110101100000000000000000000000000000000000000000000000001110111111101011
100111101010001011010100110101100000000000000000000000000000000000000000000000110111000110001010
100111101010001011010100110101100000000000000000000000000000000000000000000000011000001111011110
100111101010001011010100110101100000000000000000000000000000000000000000000000011010011110100101
100111101010001011010100110101100000000000000000000000000000000000000000000000110001011000010100
100111101010001011010100110101100000000000000000000000000000000000000000000000110111100001000111
100111101010001011010100110101100000000000000000000000000000000000000000000000110101100000010100
100111101010001011010100110101100000000000000000000000000000000000000000000000011011110000000001
100111101010001011010100110101100000000000000000000000000000000000000000000000001001010111100010
100111101010001011010100110101100000000000000000000000000000000000000000000000000101001001010101
100111101010001011010100110101100000000000000000000000000000000000000000000001000101011010010011
100111101010001011010100110101100000000000000000000000000000000000000000000000011011010110100110
100111101010001011010100110101100000000000000000000000000000000000000000000000000101011110101001
100111101010001011010100110101100000000000000000000000000000000000000000000000111011101010101011
100111101010001011010100110101100000000000000000000000000000000000000000000000111010100110100011
100111101010001011010100110101100000000000000000000000000000000000000000000000110110011000010101
100111101010001011010100110101100000000000000000000000000000000000000000000000001100100110010000
100111101010001011010100110101100000000000000000000000000000000000000000000001001001000110010000
100111101010001011010100110101100000000000000000000000000000000000000000000000110111101111100100
100111101010001011010100110101100000000000000000000000000000000000000000000000010110001101001111
100111101010001011010100110101100000000000000000000000000000000000000000000000100111100000001000
100111101010001011010100110101100000000000000000000000000000000000000000000000100101100011011111
100111101010001011010100110101100000000000000000000000000000000000000000000000011100011110011110
100111101010001011010100110101100000000000000000000000000000000000000000000000010110010001110011
100111101010001011010100110101100000000000000000000000000000000000000000000000010010011011100100
100111101010001011010100110101100000000000000000000000000000000000000000000000001011000000111011
100111101010001011010100110101100000000000000000000000000000000000000000000000010011111110001111
100111101010001011010100110101100000000000000000000000000000000000000000000000000110010101101001
100111101010001011010100110101100000000000000000000000000000000000000000000001000000111111001010
100111101010001011010100110101100000000000000000000000000000000000000000000000000011101100111101
100111101010001011010100110101100000000000000000000000000000000000000000000001000110001010110100
100111101010001011010100110101100000000000000000000000000000000000000000000000001110001000001011
100111101010001011010100110101100000000000000000000000000000000000000000000000101101110010110110
100111101010001011010100110101100000000000000000000000000000000000000000000001000100101110000000
100111101010001011010100110101100000000000000000000000000000000000000000000000011111110011010100
100111101010001011010100110101100000000000000000000000000000000000000000000000100011110110111011
100111101010001011010100110101100000000000000000000000000000000000000000000000111111101110101011
100111101010001011010100110101100000000000000000000000000000000000000000000001000001101100011111
100111101010001011010100110101100000000000000000000000000000000000000000000000111100010010010101
100111101010001011010100110101100000000000000000000000000000000000000000000000111000111110000001
100111101010001011010100110101100000000000000000000000000000000000000000000000011001101101101111
100111101010001011010100110101100000000000000000000000000000000000000000000000100100011000100011
100111101010001011010100110101100000000000000000000000000000000000000000000000000001101110011101
100111101010001011010100110101100000000000000000000000000000000000000000000000001110101001000001
100111101010001011010100110101100000000000000000000000000000000000000000000000100101110001100000
100111101010001011010100110101100000000000000000000000000000000000000000000000001101000011110101
100111101010001011010100110101100000000000000000000000000000000000000000000000101111100101010001
100111101010001011010100110101100000000000000000000000000000000000000000000000001001011110110001
100111101010001011010100110101100000000000000000000000000000000000000000000000110101100000000110
100111101010001011010100110101100000000000000000000000000000000000000000000000010111110100010101
100111101010001011010100110101100000000000000000000000000000000000000000000000100111101000111000
100111101010001011010100110101100000000000000000000000000000000000000000000001000010010101010010
100111101010001011010100110101100000000000000000000000000000000000000000000000101001011001001101
100111101010001011010100110101100000000000000000000000000000000000000000000001000001110100100101
100111101010001011010100110101100000000000000000000000000000000000000000000000001001001101000110
100111101010001011010100110101100000000000000000000000000000000000000000000001000101110001100111
100111101010001011010100110101100000000000000000000000000000000000000000000000010011000001001010
100111101010001011010100110101100000000000000000000000000000000000000000000000110100100110111011
100111101010001011010100110101100000000000000000000000000000000000000000000000001011011000000100
100111101010001011010100110101100000000000000000000000000000000000000000000001000000101010011011
100111101010001011010100110101100000000000000000000000000000000000000000000000111111000101000000
100111101010001011010100110101100000000000000000000000000000000000000000000001000101010001110000
100111101010001011010100110101100000000000000000000000000000000000000000000001001001001000001100
100111101010001011010100110101100000000000000000000000000000000000000000000000111001001010001001
100111101010001011010100110101100000000000000000000000000000000000000000000000010011101010011101
100111101010001011010100110101100000000000000000000000000000000000000000000000010000111101000010
100111101010001011010100110101100000000000000000000000000000000000000000000001000000011011110101
100111101010001011010100110101100000000000000000000000000000000000000000000000110000001111110001
100111101010001011010100110101100000000000000000000000000000000000000000000000010000101110001000
100111101010001011010100110101100000000000000000000000000000000000000000000000001110101011101101
100111101010001011010100110101100000000000000000000000000000000000000000000000010101100101010101
100111101010001011010100110101100000000000000000000000000000000000000000000000011000100111010101
100111101010001011010100110101100000000000000000000000000000000000000000000000011011011100110110
100111101010001011010100110101100000000000000000000000000000000000000000000000010000010110110001
100111101010001011010100110101100000000000000000000000000000000000000000000000001111010011111001
100111101010001011010100110101100000000000000000000000000000000000000000000000011111011100100100
100111101010001011010100110101100000000000000000000000000000000000000000000000011010101100100001
100111101010001011010100110101100000000000000000000000000000000000000000000001000100111111100011
100111101010001011010100110101100000000000000000000000000000000000000000000000101100100011011111
100111101010001011010100110101100000000000000000000000000000000000000000000000111111001000011010
100111101010001011010100110101100000000000000000000000000000000000000000000000010011111010100010
100111101010001011010100110101100000000000000000000000000000000000000000000000010100000000011011
100111101010001011010100110101100000000000000000000000000000000000000000000001000001000100000101
100111101010001011010100110101100000000000000000000000000000000000000000000000110000010001101010
100111101010001011010100110101100000000000000000000000000000000000000000000000101100100110100000
100111101010001011010100110101100000000000000000000000000000000000000000000000010110100101111010
100111101010001011010100110101100000000000000000000000000000000000000000000000011000100001100001
100111101010001011010100110101100000000000000000000000000000000000000000000000101111100100111010
100111101010001011010100110101100000000000000000000000000000000000000000000000111001010001101110
100111101010001011010100110101100000000000000000000000000000000000000000000000010101100010011101
100111101010001011010100110101100000000000000000000000000000000000000000000000110010101011111001
100111101010001011010100110101100000000000000000000000000000000000000000000000101110001111100010
100111101010001011010100110101100000000000000000000000000000000000000000000000110111011001000111
100111101010001011010100110101100000000000000000000000000000000000000000000000111110111100010011
100111101010001011010100110101100000000000000000000000000000000000000000000000110010000010100111
100111101010001011010100110101100000000000000000000000000000000000000000000000011011101010011011
100111101010001011010100110101100000000000000000000000000000000000000000000000111000011000111110
100111101010001011010100110101100000000000000000000000000000000000000000000000110001100011000000
100111101010001011010100110101100000000000000000000000000000000000000000000000001010101111101101
100111101010001011010100110101100000000000000000000000000000000000000000000000101111011100001000
100111101010001011010100110101100000000000000000000000000000000000000000000001000000101110100110
100111101010001011010100110101100000000000000000000000000000000000000000000000110000011000111000
100111101010001011010100110101100000000000000000000000000000000000000000000001000101000101001000
100111101010001011010100110101100000000000000000000000000000000000000000000000000001101010110011
100111101010001011010100110101100000000000000000000000000000000000000000000000010010001000001111
100111101010001011010100110101100000000000000000000000000000000000000000000000000010101100100001
100111101010001011010100110101100000000000000000000000000000000000000000000000000100010100001100
100111101010001011010100110101100000000000000000000000000000000000000000000000111101001111101100
100111101010001011010100110101100000000000000000000000000000000000000000000000000100110001110010
100111101010001011010100110101100000000000000000000000000000000000000000000000001111000001000100
100111101010001011010100110101100000000000000000000000000000000000000000000000001010100110010000
100111101010001011010100110101100000000000000000000000000000000000000000000001000111011000101111
100111101010001011010100110101100000000000000000000000000000000000000000000000101110101110000000
100111101010001011010100110101100000000000000000000000000000000000000000000000011110111100110001
100111101010001011010100110101100000000000000000000000000000000000000000000000100010111111010011
100111101010001011010100110101100000000000000000000000000000000000000000000000000101010001001111
100111101010001011010100110101100000000000000000000000000000000000000000000000010111100010000111
100111101010001011010100110101100000000000000000000000000000000000000000000000110010010101110100
100111101010001011010100110101100000000000000000000000000000000000000000000000010011010101011100
100111101010001011010100110101100000000000000000000000000000000000000000000000011100111000001000
100111101010001011010100110101100000000000000000000000000000000000000000000000011010100100000011
100111101010001011010100110101100000000000000000000000000000000000000000000000011110011001011000
100111101010001011010100110101100000000000000000000000000000000000000000000000100000100010000101
100111101010001011010100110101100000000000000000000000000000000000000000000000100100101000111110
100111101010001011010100110101100000000000000000000000000000000000000000000000111111001001111000
100111101010001011010100110101100000000000000000000000000000000000000000000000010110110111110110
100111101010001011010100110101100000000000000000000000000000000000000000000001000111000000000100
100111101010001011010100110101100000000000000000000000000000000000000000000000000010011110101110
100111101010001011010100110101100000000000000000000000000000000000000000000000111010011111101110
100111101010001011010100110101100000000000000000000000000000000000000000000001000010101000011010
100111101010001011010100110101100000000000000000000000000000000000000000000000100100011110011010
100111101010001011010100110101100000000000000000000000000000000000000000000000010110000100110000
100111101010001011010100110101100000000000000000000000000000000000000000000001000010101111001011
100111101010001011010100110101100000000000000000000000000000000000000000000000110110011101010010
100111101010001011010100110101100000000000000000000000000000000000000000000000101001101100010000
100111101010001011010100110101100000000000000000000000000000000000000000000000001100100001010100
100111101010001011010100110101100000000000000000000000000000000000000000000000000000001101000001
100111101010001011010100110101100000000000000000000000000000000000000000000000101110010110110011
100111101010001011010100110101100000000000000000000000000000000000000000000000001110100000000010
100111101010001011010100110101100000000000000000000000000000000000000000000000000111011111101111
100111101010001011010100110101100000000000000000000000000000000000000000000000010111000001100100
100111101010001011010100110101100000000000000000000000000000000000000000000001000111001100000100
100111101010001011010100110101100000000000000000000000000000000000000000000000000001100010010101
100111101010001011010100110101100000000000000000000000000000000000000000000000001100110011111100
100111101010001011010100110101100000000000000000000000000000000000000000000000000010010011101000
100111101010001011010100110101100000000000000000000000000000000000000000000001000110110111100110
100111101010001011010100110101100000000000000000000000000000000000000000000000010000011111000001
100111101010001011010100110101100000000000000000000000000000000000000000000000011110100100001111
100111101010001011010100110101100000000000000000000000000000000000000000000000101110101101001011
100111101010001011010100110101100000000000000000000000000000000000000000000000000011001001101010
100111101010001011010100110101100000000000000000000000000000000000000000000000000101111010011110
100111101010001011010100110101100000000000000000000000000000000000000000000000101001010000010111
100111101010001011010100110101100000000000000000000000000000000000000000000000011111110000010110
100111101010001011010100110101100000000000000000000000000000000000000000000000101010100100101010
100111101010001011010100110101100000000000000000000000000000000000000000000001000011001000001001
100111101010001011010100110101100000000000000000000000000000000000000000000000110011011001010101
100111101010001011010100110101100000000000000000000000000000000000000000000000100111011010100011
100111101010001011010100110101100000000000000000000000000000000000000000000000001001010010110110
100111101010001011010100110101100000000000000000000000000000000000000000000000000001001000111011
100111101010001011010100110101100000000000000000000000000000000000000000000000100010011011111110
100111101010001011010100110101100000000000000000000000000000000000000000000000001100100111100101
100111101010001011010100110101100000000000000000000000000000000000000000000001000000110111111100
100111101010001011010100110101100000000000000000000000000000000000000000000000100001011111000000
100111101010001011010100110101100000000000000000000000000000000000000000000001000011000010101100
100111101010001011010100110101100000000000000000000000000000000000000000000000101010001111010110
100111101010001011010100110101100000000000000000000000000000000000000000000000011010111110011000
100111101010001011010100110101100000000000000000000000000000000000000000000000011011011010000001
100111101010001011010100110101100000000000000000000000000000000000000000000000100110010110100100
100111101010001011010100110101100000000000000000000000000000000000000000000000010111001110111111
100111101010001011010100110101100000000000000000000000000000000000000000000000011110101000101011
100111101010001011010100110101100000000000000000000000000000000000000000000000011001010101010001
100111101010001011010100110101100000000000000000000000000000000000000000000000011111110001011011
100111101010001011010100110101100000000000000000000000000000000000000000000000101101101110111110
100111101010001011010100110101100000000000000000000000000000000000000000000000001100101100011010
100111101010001011010100110101100000000000000000000000000000000000000000000000110001011001100100
100111101010001011010100110101100000000000000000000000000000000000000000000000100011010001011001
100111101010001011010100110101100000000000000000000000000000000000000000000000110110111101100100
100111101010001011010100110101100000000000000000000000000000000000000000000000011001110001110101
100111101010001011010100110101100000000000000000000000000000000000000000000000101110000010110111
100111101010001011010100110101100000000000000000000000000000000000000000000000010000000010111001
100111101010001011010100110101100000000000000000000000000000000000000000000000100111000111110100
100111101010001011010100110101100000000000000000000000000000000000000000000000101100110011111001
100111101010001011010100110101100000000000000000000000000000000000000000000000001100110111001000
100111101010001011010100110101100000000000000000000000000000000000000000000000110111011001111001
100111101010001011010100110101100000000000000000000000000000000000000000000000010000000100101001
100111101010001011010100110101100000000000000000000000000000000000000000000000010011111001111111
100111101010001011010100110101100000000000000000000000000000000000000000000000010011001010110001
100111101010001011010100110101100000000000000000000000000000000000000000000000110101101001110110
100111101010001011010100110101100000000000000000000000000000000000000000000000010001010001001101
100111101010001011010100110101100000000000000000000000000000000000000000000001001001000010011111
100111101010001011010100110101100000000000000000000000000000000000000000000000010100010111000011
100111101010001011010100110101100000000000000000000000000000000000000000000000100110000100001000
100111101010001011010100110101100000000000000000000000000000000000000000000000111000101000100001
100111101010001011010100110101100000000000000000000000000000000000000000000000010000111100000110
100111101010001011010100110101100000000000000000000000000000000000000000000000000101011010010010
100111101010001011010100110101100000000000000000000000000000000000000000000001000011010000110000
100111101010001011010100110101100000000000000000000000000000000000000000000000101100011111001100
100111101010001011010100110101100000000000000000000000000000000000000000000000001110011100011011
100111101010001011010100110101100000000000000000000000000000000000000000000000111101001101110110
100111101010001011010100110101100000000000000000000000000000000000000000000000000001011010010101
100111101010001011010100110101100000000000000000000000000000000000000000000000011000000100101101
100111101010001011010100110101100000000000000000000000000000000000000000000000111011101010111010
100111101010001011010100110101100000000000000000000000000000000000000000000000110110010111110011
100111101010001011010100110101100000000000000000000000000000000000000000000000100010100101101001
100111101010001011010100110101100000000000000000000000000000000000000000000000100101111001101001
100111101010001011010100110101100000000000000000000000000000000000000000000000001111100011010001
100111101010001011010100110101100000000000000000000000000000000000000000000000001010010000111011
100111101010001011010100110101100000000000000000000000000000000000000000000000001101001110110001
100111101010001011010100110101100000000000000000000000000000000000000000000000011100111000101101
100111101010001011010100110101100000000000000000000000000000000000000000000001000010001000000001
100111101010001011010100110101100000000000000000000000000000000000000000000000011110001110110000
100111101010001011010100110101100000000000000000000000000000000000000000000000010100001101100110
100111101010001011010100110101100000000000000000000000000000000000000000000000010111001110110110
100111101010001011010100110101100000000000000000000000000000000000000000000000001101100001010111
100111101010001011010100110101100000000000000000000000000000000000000000000000111110001101111100
100111101010001011010100110101100000000000000000000000000000000000000000000000000100010010000110
100111101010001011010100110101100000000000000000000000000000000000000000000000010111111000100011
100111101010001011010100110101100000000000000000000000000000000000000000000000001011001010111111
100111101010001011010100110101100000000000000000000000000000000000000000000000111001110011100010
100111101010001011010100110101100000000000000000000000000000000000000000000000110110100100000000
100111101010001011010100110101100000000000000000000000000000000000000000000000101101101000001101
100111101010001011010100110101100000000000000000000000000000000000000000000001000001100101010001
100111101010001011010100110101100000000000000000000000000000000000000000000000110101000001000101
100111101010001011010100110101100000000000000000000000000000000000000000000001001000111111111101
100111101010001011010100110101100000000000000000000000000000000000000000000000110111110000000110
100111101010001011010100110101100000000000000000000000000000000000000000000000001101011010000000
100111101010001011010100110101100000000000000000000000000000000000000000000000011111010010000100
100111101010001011010100110101100000000000000000000000000000000000000000000000011010011101000001
100111101010001011010100110101100000000000000000000000000000000000000000000000111110011010101101
100111101010001011010100110101100000000000000000000000000000000000000000000001000100011110000011
100111101010001011010100110101100000000000000000000000000000000000000000000000101110000011001000
100111101010001011010100110101100000000000000000000000000000000000000000000000100101111111110101
100111101010001011010100110101100000000000000000000000000000000000000000000000100010000111000000
100111101010001011010100110101100000000000000000000000000000000000000000000000000011101011111000
100111101010001011010100110101100000000000000000000000000000000000000000000000001100000011110011
100111101010001011010100110101100000000000000000000000000000000000000000000000001111001101111010
100111101010001011010100110101100000000000000000000000000000000000000000000000001110101011110011
100111101010001011010100110101100000000000000000000000000000000000000000000000101100001110110101
100111101010001011010100110101100000000000000000000000000000000000000000000000110100100100011101
100111101010001011010100110101100000000000000000000000000000000000000000000000110111001110101000
100111101010001011010100110101100000000000000000000000000000000000000000000000001011101100000111
100111101010001011010100110101100000000000000000000000000000000000000000000000111011100000101000
100111101010001011010100110101100000000000000000000000000000000000000000000000101001011100100000
100111101010001011010100110101100000000000000000000000000000000000000000000000000000110110100111
100111101010001011010100110101100000000000000000000000000000000000000000000000010100100111000101
100111101010001011010100110101100000000000000000000000000000000000000000000000001110111110110010
100111101010001011010100110101100000000000000000000000000000000000000000000000011100111011000110
100111101010001011010100110101100000000000000000000000000000000000000000000000110111100101011011
100111101010001011010100110101100000000000000000000000000000000000000000000001000011000010101001
100111101010001011010100110101100000000000000000000000000000000000000000000000101001110101000000
100111101010001011010100110101100000000000000000000000000000000000000000000000111111100101101010
100111101010001011010100110101100000000000000000000000000000000000000000000000101010111000110100
100111101010001011010100110101100000000000000000000000000000000000000000000000001010001101111010
100111101010001011010100110101100000000000000000000000000000000000000000000000110100001110010000
100111101010001011010100110101100000000000000000000000000000000000000000000000110000001100011111
100111101010001011010100110101100000000000000000000000000000000000000000000000101101101111111110
100111101010001011010100110101100000000000000000000000000000000000000000000000100010110001111011
100111101010001011010100110101100000000000000000000000000000000000000000000000100110110110100000
100111101010001011010100110101100000000000000000000000000000000000000000000000101111001100000111
100111101010001011010100110101100000000000000000000000000000000000000000000001000000100100110110
100111101010001011010100110101100000000000000000000000000000000000000000000001000010100001100010
100111101010001011010100110101100000000000000000000000000000000000000000000000011100010010110111
100111101010001011010100110101100000000000000000000000000000000000000000000000100111000101000101
100111101010001011010100110101100000000000000000000000000000000000000000000001000101111100100011
100111101010001011010100110101100000000000000000000000000000000000000000000000110011010000111001
100111101010001011010100110101100000000000000000000000000000000000000000000000101011011000000010
100111101010001011010100110101100000000000000000000000000000000000000000000000011110111101001101
100111101010001011010100110101100000000000000000000000000000000000000000000000011100110000101100
100111101010001011010100110101100000000000000000000000000000000000000000000000100101111011110001
100111101010001011010100110101100000000000000000000000000000000000000000000000010000011100100101
100111101010001011010100110101100000000000000000000000000000000000000000000000101111001001110111
100111101010001011010100110101100000000000000000000000000000000000000000000001000110100111100111
100111101010001011010100110101100000000000000000000000000000000000000000000000011011101101010111
100111101010001011010100110101100000000000000000000000000000000000000000000000001100111001001001
100111101010001011010100110101100000000000000000000000000000000000000000000000011011010000001101
100111101010001011010100110101100000000000000000000000000000000000000000000000110110101010111001
100111101010001011010100110101100000000000000000000000000000000000000000000000100001010010100111
100111101010001011010100110101100000000000000000000000000000000000000000000000011001011000111011
100111101010001011010100110101100000000000000000000000000000000000000000000000100101000111100010
100111101010001011010100110101100000000000000000000000000000000000000000000000110100010101110100
100111101010001011010100110101100000000000000000000000000000000000000000000000111011011000101011
100111101010001011010100110101100000000000000000000000000000000000000000000000001001100110010111
100111101010001011010100110101100000000000000000000000000000000000000000000000010110100100110001
100111101010001011010100110101100000000000000000000000000000000000000000000000010000100000110100
100111101010001011010100110101100000000000000000000000000000000000000000000000100100111101111011
100111101010001011010100110101100000000000000000000000000000000000000000000000000011011100000101
100111101010001011010100110101100000000000000000000000000000000000000000000000101110000010111011
100111101010001011010100110101100000000000000000000000000000000000000000000000001100000001000010
100111101010001011010100110101100000000000000000000000000000000000000000000000100001110000000101
100111101010001011010100110101100000000000000000000000000000000000000000000000111101001000000000
100111101010001011010100110101100000000000000000000000000000000000000000000000100001001100001010
100111101010001011010100110101100000000000000000000000000000000000000000000000001111000001011011
100111101010001011010100110101100000000000000000000000000000000000000000000000111111000011001110
100111101010001011010100110101100000000000000000000000000000000000000000000001000101110011111011
100111101010001011010100110101100000000000000000000000000000000000000000000000000001100001001000
100111101010001011010100110101100000000000000000000000000000000000000000000000000010111110011010
100111101010001011010100110101100000000000000000000000000000000000000000000000000111111001011101
100111101010001011010100110101100000000000000000000000000000000000000000000000010100110001110101
100111101010001011010100110101100000000000000000000000000000000000000000000001000110010100101110
100111101010001011010100110101100000000000000000000000000000000000000000000000110100110110000111
100111101010001011010100110101100000000000000000000000000000000000000000000000111101011011111110
100111101010001011010100110101100000000000000000000000000000000000000000000000110101010000000010
100111101010001011010100110101100000000000000000000000000000000000000000000000010000001010010001
100111101010001011010100110101100000000000000000000000000000000000000000000000110010110111101110
100111101010001011010100110101100000000000000000000000000000000000000000000000101100010011111101
100111101010001011010100110101100000000000000000000000000000000000000000000000011000001000111001
100111101010001011010100110101100000000000000000000000000000000000000000000000001011100111110111
100111101010001011010100110101100000000000000000000000000000000000000000000000101010011101001100
100111101010001011010100110101100000000000000000000000000000000000000000000000011110001101001101
100111101010001011010100110101100000000000000000000000000000000000000000000000001000010001010001
100111101010001011010100110101100000000000000000000000000000000000000000000000010011001000000000
100111101010001011010100110101100000000000000000000000000000000000000000000000000111010010011010
100111101010001011010100110101100000000000000000000000000000000000000000000000011001111000010111
100111101010001011010100110101100000000000000000000000000000000000000000000000111101000001000101
100111101010001011010100110101100000000000000000000000000000000000000000000000101101011101011100
100111101010001011010100110101100000000000000000000000000000000000000000000000010111001100100010
100111101010001011010100110101100000000000000000000000000000000000000000000000110010011110111000
100111101010001011010100110101100000000000000000000000000000000000000000000000001111110011011111
100111101010001011010100110101100000000000000000000000000000000000000000000001000000111100000010
100111101010001011010100110101100000000000000000000000000000000000000000000000010110000010010100
100111101010001011010100110101100000000000000000000000000000000000000000000000000110011010110110
100111101010001011010100110101100000000000000000000000000000000000000000000000011110111011110001
100111101010001011010100110101100000000000000000000000000000000000000000000000010000000100001001
100111101010001011010100110101100000000000000000000000000000000000000000000000011000000110111000
100111101010001011010100110101100000000000000000000000000000000000000000000000111010101101000101
100111101010001011010100110101100000000000000000000000000000000000000000000000001111111100101101
100111101010001011010100110101100000000000000000000000000000000000000000000000111110010100111100
100111101010001011010100110101100000000000000000000000000000000000000000000000011001010111001001
100111101010001011010100110101100000000000000000000000000000000000000000000000111010011011101010
100111101010001011010100110101100000000000000000000000000000000000000000000000110010111110101001
100111101010001011010100110101100000000000000000000000000000000000000000000000100010101111010011
100111101010001011010100110101100000000000000000000000000000000000000000000000111110100110110111
100111101010001011010100110101100000000000000000000000000000000000000000000000100001000000000000
100111101010001011010100110101100000000000000000000000000000000000000000000000011101111100110110
100111101010001011010100110101100000000000000000000000000000000000000000000000011010111111111000
100111101010001011010100110101100000000000000000000000000000000000000000000000111110000000011000
100111101010001011010100110101100000000000000000000000000000000000000000000000101100010111101011
100111101010001011010100110101100000000000000000000000000000000000000000000000110011010001010011
100111101010001011010100110101100000000000000000000000000000000000000000000000110010101010101101
100111101010001011010100110101100000000000000000000000000000000000000000000000100001010000011101
100111101010001011010100110101100000000000000000000000000000000000000000000000111001010101010111
100111101010001011010100110101100000000000000000000000000000000000000000000000111011101000000100
100111101010001011010100110101100000000000000000000000000000000000000000000000110000101101001110
100111101010001011010100110101100000000000000000000000000000000000000000000000011000000001010111
100111101010001011010100110101100000000000000000000000000000000000000000000001000101110110001111
100111101010001011010100110101100000000000000000000000000000000000000000000000111001001110000010
100111101010001011010100110101100000000000000000000000000000000000000000000000100100001111100000
100111101010001011010100110101100000000000000000000000000000000000000000000000000101000100000011
100111101010001011010100110101100000000000000000000000000000000000000000000000001001101100011101
100111101010001011010100110101100000000000000000000000000000000000000000000000000011111101011110
100111101010001011010100110101100000000000000000000000000000000000000000000001000000110111010001
100111101010001011010100110101100000000000000000000000000000000000000000000000010101111111011000
100111101010001011010100110101100000000000000000000000000000000000000000000000000011001000110111
100111101010001011010100110101100000000000000000000000000000000000000000000000110001100111001111
100111101010001011010100110101100000000000000000000000000000000000000000000000001110000000100101
100111101010001011010100110101100000000000000000000000000000000000000000000000100010001101110111
100111101010001011010100110101100000000000000000000000000000000000000000000000101000111010001100
100111101010001011010100110101100000000000000000000000000000000000000000000000101011011110111011
100111101010001011010100110101100000000000000000000000000000000000000000000000100101111110110110
100111101010001011010100110101100000000000000000000000000000000000000000000000000110101111010111
100111101010001011010100110101100000000000000000000000000000000000000000000000000011000011011101
100111101010001011010100110101100000000000000000000000000000000000000000000001000001010100111110
100111101010001011010100110101100000000000000000000000000000000000000000000000111001101110001111
100111101010001011010100110101100000000000000000000000000000000000000000000000111111010111001010
100111101010001011010100110101100000000000000000000000000000000000000000000001001000110010000010
100111101010001011010100110101100000000000000000000000000000000000000000000000011101001110001011
100111101010001011010100110101100000000000000000000000000000000000000000000000110001100001001011
100111101010001011010100110101100000000000000000000000000000000000000000000000000111111010001011
100111101010001011010100110101100000000000000000000000000000000000000000000000110101010001110101
100111101010001011010100110101100000000000000000000000000000000000000000000000101110110110101111
100111101010001011010100110101100000000000000000000000000000000000000000000001000000010000001101
100111101010001011010100110101100000000000000000000000000000000000000000000000010101011110001000
100111101010001011010100110101100000000000000000000000000000000000000000000000100000011111011001
100111101010001011010100110101100000000000000000000000000000000000000000000001000001011110111010
100111101010001011010100110101100000000000000000000000000000000000000000000000100000111110011001
100111101010001011010100110101100000000000000000000000000000000000000000000000101011110110100110
100111101010001011010100110101100000000000000000000000000000000000000000000001000011100101010001
100111101010001011010100110101100000000000000000000000000000000000000000000000101101011010000011
100111101010001011010100110101100000000000000000000000000000000000000000000000110011011011000010
100111101010001011010100110101100000000000000000000000000000000000000000000000000000011001010110
100111101010001011010100110101100000000000000000000000000000000000000000000000010110011010111111
100111101010001011010100110101100000000000000000000000000000000000000000000000110100001011111100
100111101010001011010100110101100000000000000000000000000000000000000000000000101001110110110000
100111101010001011010100110101100000000000000000000000000000000000000000000000111100111101011001
100111101010001011010100110101100000000000000000000000000000000000000000000000100011101010010111
100111101010001011010100110101100000000000000000000000000000000000000000000000010010010010000111
100111101010001011010100110101100000000000000000000000000000000000000000000000100000000101110101
100111101010001011010100110101100000000000000000000000000000000000000000000000011011100010101101
100111101010001011010100110101100000000000000000000000000000000000000000000000010010010110100001
100111101010001011010100110101100000000000000000000000000000000000000000000001000110011111000110
100111101010001011010100110101100000000000000000000000000000000000000000000000111001000010000011
100111101010001011010100110101100000000000000000000000000000000000000000000000111011000010010111
100111101010001011010100110101100000000000000000000000000000000000000000000000000001010110110111
100111101010001011010100110101100000000000000000000000000000000000000000000000010001111110000000
100111101010001011010100110101100000000000000000000000000000000000000000000001000101011000100111
100111101010001011010100110101100000000000000000000000000000000000000000000000000000110100011000
100111101010001011010100110101100000000000000000000000000000000000000000000000000001111011011010
100111101010001011010100110101100000000000000000000000000000000000000000000001000001100010010101
100111101010001011010100110101100000000000000000000000000000000000000000000000110111011001011011
100111101010001011010100110101100000000000000000000000000000000000000000000000111100111100101101
100111101010001011010100110101100000000000000000000000000000000000000000000000111100110000110100
100111101010001011010100110101100000000000000000000000000000000000000000000000000100000111100101
100111101010001011010100110101100000000000000000000000000000000000000000000000111100110011010001
100111101010001011010100110101100000000000000000000000000000000000000000000001000110000100010110
100111101010001011010100110101100000000000000000000000000000000000000000000001000101010111100110
100111101010001011010100110101100000000000000000000000000000000000000000000000010000110000111110
100111101010001011010100110101100000000000000000000000000000000000000000000000111000001111100000
100111101010001011010100110101100000000000000000000000000000000000000000000000011010010100011111
100111101010001011010100110101100000000000000000000000000000000000000000000000001000110100001000
100111101010001011010100110101100000000000000000000000000000000000000000000000101010001100001111
100111101010001011010100110101100000000000000000000000000000000000000000000000010010100011110101
100111101010001011010100110101100000000000000000000000000000000000000000000000100001100101001101
100111101010001011010100110101100000000000000000000000000000000000000000000000100111100110011001
100111101010001011010100110101100000000000000000000000000000000000000000000000010101011011101001
100111101010001011010100110101100000000000000000000000000000000000000000000000101110111011100111
100111101010001011010100110101100000000000000000000000000000000000000000000000001000100110010101
100111101010001011010100110101100000000000000000000000000000000000000000000000000010100011100010
100111101010001011010100110101100000000000000000000000000000000000000000000000111001001110111101
100111101010001011010100110101100000000000000000000000000000000000000000000000011100111101000101
100111101010001011010100110101100000000000000000000000000000000000000000000001000110011001101010
100111101010001011010100110101100000000000000000000000000000000000000000000000001000100111111111
100111101010001011010100110101100000000000000000000000000000000000000000000000100101011001000101
100111101010001011010100110101100000000000000000000000000000000000000000000000010110111101011110
100111101010001011010100110101100000000000000000000000000000000000000000000000001001110111010110
100111101010001011010100110101100000000000000000000000000000000000000000000000011010101011001001
100111101010001011010100110101100000000000000000000000000000000000000000000000011101000110011111
100111101010001011010100110101100000000000000000000000000000000000000000000000000001001010000110
100111101010001011010100110101100000000000000000000000000000000000000000000000001011101001101010
100111101010001011010100110101100000000000000000000000000000000000000000000000111001101010011110
100111101010001011010100110101100000000000000000000000000000000000000000000000001110110111100000
100111101010001011010100110101100000000000000000000000000000000000000000000000011100001101100110
100111101010001011010100110101100000000000000000000000000000000000000000000000001000101001110010
100111101010001011010100110101100000000000000000000000000000000000000000000000100010111001100111
100111101010001011010100110101100000000000000000000000000000000000000000000000010010110110101101
100111101010001011010100110101100000000000000000000000000000000000000000000000001101010111010100
100111101010001011010100110101100000000000000000000000000000000000000000000000010011101011100101
100111101010001011010100110101100000000000000000000000000000000000000000000000000011000110011111
100111101010001011010100110101100000000000000000000000000000000000000000000001000100010111001111
100111101010001011010100110101100000000000000000000000000000000000000000000000101000011001010000
100111101010001011010100110101100000000000000000000000000000000000000000000000110010011010110111
100111101010001011010100110101100000000000000000000000000000000000000000000000101111111101110010
100111101010001011010100110101100000000000000000000000000000000000000000000000100101111001000010
100111101010001011010100110101100000000000000000000000000000000000000000000000010110011110100111
100111101010001011010100110101100000000000000000000000000000000000000000000000001011110010011100
100111101010001011010100110101100000000000000000000000000000000000000000000000111000001111101100
100111101010001011010100110101100000000000000000000000000000000000000000000000000011111100101011
100111101010001011010100110101100000000000000000000000000000000000000000000000010110101000001000
100111101010001011010100110101100000000000000000000000000000000000000000000000001101010111111100
100111101010001011010100110101100000000000000000000000000000000000000000000000010000101001111001
100111101010001011010100110101100000000000000000000000000000000000000000000000011101100011010110
100111101010001011010100110101100000000000000000000000000000000000000000000000001110100011011000
100111101010001011010100110101100000000000000000000000000000000000000000000000001001100011100101
100111101010001011010100110101100000000000000000000000000000000000000000000000110111011101001010
100111101010001011010100110101100000000000000000000000000000000000000000000000101101001010111100
100111101010001011010100110101100000000000000000000000000000000000000000000000000101111011010101
100111101010001011010100110101100000000000000000000000000000000000000000000000111010000111101010
100111101010001011010100110101100000000000000000000000000000000000000000000000010000101100111010
100111101010001011010100110101100000000000000000000000000000000000000000000000010100000010000001
100111101010001011010100110101100000000000000000000000000000000000000000000000101111100000010001
100111101010001011010100110101100000000000000000000000000000000000000000000000011001001000101000
100111101010001011010100110101100000000000000000000000000000000000000000000000110110100101011111
100111101010001011010100110101100000000000000000000000000000000000000000000000010111010000101010
100111101010001011010100110101100000000000000000000000000000000000000000000000000100110110110001
100111101010001011010100110101100000000000000000000000000000000000000000000000000010001010011000
100111101010001011010100110101100000000000000000000000000000000000000000000000000110001010011010
100111101010001011010100110101100000000000000000000000000000000000000000000000000111011000101110
100111101010001011010100110101100000000000000000000000000000000000000000000000100101100000101100
100111101010001011010100110101100000000000000000000000000000000000000000000000000010100110001011
100111101010001011010100110101100000000000000000000000000000000000000000000000100101111001001011
100111101010001011010100110101100000000000000000000000000000000000000000000001001000000000010010
100111101010001011010100110101100000000000000000000000000000000000000000000000110001111011010001
100111101010001011010100110101100000000000000000000000000000000000000000000000011110100000011000
100111101010001011010100110101100000000000000000000000000000000000000000000000100000100010111000
100111101010001011010100110101100000000000000000000000000000000000000000000000011011110110001101
100111101010001011010100110101100000000000000000000000000000000000000000000000001000001010001001
100111101010001011010100110101100000000000000000000000000000000000000000000000011110010010010000
100111101010001011010100110101100000000000000000000000000000000000000000000000001011101101001110
100111101010001011010100110101100000000000000000000000000000000000000000000000101101110001100111
100111101010001011010100110101100000000000000000000000000000000000000000000000101000110000110011
100111101010001011010100110101100000000000000000000000000000000000000000000001000101010000011100
100111101010001011010100110101100000000000000000000000000000000000000000000000101101101010100011
100111101010001011010100110101100000000000000000000000000000000000000000000000101111010110110101
100111101010001011010100110101100000000000000000000000000000000000000000000000101111101111110101
100111101010001011010100110101100000000000000000000000000000000000000000000000100100001011001100
100111101010001011010100110101100000000000000000000000000000000000000000000000001101111100100110
100111101010001011010100110101100000000000000000000000000000000000000000000000011100111111110110
100111101010001011010100110101100000000000000000000000000000000000000000000000111101110101100111
100111101010001011010100110101100000000000000000000000000000000000000000000000111000110100010001
100111101010001011010100110101100000000000000000000000000000000000000000000000011010110010011111
100111101010001011010100110101100000000000000000000000000000000000000000000000101111111000111101
100111101010001011010100110101100000000000000000000000000000000000000000000001001001000111000000
100111101010001011010100110101100000000000000000000000000000000000000000000000001111111101000010
100111101010001011010100110101100000000000000000000000000000000000000000000000100010110010010001
100111101010001011010100110101100000000000000000000000000000000000000000000000101001101010000111
100111101010001011010100110101100000000000000000000000000000000000000000000000010100110100101001
100111101010001011010100110101100000000000000000000000000000000000000000000000011001110110001001
100111101010001011010100110101100000000000000000000000000000000000000000000000111100011101011000
100111101010001011010100110101100000000000000000000000000000000000000000000000101001110110001001
100111101010001011010100110101100000000000000000000000000000000000000000000000110110011111000110
100111101010001011010100110101100000000000000000000000000000000000000000000000000110110111110001
100111101010001011010100110101100000000000000000000000000000000000000000000000011110100011010001
100111101010001011010100110101100000000000000000000000000000000000000000000000010101011010101111
100111101010001011010100110101100000000000000000000000000000000000000000000000010011011001101111
100111101010001011010100110101100000000000000000000000000000000000000000000000100111101110001100
100111101010001011010100110101100000000000000000000000000000000000000000000000101111001110011010
100111101010001011010100110101100000000000000000000000000000000000000000000000010001010100101111
100111101010001011010100110101100000000000000000000000000000000000000000000001000111001111000011
100111101010001011010100110101100000000000000000000000000000000000000000000000001000011101000101
100111101010001011010100110101100000000000000000000000000000000000000000000000100001011010101011
100111101010001011010100110101100000000000000000000000000000000000000000000000101011110010110100
100111101010001011010100110101100000000000000000000000000000000000000000000000110111101011111101
100111101010001011010100110101100000000000000000000000000000000000000000000000001100110000011001
100111101010001011010100110101100000000000000000000000000000000000000000000000101011001000111101
100111101010001011010100110101100000000000000000000000000000000000000000000000000010101110111110
100111101010001011010100110101100000000000000000000000000000000000000000000000111010000100111011
100111101010001011010100110101100000000000000000000000000000000000000000000000000101000000010101
100111101010001011010100110101100000000000000000000000000000000000000000000001000110011010111001
100111101010001011010100110101100000000000000000000000000000000000000000000000110000010101110001
100111101010001011010100110101100000000000000000000000000000000000000000000000101000001101111011
100111101010001011010100110101100000000000000000000000000000000000000000000000011011111100111010
100111101010001011010100110101100000000000000000000000000000000000000000000000111101001000101100
100111101010001011010100110101100000000000000000000000000000000000000000000000111000100111110111
100111101010001011010100110101100000000000000000000000000000000000000000000000011100001111000000
100111101010001011010100110101100000000000000000000000000000000000000000000000010110010001010100
100111101010001011010100110101100000000000000000000000000000000000000000000000010110000010101111
100111101010001011010100110101100000000000000000000000000000000000000000000000001010001011000000
100111101010001011010100110101100000000000000000000000000000000000000000000000110100110111011111
100111101010001011010100110101100000000000000000000000000000000000000000000000111001100011111001
100111101010001011010100110101100000000000000000000000000000000000000000000000010010110101011110
100111101010001011010100110101100000000000000000000000000000000000000000000000110101110100011001
100111101010001011010100110101100000000000000000000000000000000000000000000000111111101111100110
100111101010001011010100110101100000000000000000000000000000000000000000000001000011001011000011
100111101010001011010100110101100000000000000000000000000000000000000000000000000110000101100011
100111101010001011010100110101100000000000000000000000000000000000000000000000000011001001100001
100111101010001011010100110101100000000000000000000000000000000000000000000000000111101001100011
100111101010001011010100110101100000000000000000000000000000000000000000000000011000001000110101
100111101010001011010100110101100000000000000000000000000000000000000000000000010100111111010011
100111101010001011010100110101100000000000000000000000000000000000000000000001000011010100010011
100111101010001011010100110101100000000000000000000000000000000000000000000000100111001111111001
100111101010001011010100110101100000000000000000000000000000000000000000000000001100100110111010
100111101010001011010100110101100000000000000000000000000000000000000000000000011010000110010000
100111101010001011010100110101100000000000000000000000000000000000000000000001000100011101111011
100111101010001011010100110101100000000000000000000000000000000000000000000000000011001011010010
100111101010001011010100110101100000000000000000000000000000000000000000000000110010111000000010
100111101010001011010100110101100000000000000000000000000000000000000000000000010101100110111001
100111101010001011010100110101100000000000000000000000000000000000000000000000100000110001010010
100111101010001011010100110101100000000000000000000000000000000000000000000000011011100010101011
100111101010001011010100110101100000000000000000000000000000000000000000000000101101101110100101
100111101010001011010100110101100000000000000000000000000000000000000000000000100010010100000001
100111101010001011010100110101100000000000000000000000000000000000000000000000101001001111010100
100111101010001011010100110101100000000000000000000000000000000000000000000000001010100101011110
100111101010001011010100110101100000000000000000000000000000000000000000000000011010000001100110
100111101010001011010100110101100000000000000000000000000000000000000000000000000000001010001001
100111101010001011010100110101100000000000000000000000000000000000000000000000100110111110100011
100111101010001011010100110101100000000000000000000000000000000000000000000000100110100001000111
100111101010001011010100110101100000000000000000000000000000000000000000000001000110001110011110
100111101010001011010100110101100000000000000000000000000000000000000000000000111011000011001011
100111101010001011010100110101100000000000000000000000000000000000000000000000110110000000100110
100111101010001011010100110101100000000000000000000000000000000000000000000000111110001110010111
100111101010001011010100110101100000000000000000000000000000000000000000000001000101111001001001
100111101010001011010100110101100000000000000000000000000000000000000000000000011001000011011001
100111101010001011010100110101100000000000000000000000000000000000000000000000111101001010010110
100111101010001011010100110101100000000000000000000000000000000000000000000000111011000100010011
100111101010001011010100110101100000000000000000000000000000000000000000000000111011001111111110
100111101010001011010100110101100000000000000000000000000000000000000000000000011000000011111000
100111101010001011010100110101100000000000000000000000000000000000000000000000111001011011100011
100111101010001011010100110101100000000000000000000000000000000000000000000000100001010111000101
100111101010001011010100110101100000000000000000000000000000000000000000000000010010011011100010
100111101010001011010100110101100000000000000000000000000000000000000000000000011100101100100011
100111101010001011010100110101100000000000000000000000000000000000000000000000111000110011010011
100111101010001011010100110101100000000000000000000000000000000000000000000000110100110010010110
100111101010001011010100110101100000000000000000000000000000000000000000000000111111011011001110
100111101010001011010100110101100000000000000000000000000000000000000000000001001000111001010110
100111101010001011010100110101100000000000000000000000000000000000000000000000010010001110001100
100111101010001011010100110101100000000000000000000000000000000000000000000000110001011110011111
100111101010001011010100110101100000000000000000000000000000000000000000000000010111001000000111
100111101010001011010100110101100000000000000000000000000000000000000000000000001100001011100100
100111101010001011010100110101100000000000000000000000000000000000000000000000101010110011101101
